Unnamed: 0,DESTPORT,PROTOCOL,SERVICE,INDEX_COLUMN
0,8080,UDP,TELNET,0
1,137,TCP,RDP,1
2,3128,UDP,ZABBIX,2
3,1344,TCP,NETBIOS,3
4,5432,TCP,SSH,4
5,137,UDP,XMPP,5
6,1433,TCP,MSSQL,6
7,587,TCP,RDP,7
8,23,TCP,VNC,8
9,6969,UDP,DAAPD,9
10,587,TCP,PGSQL,10
11,500,UDP,RDP,11
12,443,TCP,HTTPS,12
13,3689,UDP,IMAP4,13
14,53,UDP,DNS,14
15,5432,UDP,ACMSODA,15
16,5900,UDP,EMS,16
17,443,TCP,HTTPS,17
18,23,UDP,SIP,18
19,161,UDP,SSH,19
20,587,TCP,RDP,20
21,22,UDP,SNMP,21
22,587,UDP,IRDMI,22
23,587,UDP,IRDMI,23
24,445,UDP,DNS,24
25,3689,UDP,TELNET,25
26,5060,TCP,IMAP4,26
27,500,UDP,DAAPD,27
28,6969,TCP,IMAP4,28
29,21,TCP,FTP,29
30,8000,UDP,HPSERVICE,30
31,443,UDP,TELNET,31
32,1433,TCP,EMS,32
33,5432,UDP,MSSQL,33
34,10051,UDP,SIP,34
35,5900,UDP,NETBIOS,35
36,53,UDP,DNS,36
37,443,TCP,UBIQUITY,37
38,500,TCP,SSH,38
39,3128,TCP,SNMP,39
40,161,UDP,UBIQUITY,40
41,21,UDP,ISAKMP,41
42,3689,TCP,TELNET,42
43,53,UDP,HTTP,43
44,1433,TCP,XMPP,44
45,500,TCP,DNS,45
46,5222,UDP,SSH,46
47,23,TCP,RDP,47
48,80,TCP,HTTP,48
49,445,UDP,DNS,49
50,587,UDP,RDP,50
51,443,TCP,HTTPS,51
52,443,TCP,VNC,52
53,1433,TCP,PGSQL,53
54,10051,TCP,UBIQUITY,54
55,3389,UDP,SNMP,55
56,9100,TCP,SSH,56
57,443,TCP,HTTPS,57
58,21,UDP,HTTPS,58
59,3128,UDP,ICAP,59
60,5900,UDP,ICAP,60
61,21,UDP,XMPP,61
62,8000,UDP,SIP,62
63,137,TCP,ICAP,63
64,23,UDP,TELNET,64
65,443,TCP,HTTPS,65
66,1433,TCP,MSSQL,66
67,3689,UDP,FTP,67
68,5222,UDP,SSH,68
69,445,UDP,MDS,69
70,443,TCP,HTTPS,70
71,10001,UDP,SSH,71
72,5060,TCP,IMAP4,72
73,993,TCP,RDP,73
74,10051,UDP,HTTPS,74
75,10001,TCP,EMS,75
76,443,TCP,HTTPS,76
77,5432,UDP,DNS,77
78,138,TCP,IRDMI,78
79,5222,UDP,SSH,79
80,5222,TCP,HTTPS,80
81,500,TCP,PGSQL,81
82,1344,UDP,EMS,82
83,1433,TCP,ZABBIX,83
84,3689,TCP,TELNET,84
85,138,TCP,ISAKMP,85
86,21,UDP,SSH,86
87,443,UDP,HTTPS,87
88,22,UDP,PGSQL,88
89,53,UDP,DNS,89
90,443,TCP,HTTPS,90
91,8080,UDP,ACMSODA,91
92,8000,TCP,SIP,92
93,443,TCP,HTTPS,93
94,80,TCP,HTTP,94
95,6969,TCP,SNMP,95
96,500,UDP,DAAPD,96
97,445,UDP,DNS,97
98,500,UDP,XMPP,98
99,138,TCP,IRDMI,99
100,138,UDP,UBIQUITY,100
101,138,TCP,IRDMI,101
102,1344,TCP,NETBIOS,102
103,500,UDP,TELNET,103
104,445,TCP,SSH,104
105,6969,UDP,DNS,105
106,5060,TCP,NETBIOS,106
107,53,UDP,ISAKMP,107
108,500,UDP,NETBIOS,108
109,1433,TCP,PGSQL,109
110,23,UDP,XMPP,110
111,10051,UDP,MSSQL,111
112,53,UDP,DNS,112
113,161,UDP,SSH,113
114,5432,UDP,ACMSODA,114
115,443,TCP,HTTPS,115
116,8000,TCP,SIP,116
117,5060,UDP,HTTPS,117
118,6969,TCP,IMAP4,118
119,10001,UDP,FTP,119
120,10001,UDP,SSH,120
121,5432,TCP,DAAPD,121
122,21,TCP,DAAPD,122
123,587,UDP,XMPP,123
124,3689,TCP,SSH,124
125,3689,TCP,HPSERVICE,125
126,5060,TCP,ACMSODA,126
127,443,UDP,FTP,127
128,5432,TCP,DAAPD,128
129,21,TCP,FTP,129
130,443,TCP,UBIQUITY,130
131,443,TCP,HTTPS,131
132,23,TCP,HPSERVICE,132
133,9100,TCP,IRDMI,133
134,23,UDP,FTP,134
135,1344,TCP,TELNET,135
136,1433,TCP,MDS,136
137,6969,TCP,ISAKMP,137
138,138,TCP,ICAP,138
139,22,UDP,VNC,139
140,443,TCP,UBIQUITY,140
141,5432,UDP,ISAKMP,141
142,8080,UDP,TELNET,142
143,5432,TCP,RDP,143
144,5060,TCP,NETBIOS,144
145,21,UDP,ACMSODA,145
146,161,UDP,UBIQUITY,146
147,8080,UDP,HTTP,147
148,161,UDP,SSH,148
149,161,UDP,PGSQL,149
150,500,TCP,ICAP,150
151,161,UDP,UBIQUITY,151
152,6969,TCP,SNMP,152
153,587,TCP,RDP,153
154,3389,TCP,HTTPS,154
155,161,TCP,IMAP4,155
156,3128,UDP,IMAP4,156
157,5432,UDP,IMAP4,157
158,10001,TCP,EMS,158
159,8080,TCP,MSSQL,159
160,161,TCP,TELNET,160
161,3689,TCP,ICAP,161
162,500,UDP,NETBIOS,162
163,443,TCP,HTTPS,163
164,443,TCP,HTTPS,164
165,993,TCP,SSH,165
166,1433,TCP,SSH,166
167,993,UDP,PGSQL,167
168,21,UDP,ACMSODA,168
169,53,UDP,DNS,169
170,443,TCP,HTTPS,170
171,80,TCP,HTTP,171
172,10001,UDP,DAAPD,172
173,22,TCP,UBIQUITY,173
174,161,TCP,TELNET,174
175,3389,UDP,DNS,175
176,22,TCP,VNC,176
177,587,UDP,TELNET,177
178,10001,TCP,MDS,178
179,6969,TCP,ZABBIX,179
180,443,UDP,SNMP,180
181,5060,UDP,DAAPD,181
182,443,TCP,HTTPS,182
183,587,TCP,PGSQL,183
184,23,UDP,SIP,184
185,445,TCP,MDS,185
186,53,TCP,MSSQL,186
187,23,TCP,HPSERVICE,187
188,443,TCP,HTTPS,188
189,5900,TCP,MDS,189
190,3689,TCP,HTTP,190
191,53,UDP,ISAKMP,191
192,21,TCP,IRDMI,192
193,5900,TCP,RDP,193
194,443,TCP,HTTPS,194
195,6969,UDP,RDP,195
196,5432,TCP,RDP,196
197,21,UDP,ACMSODA,197
198,10001,UDP,DAAPD,198
199,5900,UDP,DAAPD,199
200,22,UDP,SNMP,200
201,8000,UDP,UBIQUITY,201
202,445,UDP,IMAP4,202
203,10051,UDP,MSSQL,203
204,8080,TCP,ACMSODA,204
205,1433,UDP,ACMSODA,205
206,8080,TCP,EMS,206
207,161,UDP,UBIQUITY,207
208,993,UDP,ISAKMP,208
209,5222,TCP,SNMP,209
210,5060,UDP,FTP,210
211,443,TCP,HTTPS,211
212,587,UDP,RDP,212
213,23,TCP,HPSERVICE,213
214,6969,TCP,ISAKMP,214
215,23,UDP,SIP,215
216,443,TCP,HTTPS,216
217,5432,TCP,PGSQL,217
218,1433,UDP,ZABBIX,218
219,5061,TCP,XMPP,219
220,500,TCP,SSH,220
221,993,UDP,TELNET,221
222,443,TCP,HTTPS,222
223,587,TCP,SIP,223
224,21,TCP,FTP,224
225,1433,TCP,MSSQL,225
226,443,TCP,HTTPS,226
227,993,UDP,PGSQL,227
228,53,UDP,DNS,228
229,5900,UDP,SSH,229
230,5432,TCP,DAAPD,230
231,21,UDP,MSSQL,231
232,5061,UDP,TELNET,232
233,500,UDP,RDP,233
234,587,UDP,IRDMI,234
235,500,TCP,HTTPS,235
236,5061,TCP,ACMSODA,236
237,8000,UDP,HTTP,237
238,5061,UDP,SNMP,238
239,445,TCP,SSH,239
240,3689,UDP,SSH,240
241,5061,TCP,VNC,241
242,5900,UDP,TELNET,242
243,1433,UDP,ZABBIX,243
244,445,UDP,MDS,244
245,5900,TCP,RDP,245
246,3389,UDP,SNMP,246
247,445,UDP,HTTPS,247
248,1433,UDP,XMPP,248
249,443,TCP,IMAP4,249
250,23,TCP,IMAP4,250
251,5900,TCP,PGSQL,251
252,21,TCP,FTP,252
253,443,TCP,HTTPS,253
254,53,UDP,DNS,254
255,137,UDP,VNC,255
256,5432,UDP,ICAP,256
257,443,TCP,HTTPS,257
258,5432,UDP,HTTPS,258
259,3689,TCP,HTTP,259
260,993,UDP,TELNET,260
261,3128,UDP,HPSERVICE,261
262,80,UDP,SNMP,262
263,443,TCP,HTTPS,263
264,993,UDP,DAAPD,264
265,6969,UDP,SNMP,265
266,587,UDP,XMPP,266
267,1433,TCP,PGSQL,267
268,23,TCP,HPSERVICE,268
269,1344,UDP,SSH,269
270,443,TCP,HTTPS,270
271,80,TCP,HPSERVICE,271
272,500,UDP,TELNET,272
273,21,UDP,FTP,273
274,53,UDP,DNS,274
275,993,TCP,UBIQUITY,275
276,500,UDP,DAAPD,276
277,161,UDP,PGSQL,277
278,443,TCP,HTTPS,278
279,22,UDP,VNC,279
280,138,UDP,UBIQUITY,280
281,443,TCP,DAAPD,281
282,443,TCP,HTTPS,282
283,443,TCP,HTTPS,283
284,138,UDP,IMAP4,284
285,443,TCP,HTTPS,285
286,9100,TCP,RDP,286
287,5222,TCP,XMPP,287
288,138,UDP,IRDMI,288
289,3689,UDP,VNC,289
290,443,TCP,UBIQUITY,290
291,1433,UDP,ACMSODA,291
292,22,TCP,IMAP4,292
293,587,TCP,RDP,293
294,53,UDP,DNS,294
295,1433,TCP,IMAP4,295
296,53,UDP,DNS,296
297,500,UDP,ICAP,297
298,3389,UDP,ZABBIX,298
299,137,TCP,PGSQL,299
300,1344,TCP,TELNET,300
301,443,TCP,HTTPS,301
302,22,TCP,SSH,302
303,23,TCP,FTP,303
304,10001,UDP,FTP,304
305,5900,TCP,MSSQL,305
306,161,UDP,SSH,306
307,5061,UDP,TELNET,307
308,5432,TCP,RDP,308
309,22,TCP,VNC,309
310,5060,TCP,ACMSODA,310
311,5060,UDP,TELNET,311
312,53,UDP,DNS,312
313,445,UDP,UBIQUITY,313
314,445,TCP,TELNET,314
315,3128,UDP,ICAP,315
316,443,TCP,HTTPS,316
317,9100,TCP,RDP,317
318,500,UDP,DAAPD,318
319,9100,UDP,MDS,319
320,161,UDP,SIP,320
321,53,UDP,DNS,321
322,53,UDP,DNS,322
323,3389,UDP,IRDMI,323
324,587,TCP,PGSQL,324
325,5432,UDP,ICAP,325
326,5432,UDP,VNC,326
327,3689,UDP,UBIQUITY,327
328,587,TCP,MDS,328
329,23,UDP,TELNET,329
330,443,TCP,HTTPS,330
331,21,TCP,FTP,331
332,80,TCP,HTTP,332
333,138,TCP,ACMSODA,333
334,587,UDP,IRDMI,334
335,5060,UDP,FTP,335
336,53,UDP,ZABBIX,336
337,21,UDP,XMPP,337
338,53,UDP,NETBIOS,338
339,993,UDP,DAAPD,339
340,3689,TCP,HTTP,340
341,80,TCP,HTTP,341
342,5900,UDP,MSSQL,342
343,8000,TCP,ICAP,343
344,3389,UDP,SNMP,344
345,1433,UDP,XMPP,345
346,587,UDP,EMS,346
347,5432,UDP,ISAKMP,347
348,443,UDP,HTTPS,348
349,23,TCP,HPSERVICE,349
350,10001,UDP,NETBIOS,350
351,9100,UDP,PGSQL,351
352,21,UDP,ACMSODA,352
353,443,TCP,HTTPS,353
354,500,UDP,RDP,354
355,5900,TCP,RDP,355
356,80,UDP,DAAPD,356
357,443,TCP,IMAP4,357
358,6969,UDP,SNMP,358
359,3128,TCP,SSH,359
360,5061,TCP,VNC,360
361,3689,UDP,TELNET,361
362,443,TCP,HTTPS,362
363,137,TCP,FTP,363
364,3128,UDP,ZABBIX,364
365,443,TCP,HTTPS,365
366,10051,TCP,ISAKMP,366
367,587,TCP,RDP,367
368,993,UDP,DAAPD,368
369,3128,UDP,IRDMI,369
370,443,TCP,HTTPS,370
371,445,UDP,IMAP4,371
372,80,UDP,ZABBIX,372
373,3389,TCP,UBIQUITY,373
374,5060,TCP,NETBIOS,374
375,443,TCP,HTTPS,375
376,5432,UDP,HTTPS,376
377,22,TCP,HTTP,377
378,3689,UDP,SNMP,378
379,3689,UDP,MDS,379
380,5060,TCP,ACMSODA,380
381,443,TCP,HTTPS,381
382,3689,TCP,HPSERVICE,382
383,993,TCP,DNS,383
384,3689,UDP,SSH,384
385,5061,TCP,VNC,385
386,587,UDP,EMS,386
387,5060,TCP,SIP,387
388,993,TCP,RDP,388
389,53,UDP,DNS,389
390,53,UDP,DNS,390
391,1344,TCP,NETBIOS,391
392,5900,UDP,UBIQUITY,392
393,3389,UDP,SNMP,393
394,443,TCP,IMAP4,394
395,5222,TCP,HTTPS,395
396,22,TCP,HTTP,396
397,993,UDP,TELNET,397
398,443,TCP,HTTPS,398
399,80,UDP,XMPP,399
400,500,TCP,DNS,400
401,587,UDP,FTP,401
402,443,TCP,HTTPS,402
403,1344,TCP,TELNET,403
404,6969,TCP,SIP,404
405,10051,TCP,ISAKMP,405
406,1433,TCP,MDS,406
407,10001,UDP,SSH,407
408,5432,UDP,HTTPS,408
409,23,TCP,EMS,409
410,9100,UDP,ZABBIX,410
411,5060,UDP,MSSQL,411
412,5432,UDP,ICAP,412
413,5900,UDP,MSSQL,413
414,10001,UDP,DAAPD,414
415,53,UDP,NETBIOS,415
416,21,UDP,XMPP,416
417,443,TCP,HTTPS,417
418,53,UDP,DNS,418
419,5900,UDP,EMS,419
420,80,TCP,HTTP,420
421,443,TCP,HTTPS,421
422,993,TCP,SSH,422
423,80,TCP,HTTP,423
424,161,TCP,TELNET,424
425,22,TCP,UBIQUITY,425
426,23,UDP,TELNET,426
427,5222,TCP,HTTPS,427
428,443,TCP,UBIQUITY,428
429,445,TCP,PGSQL,429
430,500,UDP,TELNET,430
431,6969,UDP,DNS,431
432,5432,TCP,XMPP,432
433,993,UDP,PGSQL,433
434,1344,UDP,HTTPS,434
435,6969,TCP,IMAP4,435
436,137,UDP,XMPP,436
437,587,UDP,HTTP,437
438,21,UDP,ICAP,438
439,6969,TCP,SNMP,439
440,21,TCP,FTP,440
441,137,TCP,DAAPD,441
442,137,TCP,HTTP,442
443,10051,UDP,MDS,443
444,3389,TCP,HPSERVICE,444
445,10051,UDP,SIP,445
446,3128,TCP,HTTP,446
447,445,TCP,SSH,447
448,587,UDP,EMS,448
449,5900,TCP,ZABBIX,449
450,138,TCP,IRDMI,450
451,445,UDP,DNS,451
452,137,UDP,DNS,452
453,23,TCP,VNC,453
454,1344,TCP,NETBIOS,454
455,5900,UDP,SIP,455
456,161,TCP,RDP,456
457,443,UDP,IRDMI,457
458,80,TCP,HTTP,458
459,5222,TCP,XMPP,459
460,5900,UDP,DAAPD,460
461,53,UDP,FTP,461
462,5060,TCP,FTP,462
463,10001,UDP,DAAPD,463
464,22,TCP,VNC,464
465,443,TCP,HTTPS,465
466,445,UDP,TELNET,466
467,53,UDP,DNS,467
468,5060,UDP,SSH,468
469,9100,UDP,MDS,469
470,21,TCP,IMAP4,470
471,80,TCP,HTTP,471
472,5432,UDP,ICAP,472
473,443,UDP,HTTPS,473
474,993,TCP,NETBIOS,474
475,22,UDP,SNMP,475
476,3389,UDP,IRDMI,476
477,23,TCP,RDP,477
478,5432,UDP,ACMSODA,478
479,443,TCP,HTTPS,479
480,5061,UDP,PGSQL,480
481,443,TCP,HTTPS,481
482,23,TCP,VNC,482
483,445,UDP,UBIQUITY,483
484,9100,UDP,IRDMI,484
485,10001,UDP,ZABBIX,485
486,443,TCP,RDP,486
487,3389,UDP,SNMP,487
488,445,TCP,HPSERVICE,488
489,1344,TCP,UBIQUITY,489
490,443,TCP,HTTPS,490
491,993,TCP,PGSQL,491
492,443,TCP,HTTPS,492
493,5900,UDP,MDS,493
494,443,UDP,MDS,494
495,53,TCP,SNMP,495
496,9100,TCP,IRDMI,496
497,8000,TCP,ICAP,497
498,5060,TCP,ICAP,498
499,5432,UDP,DNS,499
500,53,UDP,MDS,500
501,5060,UDP,MSSQL,501
502,6969,TCP,ACMSODA,502
503,137,TCP,HTTPS,503
504,3389,UDP,RDP,504
505,443,TCP,HTTPS,505
506,1344,TCP,NETBIOS,506
507,5900,UDP,HTTP,507
508,21,TCP,IMAP4,508
509,3689,TCP,HTTP,509
510,6969,UDP,MDS,510
511,3689,TCP,HPSERVICE,511
512,443,TCP,HTTPS,512
513,443,UDP,DAAPD,513
514,5222,TCP,HTTPS,514
515,1344,UDP,ICAP,515
516,10001,UDP,PGSQL,516
517,21,TCP,NETBIOS,517
518,443,TCP,HTTPS,518
519,445,UDP,IMAP4,519
520,443,TCP,HTTPS,520
521,9100,TCP,SNMP,521
522,3389,TCP,UBIQUITY,522
523,161,UDP,FTP,523
524,500,UDP,RDP,524
525,80,UDP,ZABBIX,525
526,443,TCP,HPSERVICE,526
527,445,TCP,MDS,527
528,23,TCP,VNC,528
529,3128,UDP,MSSQL,529
530,5900,UDP,NETBIOS,530
531,5900,UDP,SSH,531
532,53,UDP,DNS,532
533,443,TCP,HTTPS,533
534,443,TCP,HTTPS,534
535,443,UDP,DAAPD,535
536,5060,TCP,ACMSODA,536
537,137,TCP,ACMSODA,537
538,3128,UDP,ICAP,538
539,5432,UDP,HTTPS,539
540,5222,TCP,TELNET,540
541,445,UDP,DNS,541
542,6969,UDP,ZABBIX,542
543,5432,TCP,DAAPD,543
544,443,TCP,DNS,544
545,3689,UDP,MSSQL,545
546,5432,TCP,ZABBIX,546
547,8000,TCP,MSSQL,547
548,10051,UDP,DNS,548
549,1433,TCP,UBIQUITY,549
550,23,TCP,HPSERVICE,550
551,10001,TCP,MDS,551
552,443,TCP,HTTPS,552
553,443,TCP,TELNET,553
554,443,UDP,DAAPD,554
555,5061,UDP,ACMSODA,555
556,138,TCP,IRDMI,556
557,80,TCP,PGSQL,557
558,1433,TCP,PGSQL,558
559,10001,TCP,UBIQUITY,559
560,3128,UDP,ICAP,560
561,10001,UDP,SSH,561
562,587,UDP,FTP,562
563,5432,TCP,ACMSODA,563
564,443,TCP,HTTPS,564
565,53,UDP,XMPP,565
566,443,TCP,HTTPS,566
567,22,UDP,MSSQL,567
568,445,UDP,MDS,568
569,138,TCP,IRDMI,569
570,5432,UDP,MSSQL,570
571,443,TCP,HTTPS,571
572,443,TCP,HTTPS,572
573,5432,UDP,ICAP,573
574,9100,UDP,PGSQL,574
575,500,UDP,ICAP,575
576,23,TCP,IMAP4,576
577,8000,UDP,DNS,577
578,587,TCP,ACMSODA,578
579,445,UDP,SNMP,579
580,443,TCP,HTTPS,580
581,443,TCP,HTTPS,581
582,53,UDP,DNS,582
583,23,UDP,MDS,583
584,500,UDP,SNMP,584
585,443,TCP,HTTPS,585
586,5900,UDP,ICAP,586
587,993,UDP,TELNET,587
588,587,UDP,XMPP,588
589,993,TCP,ISAKMP,589
590,80,TCP,HTTP,590
591,3689,TCP,TELNET,591
592,500,UDP,DAAPD,592
593,5060,UDP,RDP,593
594,9100,TCP,VNC,594
595,587,TCP,RDP,595
596,443,TCP,HTTPS,596
597,443,UDP,TELNET,597
598,5432,UDP,DNS,598
599,53,UDP,HTTP,599
600,5900,UDP,SSH,600
601,6969,TCP,HTTPS,601
602,1433,TCP,SNMP,602
603,23,TCP,IMAP4,603
604,53,UDP,DNS,604
605,5900,TCP,RDP,605
606,53,UDP,DNS,606
607,443,TCP,HTTPS,607
608,3689,UDP,IRDMI,608
609,1433,UDP,ZABBIX,609
610,993,TCP,DNS,610
611,993,UDP,TELNET,611
612,1344,TCP,TELNET,612
613,8000,UDP,ZABBIX,613
614,1433,TCP,MDS,614
615,3389,UDP,RDP,615
616,21,TCP,FTP,616
617,5432,UDP,ACMSODA,617
618,3128,UDP,ZABBIX,618
619,22,UDP,IMAP4,619
620,443,TCP,HTTPS,620
621,443,TCP,HTTPS,621
622,1344,TCP,NETBIOS,622
623,1344,TCP,NETBIOS,623
624,161,UDP,SSH,624
625,443,TCP,HTTPS,625
626,3689,UDP,UBIQUITY,626
627,3389,UDP,SIP,627
628,3689,TCP,HPSERVICE,628
629,1344,TCP,TELNET,629
630,443,UDP,HPSERVICE,630
631,5432,UDP,ACMSODA,631
632,5900,TCP,MSSQL,632
633,161,TCP,RDP,633
634,23,TCP,VNC,634
635,443,TCP,HTTPS,635
636,443,TCP,HTTPS,636
637,3128,UDP,MSSQL,637
638,443,TCP,HTTPS,638
639,138,UDP,HPSERVICE,639
640,21,TCP,FTP,640
641,445,TCP,PGSQL,641
642,138,TCP,ACMSODA,642
643,5900,UDP,SSH,643
644,3389,TCP,IMAP4,644
645,21,TCP,FTP,645
646,8000,UDP,HTTP,646
647,443,TCP,HTTPS,647
648,500,TCP,PGSQL,648
649,21,UDP,UBIQUITY,649
650,443,TCP,HTTPS,650
651,53,UDP,XMPP,651
652,80,TCP,EMS,652
653,21,TCP,FTP,653
654,443,TCP,HTTPS,654
655,5432,TCP,DAAPD,655
656,3128,UDP,SNMP,656
657,443,TCP,HTTPS,657
658,443,TCP,HTTPS,658
659,53,UDP,DNS,659
660,443,TCP,HTTPS,660
661,5900,UDP,TELNET,661
662,5432,TCP,VNC,662
663,500,UDP,TELNET,663
664,443,TCP,HTTPS,664
665,5900,TCP,MSSQL,665
666,8080,UDP,SSH,666
667,500,UDP,RDP,667
668,5061,TCP,MDS,668
669,5900,UDP,SIP,669
670,5432,TCP,DAAPD,670
671,1433,TCP,PGSQL,671
672,8080,TCP,ACMSODA,672
673,443,TCP,RDP,673
674,8080,UDP,TELNET,674
675,443,TCP,UBIQUITY,675
676,587,TCP,RDP,676
677,138,UDP,IRDMI,677
678,5432,TCP,ZABBIX,678
679,445,TCP,TELNET,679
680,22,UDP,VNC,680
681,1433,UDP,ACMSODA,681
682,9100,TCP,IRDMI,682
683,5060,TCP,SIP,683
684,445,UDP,HTTP,684
685,993,UDP,MDS,685
686,6969,TCP,HTTPS,686
687,445,UDP,SNMP,687
688,993,UDP,PGSQL,688
689,443,TCP,RDP,689
690,53,UDP,DNS,690
691,8080,UDP,ICAP,691
692,5900,TCP,RDP,692
693,10051,UDP,SIP,693
694,443,TCP,HTTPS,694
695,53,UDP,XMPP,695
696,3689,TCP,TELNET,696
697,443,TCP,HTTPS,697
698,138,UDP,IRDMI,698
699,22,UDP,NETBIOS,699
700,3128,UDP,ICAP,700
701,443,TCP,HTTPS,701
702,22,UDP,ISAKMP,702
703,138,UDP,HPSERVICE,703
704,8000,TCP,MSSQL,704
705,443,TCP,HTTPS,705
706,3128,UDP,ICAP,706
707,80,TCP,HTTP,707
708,23,TCP,RDP,708
709,137,TCP,HTTPS,709
710,10051,UDP,SIP,710
711,22,TCP,IMAP4,711
712,587,UDP,EMS,712
713,8080,TCP,MSSQL,713
714,80,UDP,VNC,714
715,443,TCP,HTTPS,715
716,23,UDP,XMPP,716
717,3389,TCP,MSSQL,717
718,161,TCP,IRDMI,718
719,587,TCP,ACMSODA,719
720,5222,TCP,EMS,720
721,10001,UDP,ICAP,721
722,137,UDP,IRDMI,722
723,10051,UDP,PGSQL,723
724,23,UDP,MDS,724
725,21,UDP,ACMSODA,725
726,443,TCP,UBIQUITY,726
727,6969,UDP,ZABBIX,727
728,443,UDP,FTP,728
729,23,UDP,SIP,729
730,138,TCP,DNS,730
731,1344,UDP,MDS,731
732,80,TCP,HTTP,732
733,138,TCP,ACMSODA,733
734,22,UDP,MSSQL,734
735,443,TCP,HTTPS,735
736,53,TCP,MSSQL,736
737,5900,UDP,HTTP,737
738,53,UDP,DNS,738
739,1344,UDP,HTTP,739
740,445,UDP,SNMP,740
741,587,TCP,PGSQL,741
742,80,UDP,HTTP,742
743,8000,UDP,ZABBIX,743
744,10001,TCP,EMS,744
745,21,TCP,FTP,745
746,3689,UDP,FTP,746
747,3689,TCP,XMPP,747
748,6969,UDP,ACMSODA,748
749,443,TCP,HTTPS,749
750,161,UDP,SSH,750
751,5060,UDP,TELNET,751
752,993,TCP,NETBIOS,752
753,10051,UDP,SIP,753
754,587,UDP,RDP,754
755,22,UDP,ACMSODA,755
756,21,TCP,MDS,756
757,3389,TCP,HTTPS,757
758,53,UDP,DNS,758
759,10001,UDP,TELNET,759
760,1433,TCP,SSH,760
761,53,UDP,XMPP,761
762,443,TCP,UBIQUITY,762
763,161,TCP,RDP,763
764,9100,UDP,MDS,764
765,587,UDP,RDP,765
766,161,UDP,IRDMI,766
767,22,UDP,SIP,767
768,138,TCP,XMPP,768
769,5222,TCP,SNMP,769
770,10051,UDP,HTTPS,770
771,993,UDP,PGSQL,771
772,5432,TCP,RDP,772
773,10001,TCP,ZABBIX,773
774,5060,UDP,EMS,774
775,23,TCP,DNS,775
776,21,UDP,HTTPS,776
777,443,TCP,HTTPS,777
778,443,TCP,HTTPS,778
779,5432,UDP,FTP,779
780,21,TCP,FTP,780
781,3689,TCP,ICAP,781
782,9100,UDP,NETBIOS,782
783,8080,TCP,FTP,783
784,5900,UDP,MSSQL,784
785,53,UDP,DNS,785
786,23,TCP,HPSERVICE,786
787,500,UDP,RDP,787
788,443,TCP,HTTPS,788
789,138,TCP,IRDMI,789
790,443,TCP,HTTPS,790
791,443,TCP,RDP,791
792,5060,UDP,RDP,792
793,22,UDP,ACMSODA,793
794,5900,UDP,MSSQL,794
795,443,TCP,HTTPS,795
796,443,TCP,HTTPS,796
797,500,TCP,DNS,797
798,10051,TCP,SIP,798
799,23,TCP,VNC,799
800,1433,UDP,DAAPD,800
801,993,TCP,DNS,801
802,443,TCP,UBIQUITY,802
803,22,UDP,SIP,803
804,138,TCP,IRDMI,804
805,1433,TCP,MDS,805
806,3689,UDP,VNC,806
807,443,TCP,HTTPS,807
808,9100,UDP,IRDMI,808
809,5900,TCP,SNMP,809
810,993,UDP,TELNET,810
811,53,UDP,DNS,811
812,5060,UDP,FTP,812
813,443,TCP,HTTPS,813
814,22,TCP,SSH,814
815,10001,UDP,ICAP,815
816,443,TCP,VNC,816
817,5060,UDP,MSSQL,817
818,23,TCP,FTP,818
819,5900,TCP,MSSQL,819
820,8080,UDP,ISAKMP,820
821,21,UDP,XMPP,821
822,443,TCP,HTTPS,822
823,3689,TCP,SSH,823
824,443,TCP,TELNET,824
825,137,TCP,XMPP,825
826,3389,UDP,PGSQL,826
827,138,TCP,SSH,827
828,53,UDP,DNS,828
829,10051,UDP,VNC,829
830,445,UDP,DAAPD,830
831,3689,TCP,ICAP,831
832,5222,UDP,EMS,832
833,80,TCP,HTTP,833
834,8000,TCP,UBIQUITY,834
835,22,UDP,SIP,835
836,445,UDP,DAAPD,836
837,993,TCP,SSH,837
838,5222,TCP,EMS,838
839,8080,TCP,HTTP,839
840,80,TCP,HTTPS,840
841,1433,TCP,VNC,841
842,443,TCP,HTTPS,842
843,53,UDP,DNS,843
844,587,TCP,RDP,844
845,53,TCP,MSSQL,845
846,21,TCP,FTP,846
847,443,TCP,HTTPS,847
848,445,UDP,DNS,848
849,1433,UDP,MDS,849
850,443,UDP,HPSERVICE,850
851,21,UDP,MSSQL,851
852,443,TCP,HTTPS,852
853,80,TCP,HTTP,853
854,5900,UDP,ICAP,854
855,445,UDP,DAAPD,855
856,443,TCP,HTTPS,856
857,3128,UDP,ZABBIX,857
858,5061,TCP,ACMSODA,858
859,3689,TCP,HTTP,859
860,8000,TCP,SSH,860
861,137,TCP,DAAPD,861
862,137,TCP,XMPP,862
863,6969,TCP,DNS,863
864,445,TCP,MDS,864
865,22,UDP,VNC,865
866,5432,UDP,MSSQL,866
867,3389,TCP,EMS,867
868,5900,UDP,SSH,868
869,587,UDP,FTP,869
870,445,UDP,SNMP,870
871,80,UDP,HTTP,871
872,138,UDP,IRDMI,872
873,138,TCP,DNS,873
874,3389,TCP,MSSQL,874
875,1433,TCP,EMS,875
876,1344,TCP,UBIQUITY,876
877,500,TCP,DNS,877
878,80,UDP,ZABBIX,878
879,587,UDP,ISAKMP,879
880,5222,UDP,SSH,880
881,5900,TCP,FTP,881
882,5060,UDP,MSSQL,882
883,8080,TCP,FTP,883
884,137,TCP,HTTPS,884
885,80,UDP,SNMP,885
886,3689,TCP,XMPP,886
887,993,TCP,UBIQUITY,887
888,161,TCP,IRDMI,888
889,80,TCP,FTP,889
890,5222,UDP,SSH,890
891,443,TCP,HTTPS,891
892,1433,TCP,HTTPS,892
893,500,UDP,FTP,893
894,3689,UDP,FTP,894
895,9100,TCP,SNMP,895
896,587,TCP,ACMSODA,896
897,21,TCP,FTP,897
898,1344,TCP,SNMP,898
899,80,TCP,FTP,899
900,1433,UDP,SSH,900
901,443,TCP,HTTPS,901
902,993,TCP,RDP,902
903,443,TCP,HTTPS,903
904,500,TCP,IMAP4,904
905,587,UDP,XMPP,905
906,137,TCP,ISAKMP,906
907,1344,TCP,TELNET,907
908,3689,TCP,HTTP,908
909,21,TCP,FTP,909
910,21,TCP,IMAP4,910
911,3128,UDP,VNC,911
912,443,TCP,HTTPS,912
913,5222,TCP,ICAP,913
914,21,TCP,IMAP4,914
915,161,UDP,IRDMI,915
916,80,UDP,DAAPD,916
917,3389,TCP,MSSQL,917
918,9100,UDP,SIP,918
919,5432,UDP,ICAP,919
920,443,TCP,HTTPS,920
921,80,UDP,ZABBIX,921
922,5900,TCP,SNMP,922
923,5900,TCP,RDP,923
924,443,TCP,HTTPS,924
925,161,TCP,RDP,925
926,5900,UDP,EMS,926
927,443,TCP,HTTPS,927
928,5061,UDP,HTTPS,928
929,500,UDP,DAAPD,929
930,80,TCP,HTTP,930
931,23,UDP,SIP,931
932,1344,TCP,DAAPD,932
933,3389,TCP,MSSQL,933
934,10051,UDP,DNS,934
935,8000,UDP,SIP,935
936,443,UDP,MDS,936
937,5060,TCP,ACMSODA,937
938,8000,TCP,UBIQUITY,938
939,443,TCP,HTTPS,939
940,1344,TCP,TELNET,940
941,6969,UDP,DAAPD,941
942,9100,UDP,NETBIOS,942
943,5432,TCP,XMPP,943
944,5900,UDP,MSSQL,944
945,3128,UDP,SNMP,945
946,21,TCP,FTP,946
947,3128,UDP,IRDMI,947
948,5900,UDP,TELNET,948
949,3128,UDP,IRDMI,949
950,443,UDP,TELNET,950
951,80,TCP,MSSQL,951
952,3128,TCP,UBIQUITY,952
953,161,UDP,SNMP,953
954,5432,UDP,ISAKMP,954
955,5061,UDP,TELNET,955
956,80,TCP,HTTP,956
957,5061,UDP,ACMSODA,957
958,53,UDP,DNS,958
959,3689,TCP,XMPP,959
960,10051,UDP,MSSQL,960
961,587,UDP,EMS,961
962,443,TCP,DNS,962
963,443,TCP,HTTPS,963
964,1433,UDP,ACMSODA,964
965,161,UDP,SNMP,965
966,1344,TCP,ISAKMP,966
967,6969,TCP,ACMSODA,967
968,9100,TCP,IMAP4,968
969,3689,UDP,FTP,969
970,138,TCP,SSH,970
971,443,TCP,HTTPS,971
972,443,TCP,HTTPS,972
973,5900,UDP,FTP,973
974,80,TCP,HTTP,974
975,993,TCP,NETBIOS,975
976,587,UDP,RDP,976
977,443,TCP,HTTPS,977
978,443,TCP,HTTPS,978
979,8080,UDP,SSH,979
980,3689,TCP,PGSQL,980
981,3689,UDP,TELNET,981
982,138,UDP,HPSERVICE,982
983,5060,TCP,IMAP4,983
984,993,UDP,RDP,984
985,443,TCP,HTTPS,985
986,5900,UDP,MSSQL,986
987,53,UDP,FTP,987
988,1433,TCP,MDS,988
989,53,UDP,SSH,989
990,993,UDP,DAAPD,990
991,80,TCP,FTP,991
992,53,UDP,DNS,992
993,9100,TCP,SSH,993
994,22,TCP,HPSERVICE,994
995,443,TCP,HTTPS,995
996,5222,TCP,HTTPS,996
997,8080,TCP,FTP,997
998,161,UDP,PGSQL,998
999,8080,TCP,EMS,999
1000,53,UDP,DNS,1000
1001,443,TCP,HTTPS,1001
1002,8080,TCP,ZABBIX,1002
1003,443,TCP,HTTPS,1003
1004,5432,TCP,RDP,1004
1005,443,TCP,HTTPS,1005
1006,161,TCP,IMAP4,1006
1007,443,TCP,HTTPS,1007
1008,5222,UDP,RDP,1008
1009,3689,UDP,MSSQL,1009
1010,443,TCP,HTTPS,1010
1011,138,UDP,MDS,1011
1012,10001,UDP,TELNET,1012
1013,137,TCP,PGSQL,1013
1014,587,UDP,IRDMI,1014
1015,3689,TCP,HTTP,1015
1016,443,TCP,HTTPS,1016
1017,443,TCP,HTTPS,1017
1018,500,UDP,DAAPD,1018
1019,5061,UDP,PGSQL,1019
1020,500,UDP,XMPP,1020
1021,137,TCP,RDP,1021
1022,993,UDP,PGSQL,1022
1023,443,UDP,HTTPS,1023
1024,5061,UDP,SNMP,1024
1025,443,TCP,HTTPS,1025
1026,500,UDP,RDP,1026
1027,8080,TCP,MSSQL,1027
1028,3389,TCP,SSH,1028
1029,443,TCP,HTTPS,1029
1030,5432,UDP,ACMSODA,1030
1031,443,TCP,HTTPS,1031
1032,3128,UDP,ZABBIX,1032
1033,445,TCP,EMS,1033
1034,10001,UDP,PGSQL,1034
1035,137,TCP,HTTPS,1035
1036,10051,TCP,ISAKMP,1036
1037,443,TCP,HTTPS,1037
1038,5432,UDP,HTTPS,1038
1039,993,UDP,TELNET,1039
1040,3689,UDP,VNC,1040
1041,5060,TCP,NETBIOS,1041
1042,6969,UDP,ZABBIX,1042
1043,445,TCP,SSH,1043
1044,5900,UDP,MDS,1044
1045,443,TCP,HTTPS,1045
1046,5432,UDP,MSSQL,1046
1047,5060,UDP,DAAPD,1047
1048,443,TCP,HTTPS,1048
1049,500,TCP,IMAP4,1049
1050,5061,TCP,SNMP,1050
1051,5432,UDP,MSSQL,1051
1052,23,TCP,TELNET,1052
1053,1433,UDP,MSSQL,1053
1054,22,TCP,MSSQL,1054
1055,5222,TCP,TELNET,1055
1056,5900,UDP,MDS,1056
1057,3128,UDP,SNMP,1057
1058,445,UDP,MDS,1058
1059,587,TCP,MDS,1059
1060,445,UDP,HTTP,1060
1061,3128,UDP,ICAP,1061
1062,3689,UDP,MDS,1062
1063,443,TCP,HTTPS,1063
1064,138,TCP,IRDMI,1064
1065,21,TCP,IRDMI,1065
1066,445,UDP,TELNET,1066
1067,80,TCP,PGSQL,1067
1068,137,TCP,ACMSODA,1068
1069,443,TCP,HTTPS,1069
1070,10051,UDP,MDS,1070
1071,3689,TCP,HPSERVICE,1071
1072,137,TCP,XMPP,1072
1073,1344,TCP,HTTPS,1073
1074,22,TCP,UBIQUITY,1074
1075,5432,UDP,MSSQL,1075
1076,5222,TCP,EMS,1076
1077,80,UDP,ZABBIX,1077
1078,3689,UDP,SNMP,1078
1079,1433,TCP,PGSQL,1079
1080,587,UDP,RDP,1080
1081,53,UDP,HTTP,1081
1082,3689,TCP,PGSQL,1082
1083,3128,UDP,IRDMI,1083
1084,5900,UDP,HTTP,1084
1085,22,UDP,TELNET,1085
1086,1433,TCP,PGSQL,1086
1087,8000,TCP,SIP,1087
1088,6969,TCP,DNS,1088
1089,5900,UDP,FTP,1089
1090,6969,TCP,ZABBIX,1090
1091,3689,TCP,SSH,1091
1092,443,TCP,HTTPS,1092
1093,9100,TCP,RDP,1093
1094,22,TCP,HTTP,1094
1095,10051,UDP,SIP,1095
1096,161,TCP,XMPP,1096
1097,587,UDP,PGSQL,1097
1098,500,UDP,DAAPD,1098
1099,5060,TCP,ACMSODA,1099
1100,5061,TCP,XMPP,1100
1101,5222,TCP,ICAP,1101
1102,5060,TCP,MDS,1102
1103,993,UDP,TELNET,1103
1104,5900,UDP,EMS,1104
1105,9100,UDP,MDS,1105
1106,1433,UDP,ACMSODA,1106
1107,53,UDP,DNS,1107
1108,445,UDP,DNS,1108
1109,445,UDP,DNS,1109
1110,80,UDP,ZABBIX,1110
1111,443,TCP,HTTPS,1111
1112,443,TCP,HTTPS,1112
1113,80,UDP,VNC,1113
1114,993,UDP,SNMP,1114
1115,3128,UDP,ICAP,1115
1116,500,UDP,DAAPD,1116
1117,5432,UDP,ICAP,1117
1118,443,TCP,HTTPS,1118
1119,443,TCP,HTTPS,1119
1120,137,TCP,DAAPD,1120
1121,443,TCP,HTTPS,1121
1122,3128,UDP,SNMP,1122
1123,500,TCP,RDP,1123
1124,443,TCP,HTTPS,1124
1125,500,UDP,XMPP,1125
1126,443,TCP,HTTPS,1126
1127,3389,TCP,SSH,1127
1128,500,TCP,TELNET,1128
1129,5900,UDP,NETBIOS,1129
1130,80,UDP,ZABBIX,1130
1131,3689,TCP,SSH,1131
1132,80,UDP,ZABBIX,1132
1133,161,UDP,VNC,1133
1134,21,TCP,XMPP,1134
1135,443,TCP,HTTPS,1135
1136,22,TCP,UBIQUITY,1136
1137,161,TCP,DAAPD,1137
1138,587,UDP,HTTP,1138
1139,53,UDP,DNS,1139
1140,443,UDP,MDS,1140
1141,10051,UDP,PGSQL,1141
1142,443,TCP,IRDMI,1142
1143,1344,TCP,IMAP4,1143
1144,443,TCP,HTTPS,1144
1145,993,TCP,ISAKMP,1145
1146,3128,TCP,ACMSODA,1146
1147,5060,TCP,EMS,1147
1148,443,TCP,HTTPS,1148
1149,1344,TCP,EMS,1149
1150,443,TCP,HTTPS,1150
1151,5222,UDP,DNS,1151
1152,443,TCP,HTTPS,1152
1153,445,UDP,UBIQUITY,1153
1154,5900,TCP,PGSQL,1154
1155,3689,UDP,TELNET,1155
1156,3128,TCP,SSH,1156
1157,5222,TCP,TELNET,1157
1158,161,UDP,VNC,1158
1159,443,TCP,HTTPS,1159
1160,21,TCP,FTP,1160
1161,5061,UDP,DNS,1161
1162,443,TCP,HTTPS,1162
1163,9100,TCP,MDS,1163
1164,161,UDP,VNC,1164
1165,1433,TCP,EMS,1165
1166,993,TCP,UBIQUITY,1166
1167,5900,UDP,TELNET,1167
1168,5900,UDP,ISAKMP,1168
1169,443,TCP,HTTPS,1169
1170,5900,UDP,NETBIOS,1170
1171,5060,UDP,MSSQL,1171
1172,443,UDP,MDS,1172
1173,5061,TCP,ICAP,1173
1174,161,UDP,FTP,1174
1175,137,TCP,XMPP,1175
1176,3389,TCP,SSH,1176
1177,587,UDP,HTTP,1177
1178,3389,UDP,PGSQL,1178
1179,21,UDP,MSSQL,1179
1180,5432,TCP,SSH,1180
1181,53,UDP,VNC,1181
1182,443,TCP,DAAPD,1182
1183,161,TCP,TELNET,1183
1184,3128,UDP,ZABBIX,1184
1185,1344,TCP,TELNET,1185
1186,3389,UDP,RDP,1186
1187,138,TCP,ICAP,1187
1188,443,TCP,HTTPS,1188
1189,443,TCP,HTTPS,1189
1190,3689,TCP,SIP,1190
1191,5060,TCP,ACMSODA,1191
1192,587,TCP,MDS,1192
1193,1433,TCP,UBIQUITY,1193
1194,23,UDP,FTP,1194
1195,443,TCP,HTTPS,1195
1196,80,UDP,XMPP,1196
1197,53,UDP,DNS,1197
1198,9100,UDP,PGSQL,1198
1199,80,UDP,ZABBIX,1199
1200,993,TCP,IMAP4,1200
1201,80,TCP,IMAP4,1201
1202,5061,UDP,EMS,1202
1203,5060,TCP,ACMSODA,1203
1204,6969,UDP,ZABBIX,1204
1205,9100,UDP,ZABBIX,1205
1206,993,TCP,NETBIOS,1206
1207,1344,TCP,TELNET,1207
1208,3389,UDP,PGSQL,1208
1209,443,TCP,HTTPS,1209
1210,8000,UDP,HPSERVICE,1210
1211,443,TCP,HTTPS,1211
1212,445,TCP,RDP,1212
1213,1344,TCP,UBIQUITY,1213
1214,1344,UDP,MDS,1214
1215,6969,TCP,IMAP4,1215
1216,993,TCP,UBIQUITY,1216
1217,993,TCP,RDP,1217
1218,10051,TCP,ISAKMP,1218
1219,5432,TCP,ACMSODA,1219
1220,1344,TCP,NETBIOS,1220
1221,138,UDP,NETBIOS,1221
1222,21,TCP,FTP,1222
1223,5432,UDP,HTTPS,1223
1224,443,TCP,HTTPS,1224
1225,138,UDP,IRDMI,1225
1226,3389,UDP,NETBIOS,1226
1227,53,UDP,DNS,1227
1228,443,TCP,HTTPS,1228
1229,443,TCP,HTTPS,1229
1230,443,TCP,HTTPS,1230
1231,3689,TCP,HTTP,1231
1232,500,UDP,SNMP,1232
1233,138,TCP,ACMSODA,1233
1234,587,UDP,IRDMI,1234
1235,3689,TCP,HPSERVICE,1235
1236,1344,UDP,DAAPD,1236
1237,443,TCP,HTTPS,1237
1238,993,UDP,PGSQL,1238
1239,443,TCP,HTTPS,1239
1240,5060,TCP,ICAP,1240
1241,443,TCP,DAAPD,1241
1242,1433,UDP,SSH,1242
1243,443,UDP,HTTPS,1243
1244,5432,UDP,ICAP,1244
1245,138,UDP,IRDMI,1245
1246,500,TCP,HTTPS,1246
1247,8080,UDP,TELNET,1247
1248,443,TCP,HTTPS,1248
1249,22,TCP,PGSQL,1249
1250,9100,TCP,SSH,1250
1251,8080,TCP,ZABBIX,1251
1252,993,TCP,FTP,1252
1253,5222,TCP,XMPP,1253
1254,5432,UDP,MSSQL,1254
1255,443,TCP,HTTPS,1255
1256,5900,UDP,ICAP,1256
1257,1433,UDP,HTTP,1257
1258,5061,UDP,HTTPS,1258
1259,23,UDP,MDS,1259
1260,137,TCP,XMPP,1260
1261,23,TCP,RDP,1261
1262,587,TCP,RDP,1262
1263,21,UDP,UBIQUITY,1263
1264,10051,UDP,ACMSODA,1264
1265,443,UDP,MDS,1265
1266,443,TCP,HTTPS,1266
1267,5900,TCP,MSSQL,1267
1268,5222,TCP,NETBIOS,1268
1269,6969,TCP,HTTPS,1269
1270,443,TCP,HTTPS,1270
1271,3128,UDP,ICAP,1271
1272,3689,TCP,ICAP,1272
1273,80,TCP,HTTPS,1273
1274,587,UDP,XMPP,1274
1275,443,TCP,HTTPS,1275
1276,10051,UDP,SIP,1276
1277,23,TCP,HPSERVICE,1277
1278,443,TCP,HTTPS,1278
1279,993,TCP,RDP,1279
1280,445,TCP,RDP,1280
1281,21,TCP,HPSERVICE,1281
1282,3689,UDP,TELNET,1282
1283,500,TCP,SIP,1283
1284,8080,UDP,HPSERVICE,1284
1285,10001,UDP,HTTP,1285
1286,9100,TCP,VNC,1286
1287,993,UDP,TELNET,1287
1288,53,UDP,DNS,1288
1289,5900,UDP,MDS,1289
1290,587,UDP,XMPP,1290
1291,443,TCP,HTTPS,1291
1292,3389,TCP,SSH,1292
1293,5061,UDP,TELNET,1293
1294,3389,UDP,RDP,1294
1295,993,TCP,RDP,1295
1296,500,TCP,IMAP4,1296
1297,9100,UDP,MDS,1297
1298,10051,UDP,SIP,1298
1299,6969,UDP,DNS,1299
1300,443,UDP,HTTPS,1300
1301,993,TCP,DNS,1301
1302,443,TCP,HTTPS,1302
1303,445,UDP,DNS,1303
1304,445,UDP,IMAP4,1304
1305,137,TCP,HTTPS,1305
1306,5900,TCP,EMS,1306
1307,587,TCP,ACMSODA,1307
1308,9100,UDP,DAAPD,1308
1309,8000,UDP,SIP,1309
1310,9100,TCP,MDS,1310
1311,8080,UDP,FTP,1311
1312,443,TCP,HTTPS,1312
1313,5900,UDP,HTTP,1313
1314,3128,TCP,SNMP,1314
1315,587,UDP,HTTP,1315
1316,21,UDP,MSSQL,1316
1317,993,TCP,DNS,1317
1318,993,TCP,NETBIOS,1318
1319,22,TCP,UBIQUITY,1319
1320,23,UDP,XMPP,1320
1321,138,TCP,MSSQL,1321
1322,21,UDP,SSH,1322
1323,1344,TCP,NETBIOS,1323
1324,3389,TCP,EMS,1324
1325,80,TCP,HTTP,1325
1326,3389,UDP,SNMP,1326
1327,443,TCP,HTTPS,1327
1328,1433,UDP,HPSERVICE,1328
1329,5900,UDP,FTP,1329
1330,1344,TCP,TELNET,1330
1331,6969,TCP,IMAP4,1331
1332,587,TCP,ZABBIX,1332
1333,161,UDP,VNC,1333
1334,443,TCP,HTTPS,1334
1335,587,TCP,PGSQL,1335
1336,5900,UDP,MDS,1336
1337,3689,UDP,TELNET,1337
1338,3689,TCP,ACMSODA,1338
1339,6969,UDP,DNS,1339
1340,5432,UDP,MSSQL,1340
1341,500,UDP,ICAP,1341
1342,5432,TCP,SSH,1342
1343,23,TCP,HPSERVICE,1343
1344,993,UDP,TELNET,1344
1345,443,TCP,HTTPS,1345
1346,1433,UDP,DAAPD,1346
1347,3689,TCP,ICAP,1347
1348,5900,TCP,FTP,1348
1349,5900,UDP,FTP,1349
1350,445,UDP,UBIQUITY,1350
1351,500,UDP,TELNET,1351
1352,993,TCP,SSH,1352
1353,6969,UDP,ZABBIX,1353
1354,3689,UDP,HTTP,1354
1355,8080,UDP,ISAKMP,1355
1356,445,TCP,HPSERVICE,1356
1357,5432,UDP,NETBIOS,1357
1358,53,TCP,MSSQL,1358
1359,500,UDP,TELNET,1359
1360,3389,TCP,HTTPS,1360
1361,993,TCP,ISAKMP,1361
1362,3389,TCP,MDS,1362
1363,443,TCP,HTTPS,1363
1364,161,TCP,IMAP4,1364
1365,3128,UDP,IMAP4,1365
1366,23,TCP,HPSERVICE,1366
1367,443,TCP,HTTPS,1367
1368,445,TCP,MDS,1368
1369,6969,UDP,DAAPD,1369
1370,500,UDP,XMPP,1370
1371,443,TCP,HTTPS,1371
1372,9100,TCP,SNMP,1372
1373,5222,UDP,SSH,1373
1374,10001,TCP,EMS,1374
1375,138,UDP,HPSERVICE,1375
1376,22,TCP,SSH,1376
1377,161,TCP,IMAP4,1377
1378,161,TCP,VNC,1378
1379,587,UDP,XMPP,1379
1380,1344,TCP,IMAP4,1380
1381,5060,TCP,EMS,1381
1382,993,TCP,DNS,1382
1383,5432,UDP,NETBIOS,1383
1384,500,TCP,IMAP4,1384
1385,993,UDP,TELNET,1385
1386,445,UDP,IMAP4,1386
1387,21,UDP,ICAP,1387
1388,500,TCP,TELNET,1388
1389,3689,TCP,TELNET,1389
1390,23,TCP,FTP,1390
1391,500,UDP,TELNET,1391
1392,21,TCP,FTP,1392
1393,6969,TCP,HTTPS,1393
1394,22,UDP,SIP,1394
1395,9100,TCP,RDP,1395
1396,138,TCP,DNS,1396
1397,443,TCP,ACMSODA,1397
1398,10001,UDP,RDP,1398
1399,161,TCP,MSSQL,1399
1400,8000,UDP,SIP,1400
1401,587,UDP,IRDMI,1401
1402,9100,UDP,MDS,1402
1403,443,TCP,HTTPS,1403
1404,5900,TCP,FTP,1404
1405,587,UDP,IRDMI,1405
1406,443,TCP,HTTPS,1406
1407,3689,TCP,TELNET,1407
1408,8000,UDP,SIP,1408
1409,5432,TCP,RDP,1409
1410,443,TCP,HTTPS,1410
1411,443,UDP,MDS,1411
1412,587,UDP,IRDMI,1412
1413,443,TCP,HTTPS,1413
1414,6969,UDP,ACMSODA,1414
1415,5900,UDP,MDS,1415
1416,5900,UDP,EMS,1416
1417,445,TCP,TELNET,1417
1418,5222,TCP,MDS,1418
1419,22,UDP,SIP,1419
1420,21,UDP,FTP,1420
1421,443,UDP,HTTPS,1421
1422,500,UDP,TELNET,1422
1423,6969,TCP,HTTPS,1423
1424,5060,TCP,HTTPS,1424
1425,3128,UDP,MSSQL,1425
1426,443,TCP,HTTPS,1426
1427,161,UDP,SNMP,1427
1428,161,TCP,RDP,1428
1429,53,UDP,DNS,1429
1430,443,TCP,HTTPS,1430
1431,1433,TCP,MSSQL,1431
1432,3689,TCP,ACMSODA,1432
1433,1344,UDP,HTTPS,1433
1434,587,UDP,FTP,1434
1435,10051,TCP,ISAKMP,1435
1436,1433,UDP,EMS,1436
1437,80,UDP,VNC,1437
1438,8080,UDP,TELNET,1438
1439,443,TCP,SIP,1439
1440,443,UDP,ISAKMP,1440
1441,5900,UDP,HTTP,1441
1442,9100,UDP,ZABBIX,1442
1443,3128,UDP,ICAP,1443
1444,3689,TCP,TELNET,1444
1445,10051,TCP,ISAKMP,1445
1446,53,UDP,ISAKMP,1446
1447,993,UDP,PGSQL,1447
1448,8080,UDP,HTTP,1448
1449,137,TCP,IRDMI,1449
1450,53,UDP,HTTP,1450
1451,1344,TCP,SNMP,1451
1452,6969,TCP,SNMP,1452
1453,8080,UDP,HTTP,1453
1454,53,UDP,ZABBIX,1454
1455,3689,UDP,HPSERVICE,1455
1456,443,TCP,HTTPS,1456
1457,8080,TCP,ACMSODA,1457
1458,5900,TCP,RDP,1458
1459,6969,TCP,ZABBIX,1459
1460,1433,TCP,EMS,1460
1461,5900,UDP,UBIQUITY,1461
1462,10051,UDP,MSSQL,1462
1463,587,UDP,XMPP,1463
1464,5060,TCP,NETBIOS,1464
1465,1344,TCP,NETBIOS,1465
1466,500,UDP,DNS,1466
1467,3389,TCP,IMAP4,1467
1468,3689,UDP,VNC,1468
1469,443,TCP,HTTPS,1469
1470,10051,UDP,HPSERVICE,1470
1471,5900,TCP,FTP,1471
1472,138,UDP,UBIQUITY,1472
1473,3128,UDP,SNMP,1473
1474,445,TCP,IRDMI,1474
1475,445,UDP,DNS,1475
1476,443,TCP,HTTPS,1476
1477,5222,TCP,HTTPS,1477
1478,443,TCP,HTTPS,1478
1479,3128,UDP,IRDMI,1479
1480,5061,UDP,TELNET,1480
1481,8000,UDP,HTTP,1481
1482,5900,TCP,SNMP,1482
1483,445,TCP,SSH,1483
1484,21,TCP,FTP,1484
1485,22,TCP,SSH,1485
1486,5060,TCP,FTP,1486
1487,5432,TCP,SSH,1487
1488,138,TCP,ACMSODA,1488
1489,500,UDP,XMPP,1489
1490,443,TCP,VNC,1490
1491,443,TCP,HTTPS,1491
1492,5432,UDP,ACMSODA,1492
1493,587,UDP,HTTP,1493
1494,3128,UDP,ICAP,1494
1495,500,UDP,ICAP,1495
1496,3389,UDP,PGSQL,1496
1497,587,UDP,HTTP,1497
1498,22,UDP,IMAP4,1498
1499,22,UDP,SNMP,1499
1500,5222,TCP,XMPP,1500
1501,5900,UDP,TELNET,1501
1502,21,TCP,IRDMI,1502
1503,3689,TCP,TELNET,1503
1504,3689,TCP,HTTP,1504
1505,21,UDP,ACMSODA,1505
1506,3689,TCP,SSH,1506
1507,138,TCP,ACMSODA,1507
1508,3128,UDP,SNMP,1508
1509,21,UDP,ACMSODA,1509
1510,443,TCP,HTTPS,1510
1511,1433,UDP,MSSQL,1511
1512,6969,TCP,HTTPS,1512
1513,53,UDP,DNS,1513
1514,9100,UDP,PGSQL,1514
1515,80,UDP,HTTP,1515
1516,443,TCP,HTTPS,1516
1517,3689,TCP,HTTP,1517
1518,9100,TCP,RDP,1518
1519,5060,UDP,HTTPS,1519
1520,5900,UDP,HTTP,1520
1521,5432,UDP,HTTPS,1521
1522,443,TCP,HTTPS,1522
1523,5061,TCP,VNC,1523
1524,443,TCP,HTTPS,1524
1525,443,TCP,HTTPS,1525
1526,138,TCP,ICAP,1526
1527,443,TCP,HTTPS,1527
1528,21,TCP,FTP,1528
1529,21,UDP,XMPP,1529
1530,993,TCP,DNS,1530
1531,161,UDP,PGSQL,1531
1532,21,TCP,EMS,1532
1533,5900,UDP,EMS,1533
1534,10051,UDP,PGSQL,1534
1535,53,UDP,DNS,1535
1536,443,TCP,HTTPS,1536
1537,3389,UDP,SNMP,1537
1538,9100,UDP,PGSQL,1538
1539,138,UDP,HPSERVICE,1539
1540,22,UDP,SNMP,1540
1541,5432,UDP,ISAKMP,1541
1542,500,TCP,IMAP4,1542
1543,5432,UDP,ISAKMP,1543
1544,8000,TCP,SIP,1544
1545,21,TCP,FTP,1545
1546,443,TCP,HTTPS,1546
1547,5900,TCP,EMS,1547
1548,500,TCP,SSH,1548
1549,1433,TCP,VNC,1549
1550,80,TCP,HTTP,1550
1551,443,TCP,HTTPS,1551
1552,10051,UDP,MSSQL,1552
1553,3689,UDP,XMPP,1553
1554,21,UDP,UBIQUITY,1554
1555,3389,UDP,IRDMI,1555
1556,137,TCP,HTTPS,1556
1557,22,UDP,SIP,1557
1558,1344,TCP,IMAP4,1558
1559,443,UDP,HPSERVICE,1559
1560,161,TCP,IMAP4,1560
1561,445,UDP,DNS,1561
1562,23,UDP,SIP,1562
1563,3689,UDP,MDS,1563
1564,5900,UDP,NETBIOS,1564
1565,8000,UDP,HTTP,1565
1566,443,TCP,HTTPS,1566
1567,5060,UDP,FTP,1567
1568,1344,TCP,TELNET,1568
1569,5900,UDP,MSSQL,1569
1570,10051,TCP,ZABBIX,1570
1571,23,UDP,SIP,1571
1572,5432,UDP,MSSQL,1572
1573,5060,UDP,HTTPS,1573
1574,5060,UDP,EMS,1574
1575,5060,TCP,IRDMI,1575
1576,10001,UDP,DAAPD,1576
1577,9100,TCP,PGSQL,1577
1578,138,TCP,IRDMI,1578
1579,21,UDP,HTTPS,1579
1580,5061,UDP,ACMSODA,1580
1581,22,TCP,UBIQUITY,1581
1582,21,TCP,FTP,1582
1583,161,TCP,IRDMI,1583
1584,443,TCP,HTTPS,1584
1585,500,TCP,DNS,1585
1586,5432,UDP,MSSQL,1586
1587,80,TCP,EMS,1587
1588,80,TCP,HTTP,1588
1589,53,UDP,SSH,1589
1590,443,TCP,HTTPS,1590
1591,445,TCP,MDS,1591
1592,5432,UDP,IMAP4,1592
1593,445,TCP,EMS,1593
1594,443,UDP,HTTPS,1594
1595,5900,TCP,RDP,1595
1596,443,UDP,HTTPS,1596
1597,1433,UDP,XMPP,1597
1598,443,TCP,HTTPS,1598
1599,443,TCP,HTTPS,1599
1600,23,UDP,MDS,1600
1601,21,UDP,ACMSODA,1601
1602,6969,TCP,HTTPS,1602
1603,443,TCP,HTTPS,1603
1604,993,UDP,DAAPD,1604
1605,5900,UDP,UBIQUITY,1605
1606,80,UDP,XMPP,1606
1607,443,TCP,HTTPS,1607
1608,443,TCP,HTTPS,1608
1609,161,TCP,RDP,1609
1610,443,TCP,HTTPS,1610
1611,9100,TCP,SSH,1611
1612,5060,UDP,RDP,1612
1613,1433,TCP,PGSQL,1613
1614,8000,UDP,NETBIOS,1614
1615,443,TCP,HTTPS,1615
1616,21,UDP,FTP,1616
1617,53,UDP,DNS,1617
1618,500,UDP,SNMP,1618
1619,3128,UDP,SNMP,1619
1620,443,TCP,IMAP4,1620
1621,22,TCP,SSH,1621
1622,5900,UDP,DAAPD,1622
1623,443,TCP,HTTPS,1623
1624,3128,UDP,VNC,1624
1625,445,UDP,DAAPD,1625
1626,1433,UDP,EMS,1626
1627,587,TCP,ACMSODA,1627
1628,22,TCP,HTTP,1628
1629,587,TCP,VNC,1629
1630,587,UDP,IRDMI,1630
1631,5061,TCP,XMPP,1631
1632,5222,UDP,EMS,1632
1633,443,TCP,HTTPS,1633
1634,1433,TCP,ISAKMP,1634
1635,5900,UDP,SIP,1635
1636,587,TCP,ACMSODA,1636
1637,5061,UDP,PGSQL,1637
1638,443,TCP,HTTPS,1638
1639,6969,TCP,HTTPS,1639
1640,445,UDP,DNS,1640
1641,9100,TCP,SSH,1641
1642,445,TCP,SSH,1642
1643,80,TCP,HTTP,1643
1644,3689,TCP,HPSERVICE,1644
1645,443,TCP,VNC,1645
1646,80,TCP,HTTP,1646
1647,587,UDP,TELNET,1647
1648,443,TCP,IRDMI,1648
1649,443,UDP,HTTPS,1649
1650,443,TCP,HTTPS,1650
1651,993,UDP,TELNET,1651
1652,53,UDP,ISAKMP,1652
1653,21,UDP,ACMSODA,1653
1654,5432,TCP,DAAPD,1654
1655,5222,TCP,EMS,1655
1656,8080,TCP,FTP,1656
1657,443,UDP,ISAKMP,1657
1658,21,UDP,SIP,1658
1659,21,UDP,VNC,1659
1660,443,TCP,HTTPS,1660
1661,5432,UDP,ISAKMP,1661
1662,1433,TCP,PGSQL,1662
1663,161,TCP,DAAPD,1663
1664,3689,TCP,FTP,1664
1665,1344,TCP,NETBIOS,1665
1666,443,TCP,HTTPS,1666
1667,5222,UDP,PGSQL,1667
1668,8080,TCP,ACMSODA,1668
1669,10051,TCP,SSH,1669
1670,53,UDP,DNS,1670
1671,5900,UDP,FTP,1671
1672,5061,UDP,TELNET,1672
1673,3689,UDP,SNMP,1673
1674,10051,UDP,ISAKMP,1674
1675,8000,TCP,HTTPS,1675
1676,80,TCP,HTTP,1676
1677,53,UDP,DNS,1677
1678,1433,UDP,ZABBIX,1678
1679,80,TCP,FTP,1679
1680,161,UDP,IRDMI,1680
1681,53,UDP,DNS,1681
1682,587,UDP,XMPP,1682
1683,8080,UDP,HPSERVICE,1683
1684,5432,UDP,VNC,1684
1685,5432,UDP,MSSQL,1685
1686,3689,UDP,UBIQUITY,1686
1687,5060,UDP,FTP,1687
1688,443,TCP,HTTPS,1688
1689,500,TCP,DNS,1689
1690,21,TCP,FTP,1690
1691,3389,UDP,NETBIOS,1691
1692,3689,UDP,SSH,1692
1693,10001,UDP,SSH,1693
1694,443,TCP,HTTPS,1694
1695,3128,TCP,SNMP,1695
1696,1433,TCP,EMS,1696
1697,587,TCP,RDP,1697
1698,3389,TCP,MSSQL,1698
1699,1344,TCP,UBIQUITY,1699
1700,500,UDP,TELNET,1700
1701,993,TCP,DNS,1701
1702,5061,UDP,TELNET,1702
1703,3689,UDP,ICAP,1703
1704,5432,UDP,NETBIOS,1704
1705,443,TCP,UBIQUITY,1705
1706,1344,TCP,TELNET,1706
1707,6969,TCP,HTTPS,1707
1708,9100,TCP,MDS,1708
1709,587,TCP,MDS,1709
1710,5432,UDP,ISAKMP,1710
1711,5900,TCP,FTP,1711
1712,443,TCP,HTTPS,1712
1713,3389,UDP,HTTPS,1713
1714,10001,TCP,ISAKMP,1714
1715,443,TCP,HTTPS,1715
1716,137,UDP,HTTPS,1716
1717,445,UDP,IMAP4,1717
1718,993,UDP,PGSQL,1718
1719,443,TCP,HTTP,1719
1720,8000,UDP,NETBIOS,1720
1721,5432,TCP,DAAPD,1721
1722,22,UDP,VNC,1722
1723,5432,TCP,SSH,1723
1724,8080,UDP,TELNET,1724
1725,80,TCP,HTTP,1725
1726,443,TCP,HTTPS,1726
1727,3689,TCP,PGSQL,1727
1728,1344,TCP,IMAP4,1728
1729,587,TCP,MDS,1729
1730,3128,UDP,ICAP,1730
1731,3389,TCP,XMPP,1731
1732,443,TCP,HTTPS,1732
1733,22,TCP,HTTP,1733
1734,3689,TCP,HPSERVICE,1734
1735,5900,UDP,FTP,1735
1736,138,UDP,ZABBIX,1736
1737,5060,UDP,EMS,1737
1738,587,UDP,FTP,1738
1739,53,UDP,SSH,1739
1740,9100,UDP,ZABBIX,1740
1741,5222,UDP,ACMSODA,1741
1742,3128,TCP,ACMSODA,1742
1743,1433,TCP,SSH,1743
1744,5222,TCP,FTP,1744
1745,443,TCP,HTTPS,1745
1746,5222,UDP,DNS,1746
1747,5900,UDP,EMS,1747
1748,500,TCP,IMAP4,1748
1749,993,UDP,TELNET,1749
1750,587,UDP,ICAP,1750
1751,53,UDP,DNS,1751
1752,3128,UDP,ICAP,1752
1753,3128,UDP,ICAP,1753
1754,6969,TCP,ZABBIX,1754
1755,161,UDP,VNC,1755
1756,80,TCP,HTTP,1756
1757,1433,UDP,ACMSODA,1757
1758,443,TCP,RDP,1758
1759,500,UDP,XMPP,1759
1760,1344,UDP,ICAP,1760
1761,5061,TCP,SNMP,1761
1762,53,UDP,DNS,1762
1763,443,TCP,HTTPS,1763
1764,53,UDP,DNS,1764
1765,5900,UDP,HTTP,1765
1766,587,UDP,HTTP,1766
1767,8080,UDP,HTTP,1767
1768,993,TCP,IMAP4,1768
1769,138,TCP,SSH,1769
1770,3689,TCP,HPSERVICE,1770
1771,138,UDP,VNC,1771
1772,3128,UDP,IRDMI,1772
1773,22,UDP,XMPP,1773
1774,8080,UDP,ACMSODA,1774
1775,5432,TCP,DAAPD,1775
1776,443,TCP,RDP,1776
1777,5900,UDP,MSSQL,1777
1778,445,UDP,DAAPD,1778
1779,5900,UDP,ISAKMP,1779
1780,1433,TCP,MSSQL,1780
1781,3689,TCP,HTTP,1781
1782,5432,UDP,DNS,1782
1783,443,TCP,ACMSODA,1783
1784,5060,TCP,ACMSODA,1784
1785,161,TCP,IMAP4,1785
1786,10001,TCP,MDS,1786
1787,3389,TCP,IMAP4,1787
1788,80,TCP,HTTP,1788
1789,443,UDP,HTTPS,1789
1790,80,TCP,HTTP,1790
1791,5061,UDP,ACMSODA,1791
1792,138,UDP,IMAP4,1792
1793,443,TCP,HTTPS,1793
1794,445,TCP,MDS,1794
1795,443,TCP,HTTPS,1795
1796,9100,UDP,PGSQL,1796
1797,500,UDP,TELNET,1797
1798,161,UDP,VNC,1798
1799,161,UDP,SSH,1799
1800,5060,UDP,FTP,1800
1801,137,TCP,HTTPS,1801
1802,8080,TCP,ZABBIX,1802
1803,5432,TCP,VNC,1803
1804,5060,TCP,HPSERVICE,1804
1805,53,UDP,HTTP,1805
1806,3128,UDP,ICAP,1806
1807,500,UDP,DNS,1807
1808,5900,UDP,SIP,1808
1809,5222,UDP,SSH,1809
1810,443,UDP,HTTPS,1810
1811,993,TCP,PGSQL,1811
1812,8080,UDP,HPSERVICE,1812
1813,21,TCP,FTP,1813
1814,1433,TCP,SSH,1814
1815,1433,TCP,DAAPD,1815
1816,5432,UDP,HTTPS,1816
1817,993,TCP,NETBIOS,1817
1818,6969,UDP,SNMP,1818
1819,443,TCP,HTTPS,1819
1820,500,TCP,IMAP4,1820
1821,5900,UDP,ICAP,1821
1822,23,UDP,MDS,1822
1823,23,TCP,DAAPD,1823
1824,138,UDP,ZABBIX,1824
1825,5432,TCP,ACMSODA,1825
1826,53,TCP,MSSQL,1826
1827,21,TCP,FTP,1827
1828,500,UDP,DAAPD,1828
1829,443,TCP,UBIQUITY,1829
1830,9100,TCP,FTP,1830
1831,8000,UDP,HTTP,1831
1832,587,UDP,IMAP4,1832
1833,993,UDP,ISAKMP,1833
1834,9100,TCP,IRDMI,1834
1835,500,UDP,DNS,1835
1836,5060,TCP,EMS,1836
1837,23,TCP,HPSERVICE,1837
1838,443,UDP,IRDMI,1838
1839,5900,UDP,SIP,1839
1840,3689,UDP,FTP,1840
1841,3689,TCP,PGSQL,1841
1842,21,UDP,HTTPS,1842
1843,10051,UDP,MSSQL,1843
1844,23,TCP,HPSERVICE,1844
1845,1344,UDP,DAAPD,1845
1846,587,TCP,ZABBIX,1846
1847,23,UDP,SIP,1847
1848,137,TCP,RDP,1848
1849,3689,TCP,ICAP,1849
1850,21,TCP,FTP,1850
1851,10051,UDP,ICAP,1851
1852,443,TCP,HTTPS,1852
1853,137,TCP,RDP,1853
1854,3689,UDP,VNC,1854
1855,3389,TCP,ACMSODA,1855
1856,9100,TCP,PGSQL,1856
1857,587,UDP,IRDMI,1857
1858,443,TCP,HTTPS,1858
1859,993,TCP,FTP,1859
1860,137,TCP,FTP,1860
1861,53,UDP,DNS,1861
1862,443,TCP,HTTPS,1862
1863,3389,TCP,MSSQL,1863
1864,3689,TCP,ICAP,1864
1865,8000,UDP,DNS,1865
1866,3689,UDP,UBIQUITY,1866
1867,5222,TCP,SIP,1867
1868,10051,UDP,MSSQL,1868
1869,10051,TCP,ISAKMP,1869
1870,8080,UDP,TELNET,1870
1871,443,TCP,HTTPS,1871
1872,10001,TCP,HPSERVICE,1872
1873,443,TCP,IMAP4,1873
1874,5222,UDP,MDS,1874
1875,10001,UDP,ICAP,1875
1876,21,TCP,HPSERVICE,1876
1877,161,TCP,TELNET,1877
1878,9100,UDP,MDS,1878
1879,6969,TCP,ISAKMP,1879
1880,53,UDP,XMPP,1880
1881,10051,TCP,ISAKMP,1881
1882,21,TCP,VNC,1882
1883,10051,UDP,MSSQL,1883
1884,445,TCP,IRDMI,1884
1885,80,UDP,HTTP,1885
1886,53,UDP,NETBIOS,1886
1887,500,TCP,RDP,1887
1888,5432,UDP,IMAP4,1888
1889,443,UDP,HTTPS,1889
1890,445,TCP,MDS,1890
1891,443,TCP,HTTPS,1891
1892,53,UDP,VNC,1892
1893,500,UDP,DAAPD,1893
1894,53,UDP,DNS,1894
1895,5432,UDP,HTTPS,1895
1896,587,UDP,RDP,1896
1897,138,TCP,MSSQL,1897
1898,443,TCP,UBIQUITY,1898
1899,500,UDP,FTP,1899
1900,1344,TCP,UBIQUITY,1900
1901,443,UDP,MDS,1901
1902,3689,UDP,HTTP,1902
1903,21,UDP,ICAP,1903
1904,10051,UDP,ACMSODA,1904
1905,22,UDP,VNC,1905
1906,443,TCP,HTTPS,1906
1907,1433,UDP,MSSQL,1907
1908,137,TCP,HTTPS,1908
1909,5222,UDP,RDP,1909
1910,443,UDP,HTTPS,1910
1911,5222,UDP,MDS,1911
1912,443,TCP,HTTPS,1912
1913,9100,UDP,MDS,1913
1914,5900,TCP,EMS,1914
1915,21,UDP,ACMSODA,1915
1916,6969,UDP,ZABBIX,1916
1917,22,TCP,HTTP,1917
1918,443,UDP,IRDMI,1918
1919,5900,UDP,FTP,1919
1920,587,TCP,ACMSODA,1920
1921,9100,UDP,SNMP,1921
1922,500,TCP,PGSQL,1922
1923,10001,UDP,PGSQL,1923
1924,9100,UDP,SSH,1924
1925,500,UDP,TELNET,1925
1926,5900,UDP,SSH,1926
1927,1344,TCP,NETBIOS,1927
1928,3128,UDP,IRDMI,1928
1929,500,TCP,DNS,1929
1930,22,TCP,MSSQL,1930
1931,8080,UDP,ICAP,1931
1932,993,UDP,RDP,1932
1933,587,TCP,RDP,1933
1934,53,TCP,MSSQL,1934
1935,443,TCP,HTTPS,1935
1936,443,TCP,HTTPS,1936
1937,500,UDP,DNS,1937
1938,1433,TCP,ISAKMP,1938
1939,21,UDP,ACMSODA,1939
1940,5900,TCP,MSSQL,1940
1941,9100,TCP,FTP,1941
1942,1433,TCP,MSSQL,1942
1943,138,TCP,ACMSODA,1943
1944,8080,UDP,ICAP,1944
1945,5222,TCP,HTTPS,1945
1946,5900,TCP,RDP,1946
1947,445,TCP,TELNET,1947
1948,5060,UDP,DAAPD,1948
1949,5060,UDP,DAAPD,1949
1950,1433,TCP,IMAP4,1950
1951,161,UDP,IRDMI,1951
1952,138,TCP,ACMSODA,1952
1953,5222,TCP,EMS,1953
1954,1433,UDP,MSSQL,1954
1955,5432,TCP,ACMSODA,1955
1956,5060,TCP,MDS,1956
1957,500,UDP,DAAPD,1957
1958,443,TCP,HTTPS,1958
1959,161,UDP,SNMP,1959
1960,5061,TCP,VNC,1960
1961,5900,UDP,TELNET,1961
1962,22,UDP,IMAP4,1962
1963,53,UDP,TELNET,1963
1964,6969,UDP,SNMP,1964
1965,21,TCP,MSSQL,1965
1966,443,UDP,DAAPD,1966
1967,5432,UDP,VNC,1967
1968,5900,UDP,FTP,1968
1969,500,TCP,SSH,1969
1970,23,TCP,HTTP,1970
1971,80,TCP,HTTP,1971
1972,161,UDP,UBIQUITY,1972
1973,161,UDP,UBIQUITY,1973
1974,21,UDP,ICAP,1974
1975,21,TCP,IMAP4,1975
1976,5900,UDP,FTP,1976
1977,3389,TCP,SSH,1977
1978,161,TCP,IMAP4,1978
1979,10051,UDP,HTTPS,1979
1980,22,TCP,VNC,1980
1981,443,TCP,HTTPS,1981
1982,443,TCP,HTTPS,1982
1983,5222,UDP,SSH,1983
1984,5432,TCP,XMPP,1984
1985,443,UDP,HTTPS,1985
1986,500,UDP,DAAPD,1986
1987,1344,UDP,ICAP,1987
1988,138,TCP,HPSERVICE,1988
1989,1433,TCP,HTTPS,1989
1990,1433,UDP,EMS,1990
1991,500,UDP,DAAPD,1991
1992,5061,UDP,SNMP,1992
1993,138,TCP,ICAP,1993
1994,53,UDP,DNS,1994
1995,993,UDP,TELNET,1995
1996,5432,UDP,ACMSODA,1996
1997,5432,UDP,MSSQL,1997
1998,23,TCP,HPSERVICE,1998
1999,161,UDP,SSH,1999
2000,138,TCP,IRDMI,2000
2001,6969,UDP,ICAP,2001
2002,5060,TCP,NETBIOS,2002
2003,6969,TCP,ISAKMP,2003
2004,138,UDP,HPSERVICE,2004
2005,445,TCP,TELNET,2005
2006,443,TCP,HTTPS,2006
2007,5061,TCP,VNC,2007
2008,993,UDP,FTP,2008
2009,5060,UDP,FTP,2009
2010,161,TCP,IMAP4,2010
2011,445,TCP,SSH,2011
2012,3128,TCP,ACMSODA,2012
2013,21,TCP,EMS,2013
2014,443,TCP,HTTPS,2014
2015,23,TCP,VNC,2015
2016,443,TCP,HTTPS,2016
2017,443,TCP,HTTPS,2017
2018,138,UDP,IRDMI,2018
2019,137,UDP,HTTPS,2019
2020,5222,UDP,SSH,2020
2021,443,TCP,HTTPS,2021
2022,22,TCP,HTTP,2022
2023,22,UDP,SIP,2023
2024,21,TCP,FTP,2024
2025,8080,UDP,ISAKMP,2025
2026,8080,TCP,ACMSODA,2026
2027,5900,TCP,PGSQL,2027
2028,5900,TCP,RDP,2028
2029,443,TCP,HTTPS,2029
2030,161,UDP,FTP,2030
2031,10051,UDP,PGSQL,2031
2032,443,TCP,HTTPS,2032
2033,1433,UDP,ZABBIX,2033
2034,5432,UDP,MSSQL,2034
2035,3128,UDP,IRDMI,2035
2036,5222,TCP,EMS,2036
2037,993,UDP,DAAPD,2037
2038,443,TCP,HTTPS,2038
2039,137,TCP,XMPP,2039
2040,3128,TCP,HTTP,2040
2041,22,TCP,MSSQL,2041
2042,993,TCP,DNS,2042
2043,5900,UDP,ICAP,2043
2044,53,TCP,SNMP,2044
2045,500,TCP,PGSQL,2045
2046,21,UDP,SIP,2046
2047,1433,TCP,DNS,2047
2048,53,UDP,DNS,2048
2049,5222,TCP,TELNET,2049
2050,10051,UDP,DNS,2050
2051,22,UDP,VNC,2051
2052,5900,TCP,PGSQL,2052
2053,21,TCP,FTP,2053
2054,23,UDP,MDS,2054
2055,587,TCP,HTTP,2055
2056,5222,UDP,SSH,2056
2057,22,UDP,SNMP,2057
2058,22,UDP,SIP,2058
2059,443,TCP,HTTPS,2059
2060,443,TCP,HTTPS,2060
2061,22,TCP,HTTP,2061
2062,5900,UDP,MDS,2062
2063,5432,TCP,XMPP,2063
2064,587,UDP,FTP,2064
2065,1344,TCP,UBIQUITY,2065
2066,3389,TCP,MSSQL,2066
2067,161,UDP,VNC,2067
2068,1433,TCP,SSH,2068
2069,443,TCP,HTTPS,2069
2070,443,TCP,UBIQUITY,2070
2071,138,UDP,HPSERVICE,2071
2072,587,TCP,UBIQUITY,2072
2073,10051,UDP,DNS,2073
2074,21,UDP,SIP,2074
2075,443,TCP,HTTPS,2075
2076,5432,TCP,RDP,2076
2077,500,UDP,DAAPD,2077
2078,9100,UDP,DAAPD,2078
2079,6969,TCP,HTTPS,2079
2080,10001,TCP,MDS,2080
2081,500,TCP,IMAP4,2081
2082,500,UDP,DAAPD,2082
2083,80,UDP,MDS,2083
2084,5432,TCP,DAAPD,2084
2085,23,UDP,FTP,2085
2086,21,TCP,FTP,2086
2087,445,UDP,IMAP4,2087
2088,443,TCP,HTTPS,2088
2089,23,TCP,HPSERVICE,2089
2090,443,TCP,HTTPS,2090
2091,5060,TCP,NETBIOS,2091
2092,443,TCP,HTTPS,2092
2093,5060,TCP,NETBIOS,2093
2094,21,UDP,ICAP,2094
2095,993,TCP,DNS,2095
2096,443,TCP,HTTPS,2096
2097,137,TCP,HTTPS,2097
2098,3689,TCP,HPSERVICE,2098
2099,1433,TCP,EMS,2099
2100,10051,UDP,ACMSODA,2100
2101,443,TCP,HTTPS,2101
2102,1433,UDP,MSSQL,2102
2103,5222,TCP,XMPP,2103
2104,3128,UDP,ICAP,2104
2105,3389,TCP,SSH,2105
2106,23,TCP,HPSERVICE,2106
2107,1344,TCP,DAAPD,2107
2108,443,UDP,HTTPS,2108
2109,3689,UDP,HPSERVICE,2109
2110,587,TCP,RDP,2110
2111,443,TCP,UBIQUITY,2111
2112,10051,UDP,SIP,2112
2113,443,TCP,HTTPS,2113
2114,23,UDP,SIP,2114
2115,23,TCP,HPSERVICE,2115
2116,587,UDP,IRDMI,2116
2117,443,TCP,HTTPS,2117
2118,23,TCP,HPSERVICE,2118
2119,21,UDP,MSSQL,2119
2120,23,UDP,MDS,2120
2121,8080,TCP,FTP,2121
2122,1433,TCP,ZABBIX,2122
2123,138,TCP,MSSQL,2123
2124,10001,TCP,ZABBIX,2124
2125,1433,TCP,EMS,2125
2126,80,TCP,HTTP,2126
2127,1344,TCP,EMS,2127
2128,22,UDP,XMPP,2128
2129,8000,TCP,UBIQUITY,2129
2130,6969,TCP,IMAP4,2130
2131,137,TCP,ISAKMP,2131
2132,443,TCP,HTTPS,2132
2133,3128,UDP,ICAP,2133
2134,9100,TCP,SNMP,2134
2135,138,TCP,RDP,2135
2136,8080,TCP,ZABBIX,2136
2137,8080,UDP,IRDMI,2137
2138,3389,TCP,MDS,2138
2139,80,UDP,ZABBIX,2139
2140,3689,TCP,TELNET,2140
2141,5432,UDP,MSSQL,2141
2142,1344,TCP,UBIQUITY,2142
2143,8080,UDP,ACMSODA,2143
2144,443,TCP,HTTPS,2144
2145,500,TCP,IMAP4,2145
2146,8000,TCP,SIP,2146
2147,5222,TCP,HTTPS,2147
2148,8080,UDP,ICAP,2148
2149,138,TCP,IRDMI,2149
2150,443,UDP,UBIQUITY,2150
2151,5222,UDP,SNMP,2151
2152,10051,UDP,ACMSODA,2152
2153,161,TCP,IRDMI,2153
2154,500,TCP,ICAP,2154
2155,8080,TCP,MSSQL,2155
2156,3689,TCP,SIP,2156
2157,10051,UDP,HPSERVICE,2157
2158,137,TCP,RDP,2158
2159,8080,UDP,SSH,2159
2160,80,UDP,HTTP,2160
2161,5432,UDP,ISAKMP,2161
2162,587,UDP,IRDMI,2162
2163,10051,UDP,SIP,2163
2164,443,TCP,HTTPS,2164
2165,5432,UDP,MSSQL,2165
2166,993,TCP,RDP,2166
2167,443,TCP,HTTPS,2167
2168,5060,TCP,NETBIOS,2168
2169,443,TCP,TELNET,2169
2170,5222,UDP,SSH,2170
2171,993,TCP,RDP,2171
2172,443,UDP,HPSERVICE,2172
2173,443,TCP,HTTPS,2173
2174,443,TCP,HTTPS,2174
2175,1433,TCP,PGSQL,2175
2176,10051,TCP,ZABBIX,2176
2177,3128,UDP,IRDMI,2177
2178,22,UDP,XMPP,2178
2179,21,UDP,SSH,2179
2180,443,TCP,HTTPS,2180
2181,5432,TCP,DAAPD,2181
2182,80,UDP,XMPP,2182
2183,3689,UDP,IRDMI,2183
2184,161,TCP,DAAPD,2184
2185,6969,UDP,ZABBIX,2185
2186,10001,TCP,MDS,2186
2187,500,TCP,DNS,2187
2188,443,TCP,HTTPS,2188
2189,5900,UDP,MSSQL,2189
2190,22,UDP,SIP,2190
2191,8080,UDP,SSH,2191
2192,8000,UDP,HPSERVICE,2192
2193,5900,UDP,UBIQUITY,2193
2194,5061,UDP,TELNET,2194
2195,80,TCP,HTTP,2195
2196,993,TCP,DNS,2196
2197,500,UDP,XMPP,2197
2198,6969,UDP,ICAP,2198
2199,443,TCP,HTTPS,2199
2200,443,TCP,HTTPS,2200
2201,53,UDP,DNS,2201
2202,5060,TCP,NETBIOS,2202
2203,22,UDP,VNC,2203
2204,3128,UDP,ICAP,2204
2205,993,UDP,DAAPD,2205
2206,9100,TCP,RDP,2206
2207,9100,UDP,PGSQL,2207
2208,8080,TCP,EMS,2208
2209,23,TCP,TELNET,2209
2210,8080,TCP,FTP,2210
2211,500,UDP,TELNET,2211
2212,5900,UDP,MSSQL,2212
2213,6969,TCP,IMAP4,2213
2214,21,UDP,SIP,2214
2215,500,TCP,DNS,2215
2216,137,TCP,ISAKMP,2216
2217,21,TCP,HPSERVICE,2217
2218,443,TCP,HTTPS,2218
2219,443,TCP,HTTPS,2219
2220,53,UDP,DNS,2220
2221,443,TCP,HTTPS,2221
2222,1344,TCP,NETBIOS,2222
2223,21,UDP,SIP,2223
2224,5900,TCP,PGSQL,2224
2225,5222,TCP,EMS,2225
2226,1433,UDP,MSSQL,2226
2227,587,UDP,EMS,2227
2228,161,UDP,HPSERVICE,2228
2229,443,TCP,HTTPS,2229
2230,443,TCP,HTTPS,2230
2231,587,UDP,PGSQL,2231
2232,10001,TCP,MDS,2232
2233,80,TCP,HTTP,2233
2234,5060,TCP,IMAP4,2234
2235,5432,UDP,DNS,2235
2236,23,TCP,HPSERVICE,2236
2237,53,UDP,DNS,2237
2238,8080,TCP,ACMSODA,2238
2239,5222,UDP,SSH,2239
2240,587,UDP,EMS,2240
2241,5061,UDP,ACMSODA,2241
2242,5061,UDP,ACMSODA,2242
2243,443,TCP,HTTPS,2243
2244,5432,TCP,DAAPD,2244
2245,443,TCP,HTTPS,2245
2246,443,TCP,HTTPS,2246
2247,500,UDP,TELNET,2247
2248,5432,TCP,ZABBIX,2248
2249,3689,UDP,HPSERVICE,2249
2250,53,UDP,DNS,2250
2251,3128,UDP,ICAP,2251
2252,138,UDP,PGSQL,2252
2253,53,UDP,DNS,2253
2254,10001,UDP,HTTP,2254
2255,5060,UDP,EMS,2255
2256,21,UDP,ACMSODA,2256
2257,9100,UDP,IRDMI,2257
2258,3689,TCP,HTTP,2258
2259,1433,UDP,SSH,2259
2260,3389,UDP,PGSQL,2260
2261,587,TCP,PGSQL,2261
2262,5900,UDP,NETBIOS,2262
2263,8000,TCP,ICAP,2263
2264,1344,TCP,TELNET,2264
2265,5432,UDP,HTTPS,2265
2266,3689,UDP,FTP,2266
2267,1433,UDP,ACMSODA,2267
2268,10051,TCP,VNC,2268
2269,138,UDP,ZABBIX,2269
2270,22,UDP,IMAP4,2270
2271,443,TCP,HTTPS,2271
2272,80,UDP,HTTP,2272
2273,1433,UDP,HPSERVICE,2273
2274,5432,TCP,ZABBIX,2274
2275,21,TCP,DAAPD,2275
2276,6969,TCP,SNMP,2276
2277,8080,UDP,SSH,2277
2278,3128,TCP,UBIQUITY,2278
2279,443,TCP,HTTPS,2279
2280,6969,UDP,DAAPD,2280
2281,587,UDP,FTP,2281
2282,23,TCP,HPSERVICE,2282
2283,5061,TCP,PGSQL,2283
2284,3389,TCP,SSH,2284
2285,5060,TCP,MDS,2285
2286,80,TCP,HPSERVICE,2286
2287,443,TCP,HTTPS,2287
2288,53,UDP,DNS,2288
2289,10051,TCP,ZABBIX,2289
2290,443,TCP,HTTPS,2290
2291,5900,UDP,DAAPD,2291
2292,5432,TCP,SSH,2292
2293,443,TCP,HTTPS,2293
2294,23,TCP,TELNET,2294
2295,5900,UDP,HPSERVICE,2295
2296,10051,TCP,SSH,2296
2297,443,TCP,HTTPS,2297
2298,1433,TCP,EMS,2298
2299,5222,UDP,DNS,2299
2300,22,UDP,TELNET,2300
2301,500,UDP,TELNET,2301
2302,6969,TCP,HTTPS,2302
2303,1344,TCP,NETBIOS,2303
2304,21,TCP,FTP,2304
2305,5060,TCP,IMAP4,2305
2306,993,TCP,SSH,2306
2307,22,UDP,ACMSODA,2307
2308,3689,TCP,SIP,2308
2309,443,TCP,HTTPS,2309
2310,443,UDP,UBIQUITY,2310
2311,21,TCP,FTP,2311
2312,5900,UDP,SSH,2312
2313,445,TCP,EMS,2313
2314,6969,TCP,MDS,2314
2315,23,UDP,MDS,2315
2316,23,TCP,VNC,2316
2317,8000,TCP,SSH,2317
2318,80,TCP,HTTP,2318
2319,3689,UDP,HPSERVICE,2319
2320,8080,TCP,ZABBIX,2320
2321,6969,TCP,IMAP4,2321
2322,443,TCP,HTTPS,2322
2323,21,UDP,SIP,2323
2324,80,UDP,SNMP,2324
2325,21,TCP,HPSERVICE,2325
2326,10051,UDP,DNS,2326
2327,10001,UDP,RDP,2327
2328,993,TCP,RDP,2328
2329,500,TCP,PGSQL,2329
2330,587,UDP,XMPP,2330
2331,22,UDP,SIP,2331
2332,161,UDP,SSH,2332
2333,5061,TCP,VNC,2333
2334,8080,UDP,TELNET,2334
2335,6969,TCP,IMAP4,2335
2336,5432,UDP,NETBIOS,2336
2337,21,TCP,EMS,2337
2338,3389,TCP,IRDMI,2338
2339,993,UDP,DAAPD,2339
2340,5900,UDP,MSSQL,2340
2341,993,TCP,DNS,2341
2342,5061,UDP,TELNET,2342
2343,23,TCP,HPSERVICE,2343
2344,587,TCP,SIP,2344
2345,161,TCP,IRDMI,2345
2346,1344,UDP,SSH,2346
2347,5900,UDP,TELNET,2347
2348,443,TCP,HTTPS,2348
2349,80,UDP,SNMP,2349
2350,443,TCP,UBIQUITY,2350
2351,443,TCP,HTTPS,2351
2352,993,UDP,DAAPD,2352
2353,3389,TCP,MSSQL,2353
2354,8000,TCP,UBIQUITY,2354
2355,9100,UDP,NETBIOS,2355
2356,587,UDP,IRDMI,2356
2357,443,TCP,HTTPS,2357
2358,5222,TCP,HTTPS,2358
2359,23,TCP,HPSERVICE,2359
2360,5432,TCP,PGSQL,2360
2361,1344,TCP,TELNET,2361
2362,993,TCP,FTP,2362
2363,3128,UDP,ICAP,2363
2364,21,UDP,XMPP,2364
2365,22,TCP,HTTP,2365
2366,10001,UDP,ICAP,2366
2367,500,TCP,HTTPS,2367
2368,10051,TCP,ZABBIX,2368
2369,445,UDP,IMAP4,2369
2370,138,UDP,HPSERVICE,2370
2371,443,TCP,HTTPS,2371
2372,161,UDP,FTP,2372
2373,53,UDP,DNS,2373
2374,3389,UDP,SNMP,2374
2375,80,TCP,HTTP,2375
2376,5222,TCP,XMPP,2376
2377,138,UDP,IRDMI,2377
2378,9100,TCP,SNMP,2378
2379,5432,TCP,DAAPD,2379
2380,500,UDP,RDP,2380
2381,443,TCP,HTTPS,2381
2382,53,UDP,ZABBIX,2382
2383,137,TCP,ACMSODA,2383
2384,5900,UDP,FTP,2384
2385,53,UDP,DNS,2385
2386,9100,TCP,SSH,2386
2387,80,UDP,SIP,2387
2388,3689,UDP,SNMP,2388
2389,443,TCP,HTTPS,2389
2390,1344,TCP,NETBIOS,2390
2391,23,UDP,SIP,2391
2392,5432,UDP,HTTPS,2392
2393,8080,UDP,ICAP,2393
2394,500,UDP,DAAPD,2394
2395,443,UDP,HTTPS,2395
2396,23,TCP,HPSERVICE,2396
2397,21,TCP,FTP,2397
2398,3389,UDP,SNMP,2398
2399,445,TCP,IRDMI,2399
2400,80,UDP,SIP,2400
2401,443,TCP,HTTPS,2401
2402,8080,UDP,TELNET,2402
2403,10001,UDP,SSH,2403
2404,161,TCP,IRDMI,2404
2405,1344,UDP,HTTP,2405
2406,6969,TCP,ZABBIX,2406
2407,21,UDP,ICAP,2407
2408,53,UDP,DNS,2408
2409,21,TCP,FTP,2409
2410,993,TCP,NETBIOS,2410
2411,443,TCP,VNC,2411
2412,80,UDP,ZABBIX,2412
2413,6969,TCP,IMAP4,2413
2414,443,TCP,VNC,2414
2415,500,UDP,RDP,2415
2416,1433,UDP,MSSQL,2416
2417,53,UDP,DNS,2417
2418,587,TCP,ZABBIX,2418
2419,5060,UDP,MDS,2419
2420,500,TCP,IMAP4,2420
2421,138,UDP,HPSERVICE,2421
2422,138,UDP,VNC,2422
2423,5061,UDP,SNMP,2423
2424,22,UDP,ACMSODA,2424
2425,1344,UDP,PGSQL,2425
2426,53,UDP,XMPP,2426
2427,10051,TCP,SSH,2427
2428,5900,TCP,FTP,2428
2429,443,TCP,HTTPS,2429
2430,22,TCP,SSH,2430
2431,138,TCP,MSSQL,2431
2432,5900,UDP,SIP,2432
2433,443,TCP,HTTPS,2433
2434,5222,TCP,SIP,2434
2435,80,UDP,XMPP,2435
2436,8000,UDP,NETBIOS,2436
2437,443,UDP,MDS,2437
2438,138,UDP,ZABBIX,2438
2439,3389,UDP,SNMP,2439
2440,3689,TCP,PGSQL,2440
2441,5900,TCP,SNMP,2441
2442,9100,UDP,DAAPD,2442
2443,10051,TCP,UBIQUITY,2443
2444,5061,UDP,SNMP,2444
2445,6969,TCP,SNMP,2445
2446,5432,UDP,ACMSODA,2446
2447,53,UDP,HTTP,2447
2448,443,TCP,HTTPS,2448
2449,21,UDP,SIP,2449
2450,10001,UDP,SNMP,2450
2451,137,TCP,HTTPS,2451
2452,443,TCP,HTTPS,2452
2453,587,TCP,RDP,2453
2454,443,TCP,UBIQUITY,2454
2455,5432,UDP,ISAKMP,2455
2456,8080,TCP,EMS,2456
2457,80,TCP,HTTP,2457
2458,3389,TCP,HPSERVICE,2458
2459,443,TCP,UBIQUITY,2459
2460,53,UDP,DNS,2460
2461,443,TCP,HTTPS,2461
2462,443,TCP,HTTPS,2462
2463,3689,UDP,FTP,2463
2464,5222,UDP,SSH,2464
2465,3389,UDP,RDP,2465
2466,22,UDP,ACMSODA,2466
2467,443,UDP,ICAP,2467
2468,138,UDP,IRDMI,2468
2469,10001,UDP,RDP,2469
2470,5060,UDP,DAAPD,2470
2471,1433,TCP,EMS,2471
2472,443,UDP,HTTPS,2472
2473,993,UDP,DAAPD,2473
2474,443,TCP,HTTPS,2474
2475,443,TCP,HTTPS,2475
2476,80,TCP,HTTP,2476
2477,445,TCP,SSH,2477
2478,8080,TCP,FTP,2478
2479,443,TCP,HTTPS,2479
2480,161,TCP,RDP,2480
2481,443,TCP,HTTPS,2481
2482,22,TCP,UBIQUITY,2482
2483,80,UDP,ZABBIX,2483
2484,1344,TCP,NETBIOS,2484
2485,587,TCP,PGSQL,2485
2486,993,UDP,SNMP,2486
2487,445,UDP,DAAPD,2487
2488,1433,UDP,SSH,2488
2489,10051,UDP,MSSQL,2489
2490,8080,TCP,ACMSODA,2490
2491,5900,TCP,IRDMI,2491
2492,22,UDP,ACMSODA,2492
2493,10051,UDP,HPSERVICE,2493
2494,443,TCP,HTTPS,2494
2495,5900,UDP,FTP,2495
2496,8080,UDP,ICAP,2496
2497,8000,TCP,SSH,2497
2498,138,TCP,MSSQL,2498
2499,993,UDP,PGSQL,2499
2500,3689,UDP,IMAP4,2500
2501,161,TCP,TELNET,2501
2502,443,TCP,HTTPS,2502
2503,137,TCP,HTTPS,2503
2504,21,UDP,SIP,2504
2505,9100,UDP,DAAPD,2505
2506,5060,TCP,IMAP4,2506
2507,443,TCP,HTTPS,2507
2508,443,TCP,HTTPS,2508
2509,5222,UDP,EMS,2509
2510,3389,UDP,RDP,2510
2511,10051,UDP,SIP,2511
2512,53,UDP,TELNET,2512
2513,8000,TCP,UBIQUITY,2513
2514,443,TCP,ACMSODA,2514
2515,443,TCP,UBIQUITY,2515
2516,443,TCP,HTTPS,2516
2517,5061,TCP,VNC,2517
2518,5222,UDP,HTTP,2518
2519,22,TCP,SSH,2519
2520,443,TCP,HTTPS,2520
2521,22,UDP,ACMSODA,2521
2522,443,TCP,HTTPS,2522
2523,443,TCP,HTTPS,2523
2524,443,UDP,HTTPS,2524
2525,138,TCP,IRDMI,2525
2526,443,TCP,HTTPS,2526
2527,3389,TCP,SSH,2527
2528,443,TCP,HTTPS,2528
2529,5060,TCP,ICAP,2529
2530,443,TCP,HTTPS,2530
2531,1433,TCP,DNS,2531
2532,993,TCP,RDP,2532
2533,3389,UDP,SNMP,2533
2534,5061,UDP,PGSQL,2534
2535,138,UDP,IRDMI,2535
2536,445,UDP,DAAPD,2536
2537,3689,UDP,UBIQUITY,2537
2538,5061,UDP,TELNET,2538
2539,443,TCP,HTTPS,2539
2540,53,UDP,DNS,2540
2541,443,TCP,HTTPS,2541
2542,8080,TCP,ACMSODA,2542
2543,445,UDP,DNS,2543
2544,5060,UDP,MDS,2544
2545,5060,TCP,HTTP,2545
2546,21,UDP,XMPP,2546
2547,443,TCP,HTTPS,2547
2548,1433,UDP,ACMSODA,2548
2549,21,TCP,EMS,2549
2550,1344,TCP,UBIQUITY,2550
2551,1433,TCP,VNC,2551
2552,993,UDP,TELNET,2552
2553,5061,UDP,ACMSODA,2553
2554,10051,TCP,ZABBIX,2554
2555,80,UDP,SIP,2555
2556,3128,TCP,HTTP,2556
2557,5061,UDP,ACMSODA,2557
2558,53,UDP,TELNET,2558
2559,161,TCP,DAAPD,2559
2560,5060,UDP,MSSQL,2560
2561,10051,UDP,MSSQL,2561
2562,587,UDP,EMS,2562
2563,22,TCP,HTTP,2563
2564,443,TCP,HTTPS,2564
2565,8000,UDP,HTTP,2565
2566,22,UDP,PGSQL,2566
2567,587,UDP,ICAP,2567
2568,21,UDP,FTP,2568
2569,5432,TCP,RDP,2569
2570,5222,UDP,PGSQL,2570
2571,8000,UDP,SIP,2571
2572,5222,UDP,SSH,2572
2573,5432,UDP,MSSQL,2573
2574,23,TCP,RDP,2574
2575,443,TCP,RDP,2575
2576,445,TCP,PGSQL,2576
2577,500,UDP,XMPP,2577
2578,5432,UDP,ISAKMP,2578
2579,443,TCP,HTTPS,2579
2580,443,TCP,HTTPS,2580
2581,5432,UDP,IMAP4,2581
2582,500,TCP,TELNET,2582
2583,443,UDP,FTP,2583
2584,587,TCP,PGSQL,2584
2585,5900,TCP,MDS,2585
2586,500,UDP,DAAPD,2586
2587,3389,TCP,MDS,2587
2588,161,UDP,PGSQL,2588
2589,161,UDP,IRDMI,2589
2590,80,UDP,XMPP,2590
2591,587,TCP,RDP,2591
2592,3389,TCP,HPSERVICE,2592
2593,137,TCP,IRDMI,2593
2594,10051,UDP,SIP,2594
2595,21,TCP,IMAP4,2595
2596,587,TCP,PGSQL,2596
2597,500,TCP,PGSQL,2597
2598,21,UDP,ACMSODA,2598
2599,8080,UDP,TELNET,2599
2600,1344,UDP,SSH,2600
2601,5060,UDP,FTP,2601
2602,993,TCP,RDP,2602
2603,5900,UDP,FTP,2603
2604,5432,UDP,DNS,2604
2605,500,UDP,SNMP,2605
2606,6969,UDP,ZABBIX,2606
2607,5222,UDP,SSH,2607
2608,138,TCP,ACMSODA,2608
2609,8080,UDP,HPSERVICE,2609
2610,5060,TCP,ACMSODA,2610
2611,443,TCP,HTTPS,2611
2612,8080,UDP,TELNET,2612
2613,80,TCP,HTTPS,2613
2614,80,UDP,ZABBIX,2614
2615,53,UDP,ISAKMP,2615
2616,443,TCP,HTTPS,2616
2617,10001,TCP,ZABBIX,2617
2618,5061,UDP,DNS,2618
2619,80,UDP,HTTP,2619
2620,500,TCP,SSH,2620
2621,137,TCP,IRDMI,2621
2622,443,TCP,HTTPS,2622
2623,21,TCP,FTP,2623
2624,10001,UDP,UBIQUITY,2624
2625,5060,TCP,ACMSODA,2625
2626,137,TCP,RDP,2626
2627,3128,UDP,ICAP,2627
2628,1433,UDP,ACMSODA,2628
2629,53,UDP,DNS,2629
2630,9100,UDP,DAAPD,2630
2631,8080,UDP,EMS,2631
2632,443,TCP,IRDMI,2632
2633,443,TCP,HTTPS,2633
2634,500,TCP,DNS,2634
2635,5900,UDP,MDS,2635
2636,443,TCP,HTTPS,2636
2637,8080,TCP,ZABBIX,2637
2638,3128,TCP,ACMSODA,2638
2639,161,UDP,SSH,2639
2640,10001,TCP,FTP,2640
2641,5061,UDP,HTTPS,2641
2642,10001,UDP,RDP,2642
2643,5060,UDP,MSSQL,2643
2644,8080,UDP,TELNET,2644
2645,443,UDP,HTTPS,2645
2646,10051,UDP,VNC,2646
2647,445,UDP,DAAPD,2647
2648,23,TCP,HPSERVICE,2648
2649,3128,TCP,SNMP,2649
2650,161,UDP,SSH,2650
2651,1433,TCP,IMAP4,2651
2652,443,TCP,HTTPS,2652
2653,587,UDP,IRDMI,2653
2654,8080,UDP,EMS,2654
2655,3128,UDP,ICAP,2655
2656,8000,UDP,HPSERVICE,2656
2657,500,UDP,TELNET,2657
2658,22,UDP,VNC,2658
2659,5060,TCP,NETBIOS,2659
2660,3689,UDP,VNC,2660
2661,23,TCP,VNC,2661
2662,10001,UDP,SNMP,2662
2663,161,UDP,PGSQL,2663
2664,3689,UDP,VNC,2664
2665,993,UDP,DAAPD,2665
2666,23,UDP,FTP,2666
2667,21,TCP,FTP,2667
2668,5222,UDP,RDP,2668
2669,5061,UDP,DNS,2669
2670,80,TCP,HTTP,2670
2671,993,UDP,DAAPD,2671
2672,443,TCP,HTTPS,2672
2673,10001,TCP,MDS,2673
2674,5060,TCP,HTTPS,2674
2675,443,TCP,HTTPS,2675
2676,3689,TCP,ICAP,2676
2677,993,UDP,DAAPD,2677
2678,161,TCP,RDP,2678
2679,3389,UDP,SNMP,2679
2680,500,UDP,DAAPD,2680
2681,6969,TCP,ZABBIX,2681
2682,21,UDP,ACMSODA,2682
2683,443,TCP,HTTPS,2683
2684,993,TCP,SSH,2684
2685,10051,UDP,HTTPS,2685
2686,22,UDP,MSSQL,2686
2687,5432,UDP,MSSQL,2687
2688,3689,UDP,HPSERVICE,2688
2689,80,TCP,FTP,2689
2690,137,TCP,RDP,2690
2691,443,UDP,ISAKMP,2691
2692,5222,TCP,HTTPS,2692
2693,23,TCP,HPSERVICE,2693
2694,445,TCP,HPSERVICE,2694
2695,53,TCP,SNMP,2695
2696,443,TCP,HTTPS,2696
2697,5432,UDP,ISAKMP,2697
2698,23,UDP,MDS,2698
2699,53,UDP,XMPP,2699
2700,22,TCP,VNC,2700
2701,443,UDP,IMAP4,2701
2702,3128,TCP,SSH,2702
2703,8000,UDP,NETBIOS,2703
2704,443,UDP,ICAP,2704
2705,161,TCP,FTP,2705
2706,3389,TCP,ACMSODA,2706
2707,137,TCP,IRDMI,2707
2708,443,TCP,HTTPS,2708
2709,161,UDP,SSH,2709
2710,5060,TCP,HTTP,2710
2711,53,UDP,DNS,2711
2712,22,UDP,ISAKMP,2712
2713,445,TCP,SSH,2713
2714,443,TCP,VNC,2714
2715,10001,UDP,ZABBIX,2715
2716,587,TCP,RDP,2716
2717,443,TCP,HTTPS,2717
2718,3128,UDP,ZABBIX,2718
2719,5432,UDP,IMAP4,2719
2720,5900,UDP,MSSQL,2720
2721,500,TCP,DNS,2721
2722,993,UDP,TELNET,2722
2723,5061,UDP,HTTP,2723
2724,5900,TCP,MDS,2724
2725,23,UDP,FTP,2725
2726,5060,TCP,ACMSODA,2726
2727,5432,UDP,DNS,2727
2728,3389,TCP,MSSQL,2728
2729,5061,UDP,DNS,2729
2730,6969,TCP,IMAP4,2730
2731,993,UDP,PGSQL,2731
2732,22,TCP,MSSQL,2732
2733,22,TCP,PGSQL,2733
2734,443,TCP,UBIQUITY,2734
2735,443,TCP,HTTPS,2735
2736,443,TCP,HTTPS,2736
2737,3128,UDP,IRDMI,2737
2738,21,UDP,ACMSODA,2738
2739,1433,TCP,PGSQL,2739
2740,10051,UDP,VNC,2740
2741,10001,UDP,ICAP,2741
2742,993,TCP,HTTP,2742
2743,443,TCP,HTTPS,2743
2744,443,TCP,HTTPS,2744
2745,6969,TCP,RDP,2745
2746,443,TCP,VNC,2746
2747,5222,UDP,EMS,2747
2748,53,UDP,TELNET,2748
2749,21,UDP,SSH,2749
2750,10001,UDP,SNMP,2750
2751,21,UDP,ISAKMP,2751
2752,5061,UDP,SNMP,2752
2753,443,TCP,HTTPS,2753
2754,80,TCP,PGSQL,2754
2755,6969,TCP,UBIQUITY,2755
2756,6969,TCP,UBIQUITY,2756
2757,5900,UDP,MSSQL,2757
2758,8000,UDP,DNS,2758
2759,53,UDP,VNC,2759
2760,5222,UDP,DNS,2760
2761,21,TCP,FTP,2761
2762,445,UDP,HTTPS,2762
2763,22,TCP,VNC,2763
2764,443,TCP,HTTPS,2764
2765,137,UDP,VNC,2765
2766,443,TCP,HTTPS,2766
2767,21,UDP,FTP,2767
2768,5222,TCP,EMS,2768
2769,5432,UDP,MSSQL,2769
2770,443,TCP,HTTPS,2770
2771,5222,TCP,SNMP,2771
2772,10051,UDP,DNS,2772
2773,5432,TCP,VNC,2773
2774,1433,TCP,IMAP4,2774
2775,22,UDP,VNC,2775
2776,53,UDP,DNS,2776
2777,587,UDP,HTTP,2777
2778,22,UDP,TELNET,2778
2779,5900,UDP,SIP,2779
2780,443,TCP,HTTPS,2780
2781,21,TCP,MDS,2781
2782,3689,TCP,SSH,2782
2783,80,TCP,HTTP,2783
2784,138,UDP,HPSERVICE,2784
2785,5432,UDP,ISAKMP,2785
2786,587,UDP,ICAP,2786
2787,5900,UDP,FTP,2787
2788,500,UDP,RDP,2788
2789,21,UDP,SIP,2789
2790,443,TCP,HTTPS,2790
2791,10051,UDP,MSSQL,2791
2792,1344,UDP,ICAP,2792
2793,3689,UDP,MSSQL,2793
2794,443,TCP,HTTPS,2794
2795,5900,TCP,SNMP,2795
2796,5061,UDP,TELNET,2796
2797,10051,TCP,ISAKMP,2797
2798,5432,UDP,MSSQL,2798
2799,1344,TCP,TELNET,2799
2800,443,TCP,VNC,2800
2801,3389,UDP,EMS,2801
2802,10001,UDP,ZABBIX,2802
2803,443,TCP,HTTPS,2803
2804,500,UDP,TELNET,2804
2805,5900,UDP,MDS,2805
2806,1433,TCP,PGSQL,2806
2807,5060,UDP,MSSQL,2807
2808,5060,UDP,MSSQL,2808
2809,53,UDP,FTP,2809
2810,445,UDP,SNMP,2810
2811,53,UDP,XMPP,2811
2812,3389,TCP,SSH,2812
2813,443,TCP,UBIQUITY,2813
2814,443,TCP,HTTPS,2814
2815,21,UDP,VNC,2815
2816,137,TCP,RDP,2816
2817,8000,TCP,DNS,2817
2818,443,TCP,HTTPS,2818
2819,8080,TCP,ACMSODA,2819
2820,6969,UDP,SNMP,2820
2821,3389,TCP,HTTPS,2821
2822,10051,UDP,ICAP,2822
2823,161,UDP,VNC,2823
2824,22,TCP,UBIQUITY,2824
2825,5432,UDP,HTTPS,2825
2826,993,UDP,DAAPD,2826
2827,3389,UDP,IRDMI,2827
2828,21,UDP,HTTPS,2828
2829,500,UDP,DNS,2829
2830,443,TCP,HTTPS,2830
2831,5060,UDP,FTP,2831
2832,1344,TCP,TELNET,2832
2833,993,TCP,IMAP4,2833
2834,445,UDP,HTTP,2834
2835,1433,TCP,DNS,2835
2836,5900,UDP,MDS,2836
2837,3689,TCP,SSH,2837
2838,10051,UDP,MDS,2838
2839,5432,UDP,MSSQL,2839
2840,80,TCP,FTP,2840
2841,1433,UDP,HPSERVICE,2841
2842,443,TCP,HTTPS,2842
2843,23,TCP,EMS,2843
2844,5432,UDP,IMAP4,2844
2845,993,UDP,PGSQL,2845
2846,5222,TCP,TELNET,2846
2847,1344,TCP,TELNET,2847
2848,138,TCP,IRDMI,2848
2849,8080,TCP,ACMSODA,2849
2850,21,TCP,MSSQL,2850
2851,443,TCP,HTTPS,2851
2852,5900,UDP,FTP,2852
2853,53,UDP,DNS,2853
2854,443,TCP,HTTPS,2854
2855,10001,TCP,MDS,2855
2856,443,UDP,MDS,2856
2857,443,TCP,HTTPS,2857
2858,5900,TCP,RDP,2858
2859,22,UDP,SIP,2859
2860,3689,UDP,UBIQUITY,2860
2861,443,TCP,HTTPS,2861
2862,137,TCP,HTTPS,2862
2863,587,UDP,RDP,2863
2864,21,UDP,XMPP,2864
2865,80,UDP,HTTP,2865
2866,10051,UDP,HTTPS,2866
2867,80,UDP,HTTP,2867
2868,443,TCP,HTTPS,2868
2869,5432,UDP,RDP,2869
2870,443,TCP,UBIQUITY,2870
2871,445,TCP,IRDMI,2871
2872,500,UDP,TELNET,2872
2873,21,UDP,ACMSODA,2873
2874,587,UDP,IRDMI,2874
2875,5432,UDP,IMAP4,2875
2876,445,UDP,DNS,2876
2877,587,UDP,HTTP,2877
2878,3689,UDP,MSSQL,2878
2879,993,TCP,NETBIOS,2879
2880,8000,TCP,HTTPS,2880
2881,443,TCP,HTTPS,2881
2882,22,UDP,SIP,2882
2883,1433,UDP,ZABBIX,2883
2884,138,UDP,IRDMI,2884
2885,443,TCP,HTTPS,2885
2886,22,UDP,MSSQL,2886
2887,5900,TCP,UBIQUITY,2887
2888,443,UDP,MDS,2888
2889,21,UDP,HTTPS,2889
2890,161,UDP,UBIQUITY,2890
2891,443,TCP,RDP,2891
2892,161,UDP,VNC,2892
2893,138,UDP,MDS,2893
2894,3389,UDP,SNMP,2894
2895,80,TCP,HTTPS,2895
2896,993,TCP,DNS,2896
2897,1344,TCP,TELNET,2897
2898,5432,UDP,MSSQL,2898
2899,23,UDP,SIP,2899
2900,10051,UDP,SIP,2900
2901,6969,TCP,HTTPS,2901
2902,443,TCP,HTTPS,2902
2903,5432,UDP,IMAP4,2903
2904,23,UDP,SIP,2904
2905,5060,TCP,MDS,2905
2906,587,TCP,RDP,2906
2907,3389,TCP,MDS,2907
2908,443,TCP,HTTPS,2908
2909,53,UDP,DNS,2909
2910,22,TCP,ZABBIX,2910
2911,3389,TCP,IMAP4,2911
2912,5900,TCP,PGSQL,2912
2913,161,UDP,VNC,2913
2914,443,TCP,HTTPS,2914
2915,21,TCP,ZABBIX,2915
2916,3128,TCP,IMAP4,2916
2917,22,UDP,VNC,2917
2918,500,TCP,SIP,2918
2919,10001,UDP,RDP,2919
2920,138,UDP,VNC,2920
2921,5900,UDP,MDS,2921
2922,587,TCP,EMS,2922
2923,500,TCP,SSH,2923
2924,5222,TCP,EMS,2924
2925,22,UDP,PGSQL,2925
2926,443,TCP,HTTPS,2926
2927,587,UDP,IRDMI,2927
2928,9100,UDP,MDS,2928
2929,6969,TCP,UBIQUITY,2929
2930,53,TCP,SNMP,2930
2931,5061,UDP,ACMSODA,2931
2932,138,UDP,IRDMI,2932
2933,10051,UDP,MSSQL,2933
2934,80,UDP,SNMP,2934
2935,5222,UDP,MSSQL,2935
2936,445,UDP,HTTP,2936
2937,5061,TCP,FTP,2937
2938,5900,UDP,EMS,2938
2939,3389,TCP,SSH,2939
2940,1344,TCP,UBIQUITY,2940
2941,5900,TCP,FTP,2941
2942,5900,UDP,ISAKMP,2942
2943,10051,UDP,MDS,2943
2944,1344,TCP,UBIQUITY,2944
2945,3689,TCP,HTTP,2945
2946,587,UDP,XMPP,2946
2947,587,UDP,FTP,2947
2948,500,TCP,ACMSODA,2948
2949,5900,TCP,FTP,2949
2950,5222,TCP,ICAP,2950
2951,500,TCP,IMAP4,2951
2952,5432,UDP,HTTPS,2952
2953,443,TCP,HTTPS,2953
2954,587,UDP,FTP,2954
2955,6969,UDP,DAAPD,2955
2956,5060,TCP,ICAP,2956
2957,1433,UDP,ACMSODA,2957
2958,587,UDP,EMS,2958
2959,587,UDP,FTP,2959
2960,5900,UDP,TELNET,2960
2961,3389,UDP,SNMP,2961
2962,5060,UDP,HTTPS,2962
2963,3689,UDP,MSSQL,2963
2964,5061,UDP,SNMP,2964
2965,443,TCP,HTTPS,2965
2966,138,TCP,IRDMI,2966
2967,80,TCP,HTTP,2967
2968,21,UDP,ACMSODA,2968
2969,3128,UDP,ZABBIX,2969
2970,22,TCP,HTTP,2970
2971,8080,UDP,FTP,2971
2972,10051,UDP,MSSQL,2972
2973,80,UDP,ZABBIX,2973
2974,500,UDP,RDP,2974
2975,161,UDP,SSH,2975
2976,3389,TCP,SSH,2976
2977,21,TCP,VNC,2977
2978,443,TCP,HTTPS,2978
2979,5060,TCP,NETBIOS,2979
2980,21,UDP,ACMSODA,2980
2981,587,TCP,RDP,2981
2982,10001,UDP,ZABBIX,2982
2983,443,TCP,ACMSODA,2983
2984,5432,TCP,XMPP,2984
2985,1433,UDP,XMPP,2985
2986,53,UDP,DNS,2986
2987,161,TCP,IRDMI,2987
2988,5900,UDP,SIP,2988
2989,445,UDP,DAAPD,2989
2990,443,TCP,HTTPS,2990
2991,137,TCP,MDS,2991
2992,80,TCP,HTTP,2992
2993,6969,TCP,ZABBIX,2993
2994,22,UDP,SIP,2994
2995,3389,UDP,IRDMI,2995
2996,500,TCP,ICAP,2996
2997,10051,TCP,ZABBIX,2997
2998,993,UDP,TELNET,2998
2999,8000,UDP,DNS,2999
3000,5222,TCP,SIP,3000
3001,5900,UDP,MDS,3001
3002,443,TCP,IRDMI,3002
3003,6969,TCP,ZABBIX,3003
3004,443,TCP,HTTPS,3004
3005,8080,TCP,IRDMI,3005
3006,10001,UDP,SSH,3006
3007,5061,TCP,VNC,3007
3008,10051,TCP,ISAKMP,3008
3009,500,TCP,PGSQL,3009
3010,500,UDP,RDP,3010
3011,5061,TCP,ACMSODA,3011
3012,1344,TCP,NETBIOS,3012
3013,6969,TCP,HTTPS,3013
3014,1433,TCP,SSH,3014
3015,1344,UDP,ICAP,3015
3016,5900,UDP,HTTP,3016
3017,10001,UDP,ICAP,3017
3018,443,TCP,IMAP4,3018
3019,3689,TCP,HTTP,3019
3020,500,TCP,PGSQL,3020
3021,587,TCP,PGSQL,3021
3022,500,UDP,XMPP,3022
3023,5222,TCP,HTTPS,3023
3024,443,UDP,UBIQUITY,3024
3025,10001,UDP,ICAP,3025
3026,80,TCP,HTTP,3026
3027,5060,UDP,DAAPD,3027
3028,3128,TCP,SNMP,3028
3029,6969,TCP,UBIQUITY,3029
3030,3689,UDP,VNC,3030
3031,443,UDP,SNMP,3031
3032,5432,UDP,MSSQL,3032
3033,5900,UDP,DAAPD,3033
3034,10051,UDP,DNS,3034
3035,23,TCP,VNC,3035
3036,993,TCP,SSH,3036
3037,3128,TCP,ACMSODA,3037
3038,22,UDP,IRDMI,3038
3039,3389,TCP,MSSQL,3039
3040,5222,TCP,SNMP,3040
3041,8000,TCP,SSH,3041
3042,3689,TCP,HTTP,3042
3043,993,UDP,ZABBIX,3043
3044,53,UDP,DNS,3044
3045,443,TCP,HTTPS,3045
3046,5432,UDP,ACMSODA,3046
3047,6969,UDP,SNMP,3047
3048,161,UDP,UBIQUITY,3048
3049,3389,UDP,RDP,3049
3050,53,UDP,NETBIOS,3050
3051,5222,UDP,SSH,3051
3052,3128,UDP,ICAP,3052
3053,993,TCP,NETBIOS,3053
3054,53,TCP,MSSQL,3054
3055,1433,UDP,DAAPD,3055
3056,80,UDP,XMPP,3056
3057,80,UDP,SIP,3057
3058,443,TCP,HTTPS,3058
3059,445,TCP,RDP,3059
3060,8080,UDP,SNMP,3060
3061,10051,UDP,ICAP,3061
3062,3689,TCP,ISAKMP,3062
3063,80,TCP,HTTP,3063
3064,443,TCP,HTTP,3064
3065,443,TCP,IRDMI,3065
3066,500,TCP,IMAP4,3066
3067,10051,UDP,SIP,3067
3068,3128,UDP,ICAP,3068
3069,22,TCP,HTTP,3069
3070,161,UDP,TELNET,3070
3071,587,UDP,IMAP4,3071
3072,22,TCP,IMAP4,3072
3073,3128,UDP,ICAP,3073
3074,443,TCP,HTTPS,3074
3075,5060,UDP,EMS,3075
3076,8080,UDP,ICAP,3076
3077,3128,TCP,UBIQUITY,3077
3078,5222,TCP,SIP,3078
3079,993,TCP,RDP,3079
3080,5060,TCP,HPSERVICE,3080
3081,587,TCP,RDP,3081
3082,137,TCP,MSSQL,3082
3083,3389,TCP,HTTPS,3083
3084,5222,TCP,SNMP,3084
3085,137,TCP,ACMSODA,3085
3086,5432,TCP,ZABBIX,3086
3087,587,UDP,HTTP,3087
3088,3689,TCP,SSH,3088
3089,161,TCP,FTP,3089
3090,5900,TCP,RDP,3090
3091,5432,UDP,DNS,3091
3092,587,UDP,IRDMI,3092
3093,443,TCP,HTTPS,3093
3094,1344,TCP,UBIQUITY,3094
3095,6969,TCP,XMPP,3095
3096,5061,TCP,VNC,3096
3097,8080,UDP,HPSERVICE,3097
3098,5900,UDP,SIP,3098
3099,500,UDP,SNMP,3099
3100,23,UDP,FTP,3100
3101,6969,UDP,DAAPD,3101
3102,21,UDP,HTTPS,3102
3103,443,TCP,HTTPS,3103
3104,587,TCP,PGSQL,3104
3105,5061,TCP,ICAP,3105
3106,587,UDP,EMS,3106
3107,5432,UDP,HTTPS,3107
3108,8080,UDP,SSH,3108
3109,443,TCP,HTTPS,3109
3110,993,TCP,PGSQL,3110
3111,5900,UDP,MDS,3111
3112,53,UDP,DNS,3112
3113,21,UDP,ICAP,3113
3114,5060,UDP,RDP,3114
3115,80,TCP,HTTP,3115
3116,1344,TCP,NETBIOS,3116
3117,443,TCP,HTTP,3117
3118,443,TCP,HTTPS,3118
3119,445,UDP,IMAP4,3119
3120,10051,UDP,VNC,3120
3121,22,UDP,PGSQL,3121
3122,443,TCP,HTTPS,3122
3123,587,UDP,FTP,3123
3124,23,TCP,FTP,3124
3125,443,UDP,IRDMI,3125
3126,443,TCP,HTTPS,3126
3127,993,UDP,MDS,3127
3128,443,TCP,HTTPS,3128
3129,161,UDP,FTP,3129
3130,161,UDP,PGSQL,3130
3131,1344,UDP,ICAP,3131
3132,587,TCP,MDS,3132
3133,137,TCP,FTP,3133
3134,8000,TCP,ICAP,3134
3135,443,TCP,HTTPS,3135
3136,443,TCP,HTTPS,3136
3137,443,TCP,HTTPS,3137
3138,8080,UDP,TELNET,3138
3139,993,TCP,NETBIOS,3139
3140,5060,UDP,MDS,3140
3141,1433,TCP,ISAKMP,3141
3142,3389,TCP,SSH,3142
3143,138,UDP,IRDMI,3143
3144,1433,TCP,PGSQL,3144
3145,445,UDP,DNS,3145
3146,443,TCP,HTTPS,3146
3147,5061,UDP,HTTPS,3147
3148,53,UDP,HTTP,3148
3149,445,TCP,TELNET,3149
3150,8080,UDP,ICAP,3150
3151,443,TCP,HTTPS,3151
3152,5222,UDP,EMS,3152
3153,443,TCP,HTTPS,3153
3154,5432,UDP,IMAP4,3154
3155,21,TCP,FTP,3155
3156,138,TCP,MSSQL,3156
3157,8000,TCP,MSSQL,3157
3158,9100,TCP,SSH,3158
3159,500,TCP,PGSQL,3159
3160,22,TCP,HTTPS,3160
3161,8000,UDP,SIP,3161
3162,9100,TCP,MDS,3162
3163,3128,UDP,ICAP,3163
3164,138,UDP,ZABBIX,3164
3165,137,TCP,RDP,3165
3166,80,TCP,HPSERVICE,3166
3167,161,UDP,UBIQUITY,3167
3168,443,TCP,IRDMI,3168
3169,443,TCP,HTTPS,3169
3170,53,UDP,DNS,3170
3171,138,TCP,DNS,3171
3172,22,UDP,ISAKMP,3172
3173,5061,TCP,VNC,3173
3174,1433,TCP,MDS,3174
3175,443,TCP,HTTPS,3175
3176,8080,UDP,MSSQL,3176
3177,5061,UDP,HTTP,3177
3178,993,UDP,PGSQL,3178
3179,993,TCP,SNMP,3179
3180,138,UDP,NETBIOS,3180
3181,80,UDP,DAAPD,3181
3182,23,UDP,FTP,3182
3183,10051,TCP,ISAKMP,3183
3184,3128,TCP,SNMP,3184
3185,5900,TCP,MDS,3185
3186,443,TCP,HTTPS,3186
3187,1344,UDP,PGSQL,3187
3188,138,TCP,ACMSODA,3188
3189,5432,UDP,ICAP,3189
3190,443,TCP,HTTPS,3190
3191,21,TCP,EMS,3191
3192,5222,TCP,ICAP,3192
3193,5900,UDP,MDS,3193
3194,1433,TCP,VNC,3194
3195,53,UDP,DNS,3195
3196,8080,UDP,UBIQUITY,3196
3197,80,TCP,MSSQL,3197
3198,5432,UDP,ACMSODA,3198
3199,1344,UDP,MDS,3199
3200,137,UDP,HTTPS,3200
3201,445,UDP,IMAP4,3201
3202,587,TCP,ZABBIX,3202
3203,22,UDP,IRDMI,3203
3204,3128,UDP,ICAP,3204
3205,1433,TCP,SSH,3205
3206,161,UDP,TELNET,3206
3207,445,TCP,EMS,3207
3208,3128,UDP,ICAP,3208
3209,993,TCP,DNS,3209
3210,80,TCP,HPSERVICE,3210
3211,1433,TCP,SSH,3211
3212,443,TCP,HTTPS,3212
3213,5222,UDP,MDS,3213
3214,500,TCP,PGSQL,3214
3215,10001,UDP,SSH,3215
3216,8080,UDP,XMPP,3216
3217,6969,UDP,SNMP,3217
3218,5060,TCP,NETBIOS,3218
3219,443,UDP,ICAP,3219
3220,8080,UDP,ACMSODA,3220
3221,443,TCP,HTTPS,3221
3222,993,TCP,DNS,3222
3223,5222,TCP,HTTPS,3223
3224,5432,TCP,SSH,3224
3225,80,TCP,HTTP,3225
3226,443,TCP,HTTPS,3226
3227,6969,TCP,IMAP4,3227
3228,137,TCP,HTTPS,3228
3229,443,TCP,VNC,3229
3230,587,UDP,XMPP,3230
3231,9100,TCP,SSH,3231
3232,5900,UDP,MSSQL,3232
3233,22,UDP,TELNET,3233
3234,993,TCP,IMAP4,3234
3235,5432,TCP,DAAPD,3235
3236,500,TCP,ISAKMP,3236
3237,587,TCP,RDP,3237
3238,5061,UDP,ACMSODA,3238
3239,8080,UDP,FTP,3239
3240,161,TCP,IRDMI,3240
3241,3689,TCP,HTTP,3241
3242,138,TCP,ACMSODA,3242
3243,80,UDP,XMPP,3243
3244,161,TCP,XMPP,3244
3245,80,TCP,HTTP,3245
3246,5432,UDP,RDP,3246
3247,5432,UDP,ISAKMP,3247
3248,5432,TCP,VNC,3248
3249,587,UDP,EMS,3249
3250,53,UDP,DNS,3250
3251,9100,UDP,IRDMI,3251
3252,587,UDP,XMPP,3252
3253,5900,UDP,HTTP,3253
3254,3689,UDP,TELNET,3254
3255,3128,UDP,SNMP,3255
3256,53,UDP,DNS,3256
3257,161,UDP,PGSQL,3257
3258,53,UDP,DNS,3258
3259,53,UDP,DNS,3259
3260,3389,UDP,SNMP,3260
3261,3389,TCP,MSSQL,3261
3262,5900,UDP,EMS,3262
3263,8080,TCP,ACMSODA,3263
3264,1344,TCP,UBIQUITY,3264
3265,993,UDP,HPSERVICE,3265
3266,161,UDP,HPSERVICE,3266
3267,10051,UDP,SIP,3267
3268,443,TCP,UBIQUITY,3268
3269,6969,TCP,DNS,3269
3270,8080,UDP,ACMSODA,3270
3271,3128,UDP,IMAP4,3271
3272,5900,UDP,MSSQL,3272
3273,5060,TCP,ACMSODA,3273
3274,5061,TCP,VNC,3274
3275,3689,TCP,PGSQL,3275
3276,6969,UDP,ICAP,3276
3277,161,UDP,FTP,3277
3278,5060,TCP,IMAP4,3278
3279,443,TCP,HTTPS,3279
3280,1433,UDP,ZABBIX,3280
3281,5061,UDP,PGSQL,3281
3282,3689,UDP,HTTP,3282
3283,443,TCP,HTTPS,3283
3284,5060,UDP,HTTPS,3284
3285,5900,UDP,ISAKMP,3285
3286,3389,UDP,SNMP,3286
3287,1344,TCP,NETBIOS,3287
3288,5900,UDP,MSSQL,3288
3289,22,UDP,PGSQL,3289
3290,1344,TCP,UBIQUITY,3290
3291,5060,UDP,TELNET,3291
3292,8080,UDP,ZABBIX,3292
3293,443,TCP,HTTPS,3293
3294,443,TCP,HTTPS,3294
3295,443,TCP,HTTPS,3295
3296,445,UDP,DNS,3296
3297,53,TCP,MSSQL,3297
3298,138,TCP,IRDMI,3298
3299,8080,TCP,ACMSODA,3299
3300,443,TCP,HTTPS,3300
3301,5222,TCP,ICAP,3301
3302,8080,UDP,SSH,3302
3303,6969,TCP,HTTPS,3303
3304,53,UDP,DNS,3304
3305,161,TCP,IMAP4,3305
3306,53,UDP,DNS,3306
3307,10001,UDP,FTP,3307
3308,443,TCP,HTTPS,3308
3309,993,TCP,IMAP4,3309
3310,5900,TCP,ZABBIX,3310
3311,5222,UDP,RDP,3311
3312,9100,UDP,ZABBIX,3312
3313,1344,TCP,TELNET,3313
3314,8080,TCP,ACMSODA,3314
3315,5061,UDP,TELNET,3315
3316,443,TCP,HTTPS,3316
3317,23,TCP,IMAP4,3317
3318,443,UDP,SNMP,3318
3319,22,TCP,MSSQL,3319
3320,22,TCP,HTTP,3320
3321,5432,UDP,RDP,3321
3322,137,TCP,XMPP,3322
3323,445,UDP,DNS,3323
3324,161,UDP,IRDMI,3324
3325,10051,TCP,ISAKMP,3325
3326,443,TCP,HTTPS,3326
3327,500,TCP,IMAP4,3327
3328,22,TCP,VNC,3328
3329,443,TCP,HTTPS,3329
3330,443,TCP,HTTPS,3330
3331,161,UDP,PGSQL,3331
3332,53,UDP,DNS,3332
3333,1344,TCP,UBIQUITY,3333
3334,5061,UDP,TELNET,3334
3335,5432,UDP,HTTPS,3335
3336,1344,TCP,UBIQUITY,3336
3337,3128,UDP,IRDMI,3337
3338,443,TCP,HTTPS,3338
3339,8080,UDP,ICAP,3339
3340,587,UDP,HTTP,3340
3341,443,TCP,HTTPS,3341
3342,5432,UDP,ISAKMP,3342
3343,53,UDP,DNS,3343
3344,3389,UDP,SIP,3344
3345,3128,UDP,SNMP,3345
3346,5061,TCP,VNC,3346
3347,5900,UDP,DAAPD,3347
3348,5432,UDP,MSSQL,3348
3349,3389,TCP,HTTPS,3349
3350,3689,UDP,TELNET,3350
3351,138,TCP,ACMSODA,3351
3352,6969,UDP,ACMSODA,3352
3353,3389,TCP,UBIQUITY,3353
3354,6969,TCP,ISAKMP,3354
3355,443,TCP,HTTPS,3355
3356,80,UDP,VNC,3356
3357,6969,UDP,DNS,3357
3358,443,TCP,HTTPS,3358
3359,500,UDP,VNC,3359
3360,993,TCP,NETBIOS,3360
3361,443,TCP,UBIQUITY,3361
3362,993,TCP,DNS,3362
3363,5061,TCP,ICAP,3363
3364,443,TCP,HTTPS,3364
3365,1344,TCP,NETBIOS,3365
3366,5900,UDP,SIP,3366
3367,1344,UDP,MDS,3367
3368,443,UDP,ACMSODA,3368
3369,80,TCP,HTTP,3369
3370,5222,TCP,HTTPS,3370
3371,5900,TCP,TELNET,3371
3372,500,TCP,ISAKMP,3372
3373,5432,UDP,HTTPS,3373
3374,5432,UDP,MSSQL,3374
3375,10051,TCP,ISAKMP,3375
3376,443,TCP,UBIQUITY,3376
3377,5900,UDP,MDS,3377
3378,443,TCP,HTTPS,3378
3379,5222,TCP,EMS,3379
3380,1344,TCP,UBIQUITY,3380
3381,53,UDP,VNC,3381
3382,5432,UDP,ISAKMP,3382
3383,587,UDP,IRDMI,3383
3384,5432,UDP,IMAP4,3384
3385,23,TCP,HPSERVICE,3385
3386,21,UDP,HTTPS,3386
3387,443,TCP,HTTPS,3387
3388,5060,TCP,NETBIOS,3388
3389,5060,UDP,EMS,3389
3390,5900,UDP,HPSERVICE,3390
3391,161,TCP,TELNET,3391
3392,9100,UDP,MDS,3392
3393,23,TCP,EMS,3393
3394,1344,TCP,UBIQUITY,3394
3395,500,UDP,TELNET,3395
3396,53,UDP,DNS,3396
3397,6969,UDP,DAAPD,3397
3398,161,TCP,IRDMI,3398
3399,5432,UDP,MSSQL,3399
3400,500,UDP,DAAPD,3400
3401,3389,TCP,HTTPS,3401
3402,1344,TCP,IMAP4,3402
3403,23,UDP,MDS,3403
3404,9100,TCP,IRDMI,3404
3405,21,UDP,ICAP,3405
3406,443,TCP,HTTPS,3406
3407,138,TCP,ACMSODA,3407
3408,3128,TCP,UBIQUITY,3408
3409,1344,UDP,MDS,3409
3410,23,TCP,IMAP4,3410
3411,445,UDP,HTTPS,3411
3412,587,TCP,SIP,3412
3413,21,UDP,MSSQL,3413
3414,10001,UDP,HTTP,3414
3415,5222,UDP,SSH,3415
3416,1344,UDP,ICAP,3416
3417,21,TCP,FTP,3417
3418,445,TCP,TELNET,3418
3419,8080,UDP,SNMP,3419
3420,10051,UDP,ICAP,3420
3421,10001,UDP,RDP,3421
3422,443,TCP,HTTPS,3422
3423,21,TCP,FTP,3423
3424,10051,UDP,MDS,3424
3425,5060,UDP,DAAPD,3425
3426,10001,TCP,ISAKMP,3426
3427,22,TCP,MSSQL,3427
3428,443,TCP,HTTPS,3428
3429,80,TCP,FTP,3429
3430,5060,UDP,FTP,3430
3431,445,UDP,DAAPD,3431
3432,3389,UDP,IRDMI,3432
3433,500,TCP,IMAP4,3433
3434,445,UDP,SNMP,3434
3435,993,UDP,DAAPD,3435
3436,5900,TCP,MDS,3436
3437,3128,UDP,MSSQL,3437
3438,161,UDP,UBIQUITY,3438
3439,500,TCP,DNS,3439
3440,1433,UDP,ACMSODA,3440
3441,587,UDP,HTTP,3441
3442,443,TCP,HTTPS,3442
3443,5432,TCP,DAAPD,3443
3444,993,UDP,DAAPD,3444
3445,10051,UDP,VNC,3445
3446,443,TCP,HTTPS,3446
3447,21,UDP,SIP,3447
3448,21,UDP,XMPP,3448
3449,443,TCP,UBIQUITY,3449
3450,80,TCP,HTTP,3450
3451,5900,UDP,EMS,3451
3452,587,UDP,XMPP,3452
3453,8080,UDP,UBIQUITY,3453
3454,443,TCP,HTTPS,3454
3455,5432,UDP,ACMSODA,3455
3456,161,TCP,IRDMI,3456
3457,443,TCP,RDP,3457
3458,443,TCP,HTTPS,3458
3459,53,UDP,XMPP,3459
3460,500,UDP,TELNET,3460
3461,443,TCP,HTTPS,3461
3462,5900,TCP,MSSQL,3462
3463,21,UDP,RDP,3463
3464,10051,UDP,MSSQL,3464
3465,5222,TCP,SNMP,3465
3466,22,UDP,SIP,3466
3467,5900,UDP,SIP,3467
3468,993,TCP,RDP,3468
3469,443,TCP,TELNET,3469
3470,161,TCP,MSSQL,3470
3471,21,UDP,XMPP,3471
3472,8000,TCP,ICAP,3472
3473,21,UDP,MSSQL,3473
3474,23,TCP,HPSERVICE,3474
3475,443,TCP,HTTPS,3475
3476,22,UDP,VNC,3476
3477,993,UDP,PGSQL,3477
3478,5432,TCP,ACMSODA,3478
3479,21,UDP,ACMSODA,3479
3480,5900,UDP,HTTP,3480
3481,5222,TCP,SNMP,3481
3482,5222,TCP,XMPP,3482
3483,3128,TCP,SNMP,3483
3484,80,TCP,HTTPS,3484
3485,161,TCP,DAAPD,3485
3486,53,UDP,DNS,3486
3487,587,UDP,ISAKMP,3487
3488,10001,UDP,UBIQUITY,3488
3489,443,TCP,HTTPS,3489
3490,10001,UDP,PGSQL,3490
3491,1433,UDP,HPSERVICE,3491
3492,3689,UDP,FTP,3492
3493,10051,UDP,MDS,3493
3494,5061,TCP,ACMSODA,3494
3495,993,TCP,UBIQUITY,3495
3496,443,TCP,HTTPS,3496
3497,445,UDP,IMAP4,3497
3498,443,TCP,HTTPS,3498
3499,443,TCP,IRDMI,3499
3500,53,UDP,DNS,3500
3501,587,UDP,EMS,3501
3502,8080,TCP,EMS,3502
3503,1433,TCP,UBIQUITY,3503
3504,3128,UDP,ICAP,3504
3505,137,TCP,XMPP,3505
3506,5061,UDP,TELNET,3506
3507,500,UDP,TELNET,3507
3508,500,TCP,UBIQUITY,3508
3509,21,TCP,IRDMI,3509
3510,1433,UDP,HTTP,3510
3511,8080,UDP,FTP,3511
3512,5061,TCP,SNMP,3512
3513,3128,UDP,MSSQL,3513
3514,445,TCP,EMS,3514
3515,161,TCP,IRDMI,3515
3516,21,TCP,EMS,3516
3517,443,TCP,HTTPS,3517
3518,993,TCP,RDP,3518
3519,445,TCP,HPSERVICE,3519
3520,5222,UDP,SSH,3520
3521,23,UDP,MDS,3521
3522,137,TCP,HTTPS,3522
3523,443,TCP,HTTPS,3523
3524,1433,UDP,ACMSODA,3524
3525,443,TCP,HTTPS,3525
3526,587,UDP,RDP,3526
3527,443,UDP,HTTPS,3527
3528,5432,UDP,NETBIOS,3528
3529,5222,TCP,SNMP,3529
3530,443,TCP,HTTPS,3530
3531,443,TCP,HTTPS,3531
3532,6969,TCP,HTTPS,3532
3533,80,TCP,HTTP,3533
3534,22,TCP,ZABBIX,3534
3535,80,TCP,HTTP,3535
3536,8000,UDP,SIP,3536
3537,9100,UDP,MDS,3537
3538,161,UDP,UBIQUITY,3538
3539,53,TCP,SNMP,3539
3540,5060,TCP,HTTP,3540
3541,3128,UDP,IMAP4,3541
3542,993,UDP,RDP,3542
3543,5432,TCP,RDP,3543
3544,5432,TCP,HTTPS,3544
3545,53,UDP,DNS,3545
3546,1433,UDP,XMPP,3546
3547,5432,TCP,SSH,3547
3548,10001,UDP,PGSQL,3548
3549,21,TCP,FTP,3549
3550,5432,TCP,ZABBIX,3550
3551,22,UDP,SIP,3551
3552,8000,TCP,SSH,3552
3553,80,UDP,SIP,3553
3554,443,TCP,HTTPS,3554
3555,8000,TCP,UBIQUITY,3555
3556,23,UDP,IRDMI,3556
3557,53,UDP,DNS,3557
3558,587,TCP,DAAPD,3558
3559,500,TCP,HTTPS,3559
3560,23,UDP,MDS,3560
3561,138,TCP,IRDMI,3561
3562,8000,TCP,HTTPS,3562
3563,3128,UDP,ICAP,3563
3564,5222,UDP,DNS,3564
3565,53,UDP,DNS,3565
3566,23,TCP,HPSERVICE,3566
3567,3689,UDP,SNMP,3567
3568,1344,TCP,DNS,3568
3569,6969,TCP,IMAP4,3569
3570,3389,UDP,SIP,3570
3571,1344,UDP,ICAP,3571
3572,5900,UDP,MDS,3572
3573,443,TCP,HTTPS,3573
3574,80,TCP,FTP,3574
3575,5060,TCP,NETBIOS,3575
3576,161,UDP,IRDMI,3576
3577,993,TCP,IMAP4,3577
3578,500,TCP,PGSQL,3578
3579,445,UDP,DNS,3579
3580,1433,TCP,UBIQUITY,3580
3581,443,TCP,HTTPS,3581
3582,443,TCP,HTTPS,3582
3583,3689,UDP,FTP,3583
3584,1344,TCP,IMAP4,3584
3585,137,UDP,RDP,3585
3586,8080,TCP,ZABBIX,3586
3587,500,UDP,DAAPD,3587
3588,5061,UDP,ACMSODA,3588
3589,8000,UDP,HTTP,3589
3590,137,TCP,PGSQL,3590
3591,8000,TCP,MSSQL,3591
3592,3128,UDP,ICAP,3592
3593,138,TCP,XMPP,3593
3594,23,TCP,RDP,3594
3595,10051,UDP,VNC,3595
3596,10001,UDP,RDP,3596
3597,5222,TCP,MDS,3597
3598,8080,TCP,NETBIOS,3598
3599,6969,TCP,HTTPS,3599
3600,5222,UDP,RDP,3600
3601,443,TCP,HTTPS,3601
3602,161,UDP,FTP,3602
3603,443,TCP,HTTPS,3603
3604,500,UDP,DNS,3604
3605,138,TCP,DAAPD,3605
3606,1433,TCP,EMS,3606
3607,993,TCP,RDP,3607
3608,8000,UDP,UBIQUITY,3608
3609,80,UDP,SNMP,3609
3610,443,TCP,HTTPS,3610
3611,5222,TCP,ICAP,3611
3612,1344,TCP,TELNET,3612
3613,10051,UDP,MSSQL,3613
3614,443,TCP,HTTPS,3614
3615,3689,TCP,HTTP,3615
3616,6969,TCP,ZABBIX,3616
3617,5432,UDP,MSSQL,3617
3618,443,TCP,HTTPS,3618
3619,5900,TCP,EMS,3619
3620,161,UDP,HPSERVICE,3620
3621,22,TCP,VNC,3621
3622,1344,TCP,IMAP4,3622
3623,443,TCP,HTTP,3623
3624,8000,UDP,DNS,3624
3625,3389,UDP,SNMP,3625
3626,5061,TCP,VNC,3626
3627,5061,TCP,RDP,3627
3628,3389,TCP,MSSQL,3628
3629,3389,UDP,SNMP,3629
3630,443,TCP,HTTPS,3630
3631,138,TCP,ICAP,3631
3632,10051,UDP,SIP,3632
3633,1344,TCP,UBIQUITY,3633
3634,21,UDP,RDP,3634
3635,443,TCP,HTTPS,3635
3636,5900,TCP,ZABBIX,3636
3637,445,UDP,MDS,3637
3638,3689,TCP,TELNET,3638
3639,137,TCP,DAAPD,3639
3640,443,TCP,UBIQUITY,3640
3641,3389,TCP,MSSQL,3641
3642,500,UDP,RDP,3642
3643,445,UDP,TELNET,3643
3644,161,UDP,PGSQL,3644
3645,443,TCP,HTTPS,3645
3646,5222,TCP,HTTPS,3646
3647,3128,UDP,ZABBIX,3647
3648,3389,UDP,SNMP,3648
3649,443,TCP,HTTPS,3649
3650,21,TCP,EMS,3650
3651,443,TCP,RDP,3651
3652,993,TCP,RDP,3652
3653,5432,TCP,DAAPD,3653
3654,80,TCP,HTTP,3654
3655,10051,UDP,DNS,3655
3656,3689,TCP,TELNET,3656
3657,3128,UDP,ZABBIX,3657
3658,443,UDP,ISAKMP,3658
3659,445,TCP,HPSERVICE,3659
3660,22,UDP,MSSQL,3660
3661,443,UDP,HTTPS,3661
3662,5432,UDP,ISAKMP,3662
3663,587,UDP,ICAP,3663
3664,5900,UDP,ISAKMP,3664
3665,8000,UDP,HTTP,3665
3666,3689,TCP,HTTP,3666
3667,1433,UDP,XMPP,3667
3668,10051,UDP,VNC,3668
3669,443,TCP,HTTPS,3669
3670,1433,TCP,PGSQL,3670
3671,21,UDP,ICAP,3671
3672,5900,UDP,TELNET,3672
3673,53,UDP,DNS,3673
3674,137,TCP,HTTP,3674
3675,10051,UDP,VNC,3675
3676,445,UDP,IMAP4,3676
3677,8000,UDP,HPSERVICE,3677
3678,10001,UDP,TELNET,3678
3679,138,UDP,IRDMI,3679
3680,8000,TCP,ICAP,3680
3681,1344,TCP,NETBIOS,3681
3682,137,TCP,HTTPS,3682
3683,3689,TCP,SNMP,3683
3684,9100,UDP,IRDMI,3684
3685,587,UDP,IRDMI,3685
3686,138,TCP,DAAPD,3686
3687,1433,TCP,PGSQL,3687
3688,3389,TCP,SSH,3688
3689,53,UDP,DNS,3689
3690,5060,UDP,FTP,3690
3691,3389,TCP,HPSERVICE,3691
3692,3689,TCP,TELNET,3692
3693,443,TCP,DNS,3693
3694,53,TCP,SNMP,3694
3695,443,TCP,HTTPS,3695
3696,5061,UDP,EMS,3696
3697,3689,UDP,IRDMI,3697
3698,161,TCP,IMAP4,3698
3699,22,TCP,ZABBIX,3699
3700,161,UDP,UBIQUITY,3700
3701,3689,TCP,PGSQL,3701
3702,443,TCP,HTTPS,3702
3703,5061,TCP,VNC,3703
3704,5060,UDP,MSSQL,3704
3705,443,TCP,HTTPS,3705
3706,587,UDP,ISAKMP,3706
3707,5900,UDP,HTTP,3707
3708,1433,TCP,VNC,3708
3709,443,TCP,HTTPS,3709
3710,5432,UDP,ICAP,3710
3711,161,UDP,SIP,3711
3712,22,UDP,PGSQL,3712
3713,80,TCP,HTTP,3713
3714,5061,UDP,ACMSODA,3714
3715,5432,UDP,FTP,3715
3716,137,TCP,HTTPS,3716
3717,587,TCP,PGSQL,3717
3718,80,TCP,HTTP,3718
3719,8080,UDP,TELNET,3719
3720,445,TCP,TELNET,3720
3721,22,UDP,SNMP,3721
3722,5222,UDP,ACMSODA,3722
3723,80,TCP,HTTPS,3723
3724,5060,TCP,IMAP4,3724
3725,1433,UDP,MSSQL,3725
3726,443,TCP,HTTPS,3726
3727,443,TCP,IRDMI,3727
3728,22,TCP,VNC,3728
3729,161,UDP,FTP,3729
3730,993,TCP,IMAP4,3730
3731,500,TCP,IMAP4,3731
3732,3389,TCP,SSH,3732
3733,23,TCP,HPSERVICE,3733
3734,8000,UDP,NETBIOS,3734
3735,443,TCP,HTTPS,3735
3736,587,UDP,EMS,3736
3737,53,UDP,XMPP,3737
3738,3689,UDP,MSSQL,3738
3739,8080,UDP,TELNET,3739
3740,80,TCP,HTTP,3740
3741,6969,TCP,ZABBIX,3741
3742,443,TCP,HTTPS,3742
3743,8000,UDP,HPSERVICE,3743
3744,443,TCP,HTTPS,3744
3745,5432,UDP,ICAP,3745
3746,443,TCP,HTTPS,3746
3747,5432,UDP,IMAP4,3747
3748,5432,TCP,DAAPD,3748
3749,5900,UDP,FTP,3749
3750,5432,TCP,RDP,3750
3751,53,UDP,DNS,3751
3752,161,TCP,IRDMI,3752
3753,443,TCP,HTTPS,3753
3754,6969,TCP,ICAP,3754
3755,443,TCP,UBIQUITY,3755
3756,21,UDP,HTTPS,3756
3757,22,TCP,VNC,3757
3758,3389,UDP,SNMP,3758
3759,587,TCP,RDP,3759
3760,22,TCP,UBIQUITY,3760
3761,993,TCP,NETBIOS,3761
3762,443,TCP,HTTPS,3762
3763,5432,TCP,RDP,3763
3764,138,TCP,IRDMI,3764
3765,5900,TCP,EMS,3765
3766,138,TCP,IRDMI,3766
3767,443,UDP,HTTPS,3767
3768,5060,TCP,SIP,3768
3769,443,TCP,HTTPS,3769
3770,5061,TCP,IMAP4,3770
3771,443,TCP,HTTPS,3771
3772,9100,TCP,SSH,3772
3773,3689,TCP,HTTP,3773
3774,22,TCP,SSH,3774
3775,443,UDP,HTTPS,3775
3776,80,TCP,HTTP,3776
3777,53,UDP,DNS,3777
3778,80,TCP,HTTP,3778
3779,443,TCP,HTTP,3779
3780,1433,TCP,PGSQL,3780
3781,6969,TCP,ISAKMP,3781
3782,6969,UDP,ICAP,3782
3783,10001,UDP,ZABBIX,3783
3784,3389,UDP,PGSQL,3784
3785,3128,UDP,IRDMI,3785
3786,993,UDP,PGSQL,3786
3787,5900,TCP,ZABBIX,3787
3788,993,TCP,RDP,3788
3789,3389,TCP,EMS,3789
3790,53,UDP,ISAKMP,3790
3791,138,UDP,MDS,3791
3792,9100,UDP,SNMP,3792
3793,443,TCP,HTTPS,3793
3794,80,UDP,DAAPD,3794
3795,10001,UDP,NETBIOS,3795
3796,10051,TCP,UBIQUITY,3796
3797,443,TCP,HTTPS,3797
3798,587,TCP,RDP,3798
3799,443,TCP,HTTPS,3799
3800,500,UDP,TELNET,3800
3801,1433,TCP,EMS,3801
3802,53,UDP,DNS,3802
3803,5432,UDP,HTTPS,3803
3804,138,UDP,PGSQL,3804
3805,445,UDP,DAAPD,3805
3806,443,TCP,RDP,3806
3807,10051,UDP,SIP,3807
3808,9100,TCP,SSH,3808
3809,993,UDP,RDP,3809
3810,21,UDP,HTTPS,3810
3811,5061,UDP,ACMSODA,3811
3812,443,TCP,HTTPS,3812
3813,3128,TCP,UBIQUITY,3813
3814,161,UDP,SIP,3814
3815,22,UDP,VNC,3815
3816,80,UDP,SNMP,3816
3817,21,UDP,ICAP,3817
3818,3128,TCP,HTTP,3818
3819,80,UDP,HTTP,3819
3820,5432,TCP,XMPP,3820
3821,443,TCP,HTTPS,3821
3822,3128,UDP,IRDMI,3822
3823,5900,UDP,FTP,3823
3824,53,UDP,XMPP,3824
3825,5432,UDP,ISAKMP,3825
3826,10051,UDP,SIP,3826
3827,161,TCP,IMAP4,3827
3828,5432,UDP,NETBIOS,3828
3829,53,UDP,DNS,3829
3830,137,TCP,HTTPS,3830
3831,443,TCP,HTTPS,3831
3832,587,TCP,PGSQL,3832
3833,443,UDP,HTTPS,3833
3834,500,UDP,TELNET,3834
3835,53,UDP,ISAKMP,3835
3836,80,TCP,HTTP,3836
3837,500,TCP,DNS,3837
3838,443,TCP,HTTPS,3838
3839,445,TCP,SSH,3839
3840,443,TCP,HTTPS,3840
3841,587,UDP,IMAP4,3841
3842,5222,TCP,SNMP,3842
3843,1433,TCP,EMS,3843
3844,443,TCP,HTTPS,3844
3845,443,TCP,HTTPS,3845
3846,53,UDP,DNS,3846
3847,1344,TCP,EMS,3847
3848,21,UDP,XMPP,3848
3849,23,TCP,HPSERVICE,3849
3850,993,UDP,HPSERVICE,3850
3851,1344,UDP,SSH,3851
3852,5432,UDP,VNC,3852
3853,5432,UDP,MSSQL,3853
3854,443,TCP,HTTPS,3854
3855,6969,TCP,ZABBIX,3855
3856,161,TCP,HTTPS,3856
3857,3128,UDP,ICAP,3857
3858,3389,UDP,ZABBIX,3858
3859,443,TCP,HTTPS,3859
3860,8080,TCP,MSSQL,3860
3861,443,TCP,HTTPS,3861
3862,3689,UDP,VNC,3862
3863,443,TCP,HTTPS,3863
3864,500,TCP,RDP,3864
3865,445,UDP,IMAP4,3865
3866,5432,UDP,NETBIOS,3866
3867,443,TCP,HTTPS,3867
3868,443,TCP,IRDMI,3868
3869,5222,UDP,SSH,3869
3870,5900,TCP,MSSQL,3870
3871,443,TCP,HTTPS,3871
3872,993,TCP,RDP,3872
3873,443,TCP,HTTPS,3873
3874,10001,UDP,ICAP,3874
3875,443,TCP,HTTPS,3875
3876,23,TCP,HPSERVICE,3876
3877,443,UDP,IRDMI,3877
3878,53,UDP,DNS,3878
3879,22,TCP,MSSQL,3879
3880,10051,UDP,SIP,3880
3881,53,TCP,MSSQL,3881
3882,5432,UDP,NETBIOS,3882
3883,443,TCP,HTTPS,3883
3884,5900,UDP,MDS,3884
3885,5060,TCP,ICAP,3885
3886,5061,UDP,SNMP,3886
3887,10001,UDP,ICAP,3887
3888,443,TCP,HTTPS,3888
3889,443,TCP,HTTPS,3889
3890,53,UDP,DNS,3890
3891,443,UDP,MDS,3891
3892,443,TCP,HTTPS,3892
3893,5432,TCP,PGSQL,3893
3894,1344,TCP,TELNET,3894
3895,5432,UDP,DNS,3895
3896,1344,UDP,ICAP,3896
3897,5432,UDP,HTTPS,3897
3898,161,UDP,SIP,3898
3899,445,TCP,HPSERVICE,3899
3900,138,TCP,ICAP,3900
3901,5432,TCP,DAAPD,3901
3902,1344,TCP,TELNET,3902
3903,3389,UDP,RDP,3903
3904,5900,TCP,RDP,3904
3905,3389,UDP,SNMP,3905
3906,161,UDP,UBIQUITY,3906
3907,443,TCP,HTTPS,3907
3908,53,UDP,DNS,3908
3909,80,TCP,HPSERVICE,3909
3910,3689,TCP,TELNET,3910
3911,138,UDP,HPSERVICE,3911
3912,443,TCP,HTTPS,3912
3913,993,UDP,PGSQL,3913
3914,161,TCP,FTP,3914
3915,443,TCP,HTTPS,3915
3916,443,UDP,HTTPS,3916
3917,1344,TCP,NETBIOS,3917
3918,8000,TCP,MSSQL,3918
3919,5061,TCP,VNC,3919
3920,161,UDP,HPSERVICE,3920
3921,3128,UDP,MSSQL,3921
3922,443,TCP,HTTPS,3922
3923,443,TCP,HTTPS,3923
3924,587,TCP,ACMSODA,3924
3925,500,TCP,SIP,3925
3926,80,UDP,SNMP,3926
3927,1344,UDP,HTTP,3927
3928,138,TCP,IRDMI,3928
3929,8080,TCP,EMS,3929
3930,5432,UDP,IMAP4,3930
3931,587,UDP,EMS,3931
3932,1344,TCP,NETBIOS,3932
3933,5060,UDP,MSSQL,3933
3934,993,TCP,IMAP4,3934
3935,500,TCP,PGSQL,3935
3936,1433,TCP,PGSQL,3936
3937,443,TCP,HTTPS,3937
3938,443,UDP,ACMSODA,3938
3939,443,TCP,HTTPS,3939
3940,53,UDP,XMPP,3940
3941,500,UDP,SNMP,3941
3942,5060,TCP,HTTP,3942
3943,10001,TCP,HPSERVICE,3943
3944,587,UDP,XMPP,3944
3945,443,TCP,HTTPS,3945
3946,8000,TCP,ICAP,3946
3947,5432,TCP,DAAPD,3947
3948,1344,TCP,NETBIOS,3948
3949,80,TCP,HTTP,3949
3950,138,TCP,ICAP,3950
3951,993,UDP,DAAPD,3951
3952,5432,TCP,VNC,3952
3953,993,TCP,RDP,3953
3954,5432,TCP,SSH,3954
3955,993,TCP,UBIQUITY,3955
3956,8080,UDP,ISAKMP,3956
3957,8080,UDP,FTP,3957
3958,993,UDP,PGSQL,3958
3959,3689,UDP,TELNET,3959
3960,80,TCP,HPSERVICE,3960
3961,3389,UDP,IRDMI,3961
3962,53,TCP,SNMP,3962
3963,9100,TCP,IRDMI,3963
3964,10001,UDP,SSH,3964
3965,1344,TCP,NETBIOS,3965
3966,5061,TCP,ACMSODA,3966
3967,3689,TCP,SSH,3967
3968,5900,UDP,SIP,3968
3969,5432,TCP,DAAPD,3969
3970,445,TCP,MDS,3970
3971,8080,TCP,FTP,3971
3972,21,TCP,FTP,3972
3973,138,UDP,IRDMI,3973
3974,5222,UDP,MSSQL,3974
3975,500,TCP,PGSQL,3975
3976,993,TCP,PGSQL,3976
3977,443,TCP,HTTPS,3977
3978,993,TCP,FTP,3978
3979,138,TCP,MSSQL,3979
3980,443,TCP,HTTPS,3980
3981,3689,UDP,SNMP,3981
3982,587,TCP,ZABBIX,3982
3983,500,UDP,DAAPD,3983
3984,53,UDP,NETBIOS,3984
3985,10051,TCP,UBIQUITY,3985
3986,5432,UDP,HTTPS,3986
3987,53,UDP,DNS,3987
3988,3128,UDP,ICAP,3988
3989,161,TCP,DAAPD,3989
3990,1433,TCP,EMS,3990
3991,10001,UDP,SSH,3991
3992,443,TCP,HTTPS,3992
3993,80,TCP,HTTP,3993
3994,1344,TCP,IMAP4,3994
3995,8000,UDP,ZABBIX,3995
3996,3689,TCP,PGSQL,3996
3997,587,TCP,PGSQL,3997
3998,5222,TCP,XMPP,3998
3999,1433,TCP,MSSQL,3999
4000,8080,TCP,ACMSODA,4000
4001,3389,TCP,IMAP4,4001
4002,6969,TCP,HTTPS,4002
4003,587,TCP,SIP,4003
4004,5900,TCP,MSSQL,4004
4005,5900,UDP,UBIQUITY,4005
4006,3128,TCP,HTTPS,4006
4007,443,TCP,DAAPD,4007
4008,5061,UDP,PGSQL,4008
4009,3389,TCP,UBIQUITY,4009
4010,1433,TCP,UBIQUITY,4010
4011,9100,UDP,ZABBIX,4011
4012,5432,UDP,IMAP4,4012
4013,993,TCP,IMAP4,4013
4014,445,UDP,MDS,4014
4015,1344,TCP,TELNET,4015
4016,5432,UDP,MSSQL,4016
4017,587,UDP,XMPP,4017
4018,161,UDP,SNMP,4018
4019,587,UDP,ICAP,4019
4020,500,UDP,HPSERVICE,4020
4021,22,TCP,IMAP4,4021
4022,138,UDP,IRDMI,4022
4023,10051,UDP,SIP,4023
4024,443,TCP,HTTPS,4024
4025,993,TCP,NETBIOS,4025
4026,500,TCP,IMAP4,4026
4027,443,TCP,HTTPS,4027
4028,10001,TCP,MDS,4028
4029,587,UDP,FTP,4029
4030,500,UDP,SNMP,4030
4031,10051,UDP,PGSQL,4031
4032,138,TCP,ACMSODA,4032
4033,587,UDP,IRDMI,4033
4034,10001,UDP,SSH,4034
4035,1433,TCP,IMAP4,4035
4036,443,TCP,UBIQUITY,4036
4037,8080,UDP,ACMSODA,4037
4038,1344,UDP,ICAP,4038
4039,3128,UDP,ICAP,4039
4040,1433,UDP,SSH,4040
4041,5900,UDP,FTP,4041
4042,443,TCP,HTTPS,4042
4043,80,UDP,SIP,4043
4044,3128,TCP,SSH,4044
4045,23,UDP,FTP,4045
4046,443,TCP,HTTPS,4046
4047,443,TCP,RDP,4047
4048,1433,TCP,DNS,4048
4049,5432,TCP,ZABBIX,4049
4050,993,TCP,NETBIOS,4050
4051,5222,TCP,TELNET,4051
4052,22,TCP,ZABBIX,4052
4053,587,UDP,RDP,4053
4054,443,TCP,HTTPS,4054
4055,587,TCP,SIP,4055
4056,10001,UDP,SSH,4056
4057,10001,UDP,FTP,4057
4058,5432,UDP,IMAP4,4058
4059,161,UDP,PGSQL,4059
4060,443,TCP,HTTPS,4060
4061,443,TCP,HTTPS,4061
4062,138,UDP,ZABBIX,4062
4063,5900,UDP,DAAPD,4063
4064,993,UDP,DAAPD,4064
4065,443,TCP,HTTPS,4065
4066,443,TCP,HTTPS,4066
4067,5432,TCP,RDP,4067
4068,10051,UDP,SSH,4068
4069,445,TCP,IRDMI,4069
4070,138,UDP,HPSERVICE,4070
4071,5432,UDP,ACMSODA,4071
4072,587,TCP,ACMSODA,4072
4073,993,TCP,RDP,4073
4074,6969,UDP,ICAP,4074
4075,445,TCP,SSH,4075
4076,443,TCP,HTTPS,4076
4077,443,TCP,HTTPS,4077
4078,443,TCP,HTTPS,4078
4079,1344,TCP,UBIQUITY,4079
4080,5061,UDP,SNMP,4080
4081,22,UDP,VNC,4081
4082,443,TCP,HTTPS,4082
4083,5900,UDP,TELNET,4083
4084,23,TCP,DNS,4084
4085,443,TCP,HTTPS,4085
4086,6969,TCP,DNS,4086
4087,443,TCP,HTTPS,4087
4088,443,TCP,UBIQUITY,4088
4089,443,UDP,HTTPS,4089
4090,1344,UDP,HTTP,4090
4091,500,TCP,PGSQL,4091
4092,23,UDP,FTP,4092
4093,137,TCP,IRDMI,4093
4094,138,UDP,VNC,4094
4095,445,TCP,RDP,4095
4096,993,UDP,TELNET,4096
4097,993,UDP,TELNET,4097
4098,993,TCP,RDP,4098
4099,3689,UDP,XMPP,4099
4100,21,TCP,FTP,4100
4101,138,UDP,MDS,4101
4102,5060,UDP,TELNET,4102
4103,53,UDP,NETBIOS,4103
4104,500,UDP,SNMP,4104
4105,993,TCP,DNS,4105
4106,443,TCP,HTTPS,4106
4107,443,TCP,HTTPS,4107
4108,80,TCP,HTTP,4108
4109,53,UDP,XMPP,4109
4110,5432,UDP,NETBIOS,4110
4111,22,UDP,PGSQL,4111
4112,22,TCP,ZABBIX,4112
4113,1344,TCP,IMAP4,4113
4114,23,UDP,IRDMI,4114
4115,5900,UDP,MSSQL,4115
4116,445,TCP,SSH,4116
4117,3689,UDP,FTP,4117
4118,500,TCP,PGSQL,4118
4119,21,UDP,SSH,4119
4120,443,UDP,HTTPS,4120
4121,3128,UDP,SNMP,4121
4122,993,UDP,PGSQL,4122
4123,1344,TCP,NETBIOS,4123
4124,53,UDP,FTP,4124
4125,161,TCP,TELNET,4125
4126,161,TCP,RDP,4126
4127,5900,UDP,MSSQL,4127
4128,53,TCP,MSSQL,4128
4129,443,TCP,HTTPS,4129
4130,5432,UDP,ACMSODA,4130
4131,443,TCP,HTTPS,4131
4132,1433,UDP,ISAKMP,4132
4133,80,TCP,HTTP,4133
4134,5432,TCP,DAAPD,4134
4135,3128,UDP,IRDMI,4135
4136,10051,UDP,VNC,4136
4137,9100,UDP,DNS,4137
4138,1344,UDP,MDS,4138
4139,10051,UDP,MSSQL,4139
4140,443,UDP,HTTPS,4140
4141,443,TCP,HTTPS,4141
4142,5222,TCP,HTTPS,4142
4143,8080,UDP,FTP,4143
4144,137,TCP,HTTPS,4144
4145,993,TCP,SSH,4145
4146,21,TCP,FTP,4146
4147,22,UDP,SIP,4147
4148,80,UDP,ZABBIX,4148
4149,443,TCP,HTTPS,4149
4150,53,UDP,DNS,4150
4151,137,TCP,RDP,4151
4152,587,UDP,FTP,4152
4153,5222,UDP,DNS,4153
4154,443,TCP,HTTPS,4154
4155,5432,UDP,HTTPS,4155
4156,993,TCP,RDP,4156
4157,23,TCP,HPSERVICE,4157
4158,5432,UDP,ISAKMP,4158
4159,443,TCP,HTTPS,4159
4160,3128,UDP,ICAP,4160
4161,6969,TCP,SNMP,4161
4162,5900,UDP,MSSQL,4162
4163,1344,TCP,TELNET,4163
4164,443,TCP,HTTPS,4164
4165,445,TCP,MDS,4165
4166,1344,TCP,NETBIOS,4166
4167,23,TCP,VNC,4167
4168,443,TCP,HTTPS,4168
4169,3689,TCP,PGSQL,4169
4170,587,TCP,RDP,4170
4171,5060,UDP,FTP,4171
4172,5432,UDP,MSSQL,4172
4173,443,TCP,HTTPS,4173
4174,5222,TCP,SNMP,4174
4175,137,TCP,IRDMI,4175
4176,5060,TCP,HTTPS,4176
4177,5061,UDP,HTTPS,4177
4178,3128,UDP,SNMP,4178
4179,5432,TCP,RDP,4179
4180,3128,UDP,ICAP,4180
4181,80,TCP,HTTP,4181
4182,53,UDP,DNS,4182
4183,80,UDP,ZABBIX,4183
4184,8000,UDP,HTTP,4184
4185,10051,UDP,SIP,4185
4186,21,UDP,XMPP,4186
4187,8080,UDP,ICAP,4187
4188,138,TCP,ICAP,4188
4189,993,TCP,RDP,4189
4190,10051,TCP,SIP,4190
4191,587,UDP,ISAKMP,4191
4192,443,TCP,HTTPS,4192
4193,8000,TCP,UBIQUITY,4193
4194,80,UDP,ZABBIX,4194
4195,5222,UDP,SSH,4195
4196,443,TCP,HTTPS,4196
4197,587,UDP,HTTP,4197
4198,53,UDP,DNS,4198
4199,53,TCP,SNMP,4199
4200,22,UDP,NETBIOS,4200
4201,3689,UDP,MSSQL,4201
4202,443,TCP,HTTPS,4202
4203,5900,TCP,RDP,4203
4204,500,TCP,SIP,4204
4205,10051,UDP,ICAP,4205
4206,500,UDP,TELNET,4206
4207,1344,TCP,TELNET,4207
4208,5432,TCP,HTTPS,4208
4209,500,TCP,SIP,4209
4210,1433,UDP,EMS,4210
4211,8080,UDP,UBIQUITY,4211
4212,5061,TCP,XMPP,4212
4213,993,TCP,DNS,4213
4214,443,UDP,ISAKMP,4214
4215,23,TCP,HPSERVICE,4215
4216,10001,UDP,SSH,4216
4217,445,TCP,IRDMI,4217
4218,1344,TCP,IMAP4,4218
4219,3689,TCP,ICAP,4219
4220,22,UDP,XMPP,4220
4221,22,TCP,UBIQUITY,4221
4222,443,TCP,HTTPS,4222
4223,5900,UDP,ISAKMP,4223
4224,5061,TCP,SNMP,4224
4225,443,TCP,HTTPS,4225
4226,1344,TCP,NETBIOS,4226
4227,137,TCP,ACMSODA,4227
4228,443,TCP,HTTPS,4228
4229,23,TCP,HPSERVICE,4229
4230,500,TCP,DNS,4230
4231,1433,TCP,VNC,4231
4232,80,TCP,HTTP,4232
4233,443,TCP,HTTPS,4233
4234,10051,TCP,SIP,4234
4235,1344,TCP,UBIQUITY,4235
4236,3128,TCP,ACMSODA,4236
4237,5060,TCP,NETBIOS,4237
4238,10051,TCP,SIP,4238
4239,5061,TCP,VNC,4239
4240,443,TCP,HTTPS,4240
4241,445,UDP,HTTP,4241
4242,500,TCP,PGSQL,4242
4243,5432,TCP,DAAPD,4243
4244,443,TCP,HTTPS,4244
4245,3689,UDP,FTP,4245
4246,3689,UDP,MDS,4246
4247,10051,UDP,MDS,4247
4248,10001,UDP,NETBIOS,4248
4249,443,TCP,HTTPS,4249
4250,1433,UDP,SSH,4250
4251,80,TCP,HPSERVICE,4251
4252,443,TCP,UBIQUITY,4252
4253,5432,TCP,XMPP,4253
4254,80,UDP,HTTP,4254
4255,5222,TCP,TELNET,4255
4256,5060,TCP,NETBIOS,4256
4257,587,TCP,RDP,4257
4258,9100,UDP,IRDMI,4258
4259,137,UDP,RDP,4259
4260,5060,UDP,TELNET,4260
4261,500,TCP,PGSQL,4261
4262,80,UDP,ZABBIX,4262
4263,21,UDP,ACMSODA,4263
4264,22,UDP,VNC,4264
4265,23,TCP,VNC,4265
4266,5061,UDP,SNMP,4266
4267,5060,TCP,HTTPS,4267
4268,80,UDP,SIP,4268
4269,5061,TCP,XMPP,4269
4270,443,TCP,HTTPS,4270
4271,443,UDP,DAAPD,4271
4272,10051,UDP,MSSQL,4272
4273,3689,TCP,HTTP,4273
4274,23,TCP,HPSERVICE,4274
4275,5060,TCP,ACMSODA,4275
4276,5061,UDP,HTTPS,4276
4277,138,TCP,DNS,4277
4278,443,TCP,HTTPS,4278
4279,5060,TCP,IRDMI,4279
4280,22,UDP,SIP,4280
4281,10051,TCP,ZABBIX,4281
4282,21,TCP,FTP,4282
4283,993,TCP,RDP,4283
4284,443,TCP,HTTPS,4284
4285,161,TCP,FTP,4285
4286,5432,UDP,ISAKMP,4286
4287,53,UDP,DNS,4287
4288,80,TCP,HTTPS,4288
4289,137,TCP,RDP,4289
4290,1433,UDP,ACMSODA,4290
4291,3389,TCP,MSSQL,4291
4292,443,TCP,HTTPS,4292
4293,21,UDP,ICAP,4293
4294,443,TCP,HTTPS,4294
4295,5900,UDP,MSSQL,4295
4296,21,UDP,SIP,4296
4297,23,TCP,RDP,4297
4298,445,UDP,SNMP,4298
4299,443,TCP,HTTPS,4299
4300,5061,UDP,TELNET,4300
4301,3389,UDP,PGSQL,4301
4302,993,TCP,IMAP4,4302
4303,80,UDP,SNMP,4303
4304,23,UDP,XMPP,4304
4305,1344,UDP,MDS,4305
4306,443,TCP,HTTPS,4306
4307,1433,UDP,XMPP,4307
4308,443,TCP,HTTPS,4308
4309,8000,TCP,MSSQL,4309
4310,3128,TCP,SNMP,4310
4311,443,TCP,HTTPS,4311
4312,8080,UDP,ISAKMP,4312
4313,8000,UDP,SIP,4313
4314,10001,UDP,HTTP,4314
4315,587,TCP,MDS,4315
4316,1433,TCP,IMAP4,4316
4317,3128,TCP,HPSERVICE,4317
4318,443,TCP,HTTPS,4318
4319,9100,UDP,SSH,4319
4320,500,TCP,RDP,4320
4321,5900,TCP,PGSQL,4321
4322,6969,TCP,SNMP,4322
4323,138,UDP,NETBIOS,4323
4324,3689,TCP,SSH,4324
4325,443,UDP,SNMP,4325
4326,500,UDP,XMPP,4326
4327,5060,TCP,NETBIOS,4327
4328,137,TCP,XMPP,4328
4329,10051,UDP,DNS,4329
4330,21,UDP,SIP,4330
4331,993,TCP,IMAP4,4331
4332,993,TCP,DNS,4332
4333,3689,TCP,TELNET,4333
4334,5222,UDP,SSH,4334
4335,8080,TCP,MSSQL,4335
4336,1344,TCP,DNS,4336
4337,1344,TCP,TELNET,4337
4338,21,UDP,MSSQL,4338
4339,5060,TCP,IMAP4,4339
4340,8000,TCP,MSSQL,4340
4341,80,UDP,HTTP,4341
4342,993,TCP,SSH,4342
4343,3689,TCP,HPSERVICE,4343
4344,8000,UDP,HTTP,4344
4345,443,TCP,HTTPS,4345
4346,53,UDP,DNS,4346
4347,21,TCP,EMS,4347
4348,3128,UDP,SNMP,4348
4349,21,UDP,HTTPS,4349
4350,5900,UDP,MDS,4350
4351,443,TCP,HTTPS,4351
4352,5060,TCP,EMS,4352
4353,443,TCP,HTTPS,4353
4354,5060,UDP,PGSQL,4354
4355,53,UDP,HTTP,4355
4356,23,TCP,FTP,4356
4357,443,TCP,HTTPS,4357
4358,3389,TCP,NETBIOS,4358
4359,445,UDP,MDS,4359
4360,80,TCP,HTTP,4360
4361,445,UDP,DNS,4361
4362,1433,UDP,ACMSODA,4362
4363,10051,UDP,MSSQL,4363
4364,21,UDP,XMPP,4364
4365,80,UDP,DAAPD,4365
4366,500,TCP,DNS,4366
4367,23,TCP,RDP,4367
4368,6969,TCP,ICAP,4368
4369,1433,TCP,HTTPS,4369
4370,5432,TCP,SSH,4370
4371,500,UDP,ICAP,4371
4372,23,UDP,SIP,4372
4373,3389,TCP,SSH,4373
4374,3389,TCP,MSSQL,4374
4375,993,UDP,TELNET,4375
4376,6969,TCP,ZABBIX,4376
4377,500,UDP,XMPP,4377
4378,53,UDP,DNS,4378
4379,5222,UDP,SSH,4379
4380,137,TCP,MSSQL,4380
4381,1433,TCP,EMS,4381
4382,445,UDP,MDS,4382
4383,5061,UDP,SNMP,4383
4384,8080,UDP,HTTP,4384
4385,53,TCP,SNMP,4385
4386,3389,UDP,RDP,4386
4387,21,TCP,FTP,4387
4388,3389,TCP,HPSERVICE,4388
4389,443,UDP,HTTPS,4389
4390,9100,UDP,MDS,4390
4391,3689,UDP,VNC,4391
4392,53,UDP,ISAKMP,4392
4393,5060,TCP,NETBIOS,4393
4394,137,UDP,XMPP,4394
4395,161,TCP,IRDMI,4395
4396,445,TCP,MDS,4396
4397,445,TCP,SSH,4397
4398,53,UDP,DNS,4398
4399,443,TCP,HTTPS,4399
4400,23,UDP,MDS,4400
4401,587,TCP,ZABBIX,4401
4402,3689,TCP,SSH,4402
4403,3689,TCP,HTTP,4403
4404,21,TCP,XMPP,4404
4405,10001,UDP,ICAP,4405
4406,443,TCP,HTTPS,4406
4407,8000,TCP,MSSQL,4407
4408,993,TCP,IMAP4,4408
4409,500,UDP,DNS,4409
4410,5222,TCP,HTTPS,4410
4411,21,UDP,SIP,4411
4412,443,TCP,HTTPS,4412
4413,5222,UDP,SSH,4413
4414,5432,UDP,HTTPS,4414
4415,8080,UDP,SSH,4415
4416,445,UDP,IMAP4,4416
4417,9100,UDP,MDS,4417
4418,161,TCP,SSH,4418
4419,443,UDP,UBIQUITY,4419
4420,443,UDP,ISAKMP,4420
4421,1433,TCP,PGSQL,4421
4422,138,TCP,ICAP,4422
4423,10001,UDP,SNMP,4423
4424,10001,TCP,MDS,4424
4425,138,UDP,VNC,4425
4426,587,UDP,EMS,4426
4427,21,UDP,SIP,4427
4428,1433,UDP,ACMSODA,4428
4429,161,UDP,SSH,4429
4430,500,TCP,DNS,4430
4431,21,TCP,IRDMI,4431
4432,137,TCP,ISAKMP,4432
4433,8080,TCP,ACMSODA,4433
4434,993,TCP,RDP,4434
4435,443,TCP,HTTPS,4435
4436,443,TCP,RDP,4436
4437,443,TCP,HTTPS,4437
4438,53,UDP,DNS,4438
4439,10001,TCP,HPSERVICE,4439
4440,161,TCP,IRDMI,4440
4441,10051,TCP,SSH,4441
4442,993,UDP,MDS,4442
4443,10001,TCP,MDS,4443
4444,3689,UDP,IMAP4,4444
4445,5061,TCP,XMPP,4445
4446,5222,UDP,ICAP,4446
4447,53,TCP,SNMP,4447
4448,587,UDP,IRDMI,4448
4449,443,TCP,HTTPS,4449
4450,443,TCP,HTTPS,4450
4451,3689,TCP,HPSERVICE,4451
4452,5432,TCP,XMPP,4452
4453,443,TCP,HPSERVICE,4453
4454,10051,TCP,ISAKMP,4454
4455,587,UDP,ICAP,4455
4456,161,TCP,IMAP4,4456
4457,10001,TCP,HPSERVICE,4457
4458,443,TCP,HTTPS,4458
4459,443,UDP,MDS,4459
4460,3389,UDP,PGSQL,4460
4461,6969,TCP,IMAP4,4461
4462,6969,TCP,UBIQUITY,4462
4463,5061,TCP,VNC,4463
4464,22,UDP,SNMP,4464
4465,443,TCP,HTTPS,4465
4466,3128,UDP,ZABBIX,4466
4467,1344,UDP,EMS,4467
4468,10051,UDP,VNC,4468
4469,443,TCP,HTTPS,4469
4470,8000,TCP,SIP,4470
4471,443,TCP,HTTPS,4471
4472,5061,UDP,ACMSODA,4472
4473,5061,UDP,ACMSODA,4473
4474,5432,TCP,DAAPD,4474
4475,23,UDP,MDS,4475
4476,443,TCP,HTTPS,4476
4477,443,UDP,IRDMI,4477
4478,10001,TCP,MDS,4478
4479,3389,TCP,MSSQL,4479
4480,500,UDP,DAAPD,4480
4481,21,UDP,MSSQL,4481
4482,500,UDP,XMPP,4482
4483,8080,TCP,EMS,4483
4484,443,TCP,HTTPS,4484
4485,587,TCP,RDP,4485
4486,138,TCP,MSSQL,4486
4487,443,TCP,HTTPS,4487
4488,500,UDP,SNMP,4488
4489,138,TCP,SSH,4489
4490,3389,TCP,MSSQL,4490
4491,80,UDP,HTTP,4491
4492,138,UDP,VNC,4492
4493,23,TCP,VNC,4493
4494,500,TCP,HTTPS,4494
4495,1433,UDP,XMPP,4495
4496,443,TCP,HTTPS,4496
4497,21,UDP,ISAKMP,4497
4498,161,TCP,DAAPD,4498
4499,445,UDP,HTTP,4499
4500,80,UDP,NETBIOS,4500
4501,443,TCP,HTTP,4501
4502,10001,UDP,RDP,4502
4503,1344,UDP,ICAP,4503
4504,993,UDP,PGSQL,4504
4505,3689,TCP,HPSERVICE,4505
4506,138,TCP,DNS,4506
4507,3689,TCP,HTTP,4507
4508,500,TCP,PGSQL,4508
4509,443,TCP,DNS,4509
4510,5061,TCP,ACMSODA,4510
4511,10051,TCP,VNC,4511
4512,5900,UDP,NETBIOS,4512
4513,23,TCP,VNC,4513
4514,500,UDP,RDP,4514
4515,500,TCP,IMAP4,4515
4516,161,TCP,IRDMI,4516
4517,445,UDP,SNMP,4517
4518,587,UDP,HTTP,4518
4519,161,TCP,IMAP4,4519
4520,443,TCP,HTTPS,4520
4521,3389,TCP,IMAP4,4521
4522,10051,UDP,SSH,4522
4523,80,UDP,SNMP,4523
4524,500,UDP,XMPP,4524
4525,445,TCP,TELNET,4525
4526,10001,UDP,FTP,4526
4527,22,TCP,HPSERVICE,4527
4528,500,TCP,DNS,4528
4529,445,TCP,MSSQL,4529
4530,138,UDP,NETBIOS,4530
4531,10051,UDP,ISAKMP,4531
4532,5900,UDP,MSSQL,4532
4533,5222,TCP,SNMP,4533
4534,22,UDP,TELNET,4534
4535,443,TCP,HTTPS,4535
4536,445,TCP,MDS,4536
4537,443,TCP,HTTPS,4537
4538,443,TCP,HTTPS,4538
4539,161,TCP,DAAPD,4539
4540,21,UDP,SIP,4540
4541,1433,TCP,HTTPS,4541
4542,8080,TCP,ACMSODA,4542
4543,8000,UDP,PGSQL,4543
4544,23,UDP,SIP,4544
4545,8080,UDP,TELNET,4545
4546,5222,TCP,SNMP,4546
4547,500,UDP,XMPP,4547
4548,443,TCP,HTTPS,4548
4549,8080,UDP,UBIQUITY,4549
4550,500,UDP,XMPP,4550
4551,1344,UDP,HTTPS,4551
4552,21,UDP,UBIQUITY,4552
4553,3128,UDP,ICAP,4553
4554,3689,TCP,ACMSODA,4554
4555,161,UDP,PGSQL,4555
4556,5900,UDP,MDS,4556
4557,1344,TCP,HPSERVICE,4557
4558,3389,UDP,PGSQL,4558
4559,53,TCP,SNMP,4559
4560,10001,UDP,SSH,4560
4561,22,TCP,VNC,4561
4562,9100,UDP,MDS,4562
4563,443,TCP,HTTP,4563
4564,445,TCP,PGSQL,4564
4565,500,UDP,TELNET,4565
4566,3128,TCP,SSH,4566
4567,5222,UDP,MDS,4567
4568,8000,TCP,MSSQL,4568
4569,10051,UDP,ICAP,4569
4570,5222,UDP,RDP,4570
4571,443,TCP,HTTPS,4571
4572,443,TCP,HTTPS,4572
4573,993,TCP,DNS,4573
4574,1344,UDP,SSH,4574
4575,5060,UDP,TELNET,4575
4576,443,TCP,HTTPS,4576
4577,53,UDP,DNS,4577
4578,993,UDP,DAAPD,4578
4579,1433,UDP,SSH,4579
4580,3389,TCP,IMAP4,4580
4581,1433,TCP,HTTPS,4581
4582,5900,UDP,ISAKMP,4582
4583,5061,UDP,ACMSODA,4583
4584,53,UDP,MDS,4584
4585,443,TCP,HTTPS,4585
4586,9100,TCP,SSH,4586
4587,10051,TCP,ZABBIX,4587
4588,443,TCP,HTTPS,4588
4589,993,TCP,NETBIOS,4589
4590,22,TCP,HPSERVICE,4590
4591,443,TCP,HTTPS,4591
4592,443,UDP,HTTPS,4592
4593,10001,UDP,HTTP,4593
4594,3128,TCP,HTTP,4594
4595,10001,UDP,RDP,4595
4596,445,TCP,HTTP,4596
4597,53,UDP,DNS,4597
4598,993,TCP,PGSQL,4598
4599,5222,UDP,VNC,4599
4600,5060,TCP,MDS,4600
4601,443,TCP,HTTPS,4601
4602,161,UDP,FTP,4602
4603,138,UDP,MDS,4603
4604,21,UDP,FTP,4604
4605,5432,TCP,HPSERVICE,4605
4606,500,UDP,RDP,4606
4607,5060,UDP,DAAPD,4607
4608,445,TCP,MDS,4608
4609,443,TCP,HTTPS,4609
4610,500,UDP,RDP,4610
4611,443,TCP,IMAP4,4611
4612,5222,TCP,EMS,4612
4613,5900,UDP,MSSQL,4613
4614,3389,TCP,MSSQL,4614
4615,500,UDP,XMPP,4615
4616,80,TCP,HTTP,4616
4617,5900,UDP,TELNET,4617
4618,23,UDP,SIP,4618
4619,21,UDP,SIP,4619
4620,587,TCP,ZABBIX,4620
4621,23,TCP,HPSERVICE,4621
4622,9100,UDP,PGSQL,4622
4623,445,UDP,IMAP4,4623
4624,5900,UDP,MDS,4624
4625,10051,UDP,VNC,4625
4626,5900,UDP,FTP,4626
4627,138,UDP,NETBIOS,4627
4628,9100,TCP,SSH,4628
4629,3689,UDP,IMAP4,4629
4630,21,UDP,XMPP,4630
4631,3389,TCP,SSH,4631
4632,443,TCP,HTTPS,4632
4633,3689,UDP,SNMP,4633
4634,1344,TCP,NETBIOS,4634
4635,1344,TCP,TELNET,4635
4636,500,TCP,HTTPS,4636
4637,500,TCP,SIP,4637
4638,5060,TCP,NETBIOS,4638
4639,1344,UDP,ICAP,4639
4640,993,UDP,DAAPD,4640
4641,443,TCP,HTTPS,4641
4642,23,UDP,IRDMI,4642
4643,5432,UDP,ACMSODA,4643
4644,53,TCP,SNMP,4644
4645,21,TCP,FTP,4645
4646,5222,UDP,SSH,4646
4647,80,UDP,ZABBIX,4647
4648,161,UDP,IRDMI,4648
4649,443,TCP,HTTPS,4649
4650,8080,TCP,MSSQL,4650
4651,10051,UDP,MSSQL,4651
4652,3689,TCP,PGSQL,4652
4653,10051,TCP,ZABBIX,4653
4654,9100,UDP,MDS,4654
4655,8080,UDP,PGSQL,4655
4656,10001,TCP,ZABBIX,4656
4657,8000,UDP,SIP,4657
4658,443,TCP,HTTPS,4658
4659,1433,TCP,MSSQL,4659
4660,161,TCP,MSSQL,4660
4661,21,UDP,MSSQL,4661
4662,443,TCP,RDP,4662
4663,1433,TCP,PGSQL,4663
4664,1433,UDP,MSSQL,4664
4665,21,UDP,ACMSODA,4665
4666,443,TCP,HTTPS,4666
4667,23,TCP,VNC,4667
4668,993,TCP,HTTP,4668
4669,10051,UDP,MDS,4669
4670,443,TCP,HTTPS,4670
4671,445,UDP,MDS,4671
4672,21,UDP,RDP,4672
4673,5432,UDP,HTTPS,4673
4674,5222,UDP,ACMSODA,4674
4675,587,UDP,IRDMI,4675
4676,21,TCP,FTP,4676
4677,22,TCP,VNC,4677
4678,1344,TCP,IMAP4,4678
4679,21,TCP,HPSERVICE,4679
4680,53,UDP,DNS,4680
4681,3689,TCP,PGSQL,4681
4682,445,UDP,DNS,4682
4683,443,TCP,RDP,4683
4684,138,TCP,IRDMI,4684
4685,3689,TCP,PGSQL,4685
4686,443,UDP,MDS,4686
4687,5432,TCP,SSH,4687
4688,21,TCP,FTP,4688
4689,445,UDP,MDS,4689
4690,993,TCP,NETBIOS,4690
4691,5060,TCP,IRDMI,4691
4692,5222,UDP,EMS,4692
4693,993,TCP,DNS,4693
4694,1433,TCP,PGSQL,4694
4695,10001,UDP,ZABBIX,4695
4696,443,TCP,ACMSODA,4696
4697,5432,TCP,DAAPD,4697
4698,993,UDP,TELNET,4698
4699,587,TCP,ZABBIX,4699
4700,138,UDP,IRDMI,4700
4701,21,UDP,ACMSODA,4701
4702,1433,UDP,ACMSODA,4702
4703,443,TCP,HTTPS,4703
4704,500,TCP,ACMSODA,4704
4705,23,TCP,EMS,4705
4706,10001,UDP,ICAP,4706
4707,500,UDP,DAAPD,4707
4708,10001,UDP,SSH,4708
4709,3689,UDP,MSSQL,4709
4710,5061,TCP,SIP,4710
4711,22,TCP,HTTPS,4711
4712,5222,TCP,EMS,4712
4713,8080,TCP,ZABBIX,4713
4714,5900,UDP,NETBIOS,4714
4715,21,UDP,XMPP,4715
4716,21,UDP,MSSQL,4716
4717,5060,TCP,NETBIOS,4717
4718,443,UDP,HTTPS,4718
4719,21,UDP,ACMSODA,4719
4720,5061,UDP,HTTPS,4720
4721,80,TCP,HTTP,4721
4722,445,UDP,IMAP4,4722
4723,5222,TCP,HTTPS,4723
4724,137,TCP,RDP,4724
4725,80,UDP,ZABBIX,4725
4726,161,TCP,DAAPD,4726
4727,5900,UDP,EMS,4727
4728,445,UDP,MDS,4728
4729,500,TCP,ICAP,4729
4730,445,TCP,MDS,4730
4731,161,UDP,FTP,4731
4732,8000,TCP,ICAP,4732
4733,5222,UDP,SSH,4733
4734,53,UDP,DNS,4734
4735,5900,UDP,ISAKMP,4735
4736,10051,UDP,VNC,4736
4737,6969,UDP,DNS,4737
4738,5432,UDP,ISAKMP,4738
4739,3128,TCP,SSH,4739
4740,445,TCP,SSH,4740
4741,5900,UDP,TELNET,4741
4742,1344,TCP,UBIQUITY,4742
4743,5060,UDP,DAAPD,4743
4744,443,TCP,HTTPS,4744
4745,22,UDP,NETBIOS,4745
4746,3389,TCP,SSH,4746
4747,1344,UDP,ICAP,4747
4748,53,UDP,DNS,4748
4749,23,TCP,HPSERVICE,4749
4750,993,UDP,TELNET,4750
4751,443,TCP,HTTPS,4751
4752,500,UDP,SNMP,4752
4753,80,TCP,HTTP,4753
4754,8000,TCP,ICAP,4754
4755,993,UDP,ISAKMP,4755
4756,21,TCP,FTP,4756
4757,443,TCP,HTTPS,4757
4758,3689,TCP,ACMSODA,4758
4759,1433,TCP,IMAP4,4759
4760,5061,UDP,ACMSODA,4760
4761,161,UDP,UBIQUITY,4761
4762,443,UDP,TELNET,4762
4763,5432,UDP,MSSQL,4763
4764,587,UDP,RDP,4764
4765,5900,UDP,SIP,4765
4766,5060,UDP,MSSQL,4766
4767,3389,UDP,NETBIOS,4767
4768,23,TCP,HPSERVICE,4768
4769,138,TCP,ICAP,4769
4770,8080,UDP,XMPP,4770
4771,5900,UDP,FTP,4771
4772,8080,UDP,MSSQL,4772
4773,443,TCP,HTTPS,4773
4774,1433,UDP,EMS,4774
4775,161,UDP,UBIQUITY,4775
4776,6969,TCP,ZABBIX,4776
4777,22,UDP,MSSQL,4777
4778,587,UDP,ISAKMP,4778
4779,137,TCP,HTTPS,4779
4780,445,TCP,HPSERVICE,4780
4781,23,TCP,VNC,4781
4782,1433,TCP,EMS,4782
4783,80,TCP,HTTP,4783
4784,161,UDP,SNMP,4784
4785,3389,UDP,SIP,4785
4786,22,UDP,VNC,4786
4787,3689,UDP,HPSERVICE,4787
4788,53,TCP,MSSQL,4788
4789,587,UDP,ICAP,4789
4790,22,UDP,NETBIOS,4790
4791,993,UDP,PGSQL,4791
4792,3128,UDP,ICAP,4792
4793,53,UDP,ZABBIX,4793
4794,80,UDP,ZABBIX,4794
4795,993,UDP,SNMP,4795
4796,993,UDP,PGSQL,4796
4797,22,UDP,TELNET,4797
4798,10001,TCP,EMS,4798
4799,22,UDP,SIP,4799
4800,500,TCP,DNS,4800
4801,993,TCP,DNS,4801
4802,5900,UDP,UBIQUITY,4802
4803,3389,UDP,ZABBIX,4803
4804,137,TCP,HTTPS,4804
4805,53,UDP,DNS,4805
4806,443,UDP,TELNET,4806
4807,587,UDP,FTP,4807
4808,443,TCP,HTTPS,4808
4809,443,TCP,HTTPS,4809
4810,445,UDP,DNS,4810
4811,443,UDP,HTTPS,4811
4812,1433,UDP,ACMSODA,4812
4813,500,UDP,TELNET,4813
4814,80,TCP,FTP,4814
4815,1433,TCP,SSH,4815
4816,10001,TCP,IRDMI,4816
4817,5060,TCP,HTTP,4817
4818,445,TCP,PGSQL,4818
4819,22,UDP,VNC,4819
4820,443,TCP,HTTPS,4820
4821,3389,TCP,HPSERVICE,4821
4822,53,UDP,DNS,4822
4823,9100,TCP,NETBIOS,4823
4824,53,TCP,SNMP,4824
4825,5060,TCP,IRDMI,4825
4826,443,UDP,FTP,4826
4827,5900,UDP,MSSQL,4827
4828,8000,UDP,DNS,4828
4829,587,TCP,RDP,4829
4830,443,TCP,HTTPS,4830
4831,8000,UDP,UBIQUITY,4831
4832,5060,UDP,TELNET,4832
4833,10051,UDP,MSSQL,4833
4834,445,TCP,MDS,4834
4835,10051,UDP,MDS,4835
4836,5432,UDP,HTTPS,4836
4837,80,UDP,ZABBIX,4837
4838,3128,UDP,IRDMI,4838
4839,10051,TCP,ISAKMP,4839
4840,3389,UDP,IRDMI,4840
4841,500,TCP,IMAP4,4841
4842,10001,UDP,HTTP,4842
4843,443,TCP,HPSERVICE,4843
4844,443,TCP,HTTPS,4844
4845,10001,UDP,PGSQL,4845
4846,9100,UDP,IRDMI,4846
4847,587,UDP,XMPP,4847
4848,53,TCP,MSSQL,4848
4849,3389,UDP,DNS,4849
4850,5432,TCP,SSH,4850
4851,21,UDP,ACMSODA,4851
4852,443,TCP,HTTPS,4852
4853,22,UDP,SIP,4853
4854,5061,UDP,DNS,4854
4855,3128,UDP,HPSERVICE,4855
4856,5432,UDP,ACMSODA,4856
4857,1344,TCP,TELNET,4857
4858,5900,UDP,MSSQL,4858
4859,5900,TCP,RDP,4859
4860,443,TCP,HTTPS,4860
4861,5900,UDP,NETBIOS,4861
4862,53,UDP,DNS,4862
4863,80,UDP,XMPP,4863
4864,80,TCP,HPSERVICE,4864
4865,5061,UDP,PGSQL,4865
4866,443,TCP,HTTPS,4866
4867,3689,TCP,ACMSODA,4867
4868,993,UDP,TELNET,4868
4869,587,UDP,FTP,4869
4870,21,TCP,FTP,4870
4871,5432,TCP,HPSERVICE,4871
4872,443,TCP,HTTPS,4872
4873,445,TCP,SSH,4873
4874,21,TCP,ACMSODA,4874
4875,5900,UDP,FTP,4875
4876,443,TCP,HTTPS,4876
4877,9100,TCP,SNMP,4877
4878,443,TCP,HTTPS,4878
4879,138,TCP,ACMSODA,4879
4880,137,TCP,ACMSODA,4880
4881,1433,UDP,ACMSODA,4881
4882,5900,TCP,FTP,4882
4883,500,TCP,ISAKMP,4883
4884,8080,TCP,ZABBIX,4884
4885,5222,UDP,SSH,4885
4886,53,UDP,XMPP,4886
4887,22,TCP,VNC,4887
4888,161,UDP,SSH,4888
4889,5061,TCP,VNC,4889
4890,53,UDP,ISAKMP,4890
4891,445,UDP,HTTPS,4891
4892,5432,UDP,HTTPS,4892
4893,5432,UDP,RDP,4893
4894,23,TCP,RDP,4894
4895,53,UDP,DNS,4895
4896,6969,TCP,IMAP4,4896
4897,10001,UDP,DAAPD,4897
4898,5432,TCP,SSH,4898
4899,10001,UDP,HTTP,4899
4900,500,TCP,PGSQL,4900
4901,5432,UDP,ISAKMP,4901
4902,445,UDP,DNS,4902
4903,53,UDP,XMPP,4903
4904,10001,UDP,HTTP,4904
4905,587,TCP,HTTP,4905
4906,3389,UDP,IRDMI,4906
4907,9100,TCP,SSH,4907
4908,500,UDP,RDP,4908
4909,3128,UDP,SNMP,4909
4910,443,TCP,RDP,4910
4911,443,TCP,HTTPS,4911
4912,1433,TCP,ZABBIX,4912
4913,993,UDP,DAAPD,4913
4914,443,TCP,HTTPS,4914
4915,993,UDP,PGSQL,4915
4916,161,TCP,RDP,4916
4917,10001,UDP,ICAP,4917
4918,993,UDP,MDS,4918
4919,443,UDP,HTTPS,4919
4920,5222,TCP,HTTPS,4920
4921,5900,UDP,SIP,4921
4922,137,TCP,PGSQL,4922
4923,5900,UDP,MDS,4923
4924,23,UDP,FTP,4924
4925,443,TCP,IRDMI,4925
4926,5900,TCP,RDP,4926
4927,1344,TCP,SNMP,4927
4928,1433,UDP,ACMSODA,4928
4929,3689,TCP,HTTP,4929
4930,53,TCP,MSSQL,4930
4931,1433,UDP,EMS,4931
4932,22,TCP,HTTP,4932
4933,10051,UDP,HTTPS,4933
4934,22,TCP,IMAP4,4934
4935,443,TCP,HTTPS,4935
4936,138,TCP,MSSQL,4936
4937,993,TCP,RDP,4937
4938,5222,UDP,EMS,4938
4939,161,TCP,TELNET,4939
4940,5432,UDP,MSSQL,4940
4941,500,UDP,DAAPD,4941
4942,443,TCP,HTTPS,4942
4943,21,UDP,XMPP,4943
4944,5900,TCP,SNMP,4944
4945,8080,TCP,HTTP,4945
4946,3689,UDP,IMAP4,4946
4947,443,UDP,HTTPS,4947
4948,587,UDP,EMS,4948
4949,993,UDP,FTP,4949
4950,80,TCP,HTTPS,4950
4951,138,UDP,ZABBIX,4951
4952,1433,TCP,MSSQL,4952
4953,137,TCP,HTTPS,4953
4954,10001,UDP,SSH,4954
4955,445,UDP,MDS,4955
4956,22,UDP,SNMP,4956
4957,21,UDP,ACMSODA,4957
4958,53,UDP,DNS,4958
4959,23,TCP,FTP,4959
4960,500,UDP,XMPP,4960
4961,1344,TCP,UBIQUITY,4961
4962,6969,UDP,SNMP,4962
4963,500,UDP,DNS,4963
4964,138,TCP,IRDMI,4964
4965,3689,TCP,HPSERVICE,4965
4966,3389,TCP,ACMSODA,4966
4967,10001,TCP,MDS,4967
4968,23,UDP,ICAP,4968
4969,5432,UDP,ICAP,4969
4970,3689,UDP,SSH,4970
4971,1433,UDP,ACMSODA,4971
4972,8000,UDP,SIP,4972
4973,993,TCP,RDP,4973
4974,445,UDP,HTTPS,4974
4975,53,UDP,DNS,4975
4976,1344,UDP,HTTP,4976
4977,21,TCP,FTP,4977
4978,8000,TCP,SIP,4978
4979,3389,UDP,SNMP,4979
4980,443,TCP,HTTPS,4980
4981,443,TCP,HTTPS,4981
4982,5900,UDP,SSH,4982
4983,8080,UDP,HPSERVICE,4983
4984,443,UDP,IRDMI,4984
4985,8080,UDP,ISAKMP,4985
4986,5900,TCP,TELNET,4986
4987,5222,UDP,RDP,4987
4988,3389,UDP,PGSQL,4988
4989,3689,UDP,SNMP,4989
4990,5432,UDP,DNS,4990
4991,10001,UDP,SSH,4991
4992,80,UDP,SIP,4992
4993,3128,TCP,ACMSODA,4993
4994,5432,UDP,IMAP4,4994
4995,21,UDP,SIP,4995
4996,5060,TCP,ICAP,4996
4997,21,TCP,HPSERVICE,4997
4998,137,TCP,HTTPS,4998
4999,23,UDP,MDS,4999
5000,5900,UDP,FTP,5000
5001,21,UDP,FTP,5001
5002,500,UDP,DAAPD,5002
5003,10051,UDP,HTTPS,5003
5004,1344,TCP,IMAP4,5004
5005,443,TCP,RDP,5005
5006,22,TCP,HTTP,5006
5007,443,TCP,HTTPS,5007
5008,443,TCP,HTTPS,5008
5009,443,TCP,HTTPS,5009
5010,443,TCP,HTTP,5010
5011,5222,UDP,SSH,5011
5012,3689,UDP,IMAP4,5012
5013,1433,TCP,UBIQUITY,5013
5014,53,TCP,MSSQL,5014
5015,6969,TCP,ISAKMP,5015
5016,161,UDP,SNMP,5016
5017,443,TCP,HTTPS,5017
5018,6969,UDP,DNS,5018
5019,10001,UDP,RDP,5019
5020,993,TCP,NETBIOS,5020
5021,993,TCP,SSH,5021
5022,1344,TCP,NETBIOS,5022
5023,1433,TCP,VNC,5023
5024,443,TCP,HTTPS,5024
5025,138,TCP,UBIQUITY,5025
5026,5432,UDP,HTTPS,5026
5027,443,TCP,HTTPS,5027
5028,445,UDP,MDS,5028
5029,443,TCP,HPSERVICE,5029
5030,10051,TCP,SSH,5030
5031,8080,UDP,ICAP,5031
5032,9100,UDP,ZABBIX,5032
5033,445,UDP,DNS,5033
5034,21,TCP,FTP,5034
5035,5060,UDP,TELNET,5035
5036,80,UDP,SNMP,5036
5037,3128,UDP,ICAP,5037
5038,10051,UDP,MSSQL,5038
5039,3689,TCP,XMPP,5039
5040,443,TCP,HTTPS,5040
5041,5222,UDP,EMS,5041
5042,80,UDP,ZABBIX,5042
5043,6969,TCP,MDS,5043
5044,21,UDP,ICAP,5044
5045,22,TCP,IMAP4,5045
5046,445,UDP,DAAPD,5046
5047,5222,UDP,ACMSODA,5047
5048,10051,UDP,PGSQL,5048
5049,443,TCP,HTTPS,5049
5050,6969,TCP,EMS,5050
5051,10051,TCP,UBIQUITY,5051
5052,138,UDP,PGSQL,5052
5053,3389,UDP,IRDMI,5053
5054,161,UDP,IRDMI,5054
5055,10051,UDP,ACMSODA,5055
5056,443,TCP,HTTPS,5056
5057,3128,TCP,ACMSODA,5057
5058,587,TCP,PGSQL,5058
5059,5900,UDP,NETBIOS,5059
5060,23,UDP,MDS,5060
5061,138,UDP,IMAP4,5061
5062,5432,UDP,ACMSODA,5062
5063,500,UDP,RDP,5063
5064,443,TCP,HTTPS,5064
5065,5061,UDP,TELNET,5065
5066,53,UDP,DNS,5066
5067,5900,UDP,MSSQL,5067
5068,443,TCP,HTTPS,5068
5069,993,TCP,NETBIOS,5069
5070,500,TCP,FTP,5070
5071,8080,TCP,MSSQL,5071
5072,10051,UDP,MDS,5072
5073,8080,UDP,TELNET,5073
5074,993,UDP,TELNET,5074
5075,1433,TCP,HTTPS,5075
5076,23,TCP,DNS,5076
5077,500,UDP,ICAP,5077
5078,5061,TCP,FTP,5078
5079,5900,UDP,NETBIOS,5079
5080,5061,TCP,XMPP,5080
5081,993,UDP,DAAPD,5081
5082,500,TCP,IMAP4,5082
5083,443,UDP,FTP,5083
5084,8000,UDP,HTTP,5084
5085,21,TCP,FTP,5085
5086,587,TCP,EMS,5086
5087,5061,TCP,VNC,5087
5088,443,TCP,HTTPS,5088
5089,5060,UDP,MSSQL,5089
5090,443,TCP,HTTPS,5090
5091,22,TCP,HTTPS,5091
5092,443,TCP,HTTPS,5092
5093,1433,TCP,VNC,5093
5094,1344,TCP,TELNET,5094
5095,443,TCP,HTTPS,5095
5096,5900,UDP,MDS,5096
5097,6969,UDP,HTTP,5097
5098,5060,UDP,FTP,5098
5099,500,UDP,DAAPD,5099
5100,5900,UDP,NETBIOS,5100
5101,53,TCP,SNMP,5101
5102,443,TCP,HTTPS,5102
5103,443,TCP,HTTPS,5103
5104,443,TCP,HTTPS,5104
5105,500,UDP,DNS,5105
5106,161,TCP,IRDMI,5106
5107,10051,TCP,SIP,5107
5108,5060,UDP,NETBIOS,5108
5109,80,UDP,ZABBIX,5109
5110,161,TCP,RDP,5110
5111,445,TCP,MSSQL,5111
5112,993,TCP,HTTP,5112
5113,8080,TCP,DAAPD,5113
5114,445,TCP,SSH,5114
5115,5900,UDP,MSSQL,5115
5116,3128,UDP,ICAP,5116
5117,161,TCP,IMAP4,5117
5118,138,TCP,SSH,5118
5119,5222,TCP,ICAP,5119
5120,137,TCP,IRDMI,5120
5121,22,TCP,UBIQUITY,5121
5122,8080,UDP,ISAKMP,5122
5123,53,UDP,DNS,5123
5124,53,UDP,NETBIOS,5124
5125,1344,UDP,MDS,5125
5126,8000,TCP,ICAP,5126
5127,8080,UDP,ISAKMP,5127
5128,21,UDP,XMPP,5128
5129,993,UDP,DAAPD,5129
5130,500,UDP,DAAPD,5130
5131,445,TCP,HTTP,5131
5132,443,TCP,HTTPS,5132
5133,137,TCP,HTTP,5133
5134,993,TCP,PGSQL,5134
5135,5432,UDP,ISAKMP,5135
5136,5222,UDP,SSH,5136
5137,5222,TCP,XMPP,5137
5138,53,UDP,DNS,5138
5139,3689,TCP,TELNET,5139
5140,8000,UDP,NETBIOS,5140
5141,3128,TCP,SNMP,5141
5142,443,TCP,HTTPS,5142
5143,3689,TCP,XMPP,5143
5144,80,UDP,SIP,5144
5145,161,UDP,SIP,5145
5146,3689,UDP,IMAP4,5146
5147,443,TCP,HTTPS,5147
5148,5900,UDP,FTP,5148
5149,500,UDP,DAAPD,5149
5150,53,UDP,ISAKMP,5150
5151,443,TCP,HTTPS,5151
5152,443,TCP,HTTPS,5152
5153,9100,TCP,SSH,5153
5154,53,UDP,DNS,5154
5155,53,TCP,MSSQL,5155
5156,21,UDP,SIP,5156
5157,1433,UDP,ACMSODA,5157
5158,443,TCP,HTTPS,5158
5159,443,TCP,UBIQUITY,5159
5160,80,TCP,HTTP,5160
5161,3689,TCP,HTTP,5161
5162,80,TCP,FTP,5162
5163,53,UDP,TELNET,5163
5164,5432,UDP,VNC,5164
5165,5060,UDP,FTP,5165
5166,443,TCP,HTTPS,5166
5167,3389,TCP,HPSERVICE,5167
5168,21,TCP,VNC,5168
5169,3389,TCP,ACMSODA,5169
5170,21,TCP,FTP,5170
5171,443,TCP,HTTPS,5171
5172,3128,UDP,ICAP,5172
5173,443,TCP,HTTPS,5173
5174,137,TCP,MDS,5174
5175,500,UDP,ICAP,5175
5176,1344,UDP,EMS,5176
5177,443,TCP,HTTPS,5177
5178,443,TCP,HTTPS,5178
5179,5432,TCP,ACMSODA,5179
5180,5061,TCP,VNC,5180
5181,23,TCP,HPSERVICE,5181
5182,500,TCP,DNS,5182
5183,993,TCP,IMAP4,5183
5184,993,UDP,TELNET,5184
5185,5432,UDP,ACMSODA,5185
5186,500,UDP,TELNET,5186
5187,1344,UDP,UBIQUITY,5187
5188,443,TCP,HTTPS,5188
5189,443,TCP,HTTPS,5189
5190,587,UDP,HPSERVICE,5190
5191,587,UDP,EMS,5191
5192,137,TCP,HTTPS,5192
5193,5061,UDP,EMS,5193
5194,500,TCP,SSH,5194
5195,21,TCP,EMS,5195
5196,3689,TCP,HTTP,5196
5197,5432,UDP,ICAP,5197
5198,8000,UDP,NETBIOS,5198
5199,500,TCP,SSH,5199
5200,5061,UDP,HTTPS,5200
5201,5432,UDP,NETBIOS,5201
5202,443,TCP,HTTPS,5202
5203,3689,UDP,TELNET,5203
5204,8080,UDP,FTP,5204
5205,6969,TCP,SNMP,5205
5206,138,UDP,HPSERVICE,5206
5207,138,TCP,ICAP,5207
5208,10051,TCP,ZABBIX,5208
5209,21,TCP,FTP,5209
5210,1344,TCP,TELNET,5210
5211,21,UDP,RDP,5211
5212,5060,TCP,NETBIOS,5212
5213,443,TCP,UBIQUITY,5213
5214,138,UDP,IRDMI,5214
5215,5060,UDP,XMPP,5215
5216,5900,UDP,UBIQUITY,5216
5217,5432,UDP,DNS,5217
5218,443,TCP,HTTPS,5218
5219,443,TCP,HTTPS,5219
5220,443,TCP,HTTPS,5220
5221,161,UDP,SNMP,5221
5222,3689,UDP,VNC,5222
5223,8080,UDP,HTTP,5223
5224,587,UDP,EMS,5224
5225,5900,TCP,FTP,5225
5226,3128,UDP,SNMP,5226
5227,9100,TCP,PGSQL,5227
5228,1433,UDP,SSH,5228
5229,23,TCP,HPSERVICE,5229
5230,500,UDP,XMPP,5230
5231,443,TCP,HTTPS,5231
5232,3689,UDP,FTP,5232
5233,1344,TCP,IMAP4,5233
5234,443,TCP,HTTPS,5234
5235,3389,UDP,PGSQL,5235
5236,5900,UDP,NETBIOS,5236
5237,443,TCP,HTTPS,5237
5238,587,TCP,ZABBIX,5238
5239,1344,UDP,SSH,5239
5240,23,UDP,TELNET,5240
5241,1433,TCP,SNMP,5241
5242,445,UDP,DNS,5242
5243,8080,TCP,NETBIOS,5243
5244,5060,UDP,PGSQL,5244
5245,80,TCP,HTTP,5245
5246,3689,UDP,TELNET,5246
5247,445,TCP,HPSERVICE,5247
5248,500,UDP,VNC,5248
5249,5060,TCP,MDS,5249
5250,8080,UDP,FTP,5250
5251,23,UDP,SIP,5251
5252,8080,TCP,ZABBIX,5252
5253,993,UDP,TELNET,5253
5254,21,UDP,HTTPS,5254
5255,161,UDP,SSH,5255
5256,23,TCP,VNC,5256
5257,80,UDP,IRDMI,5257
5258,5060,TCP,XMPP,5258
5259,3389,UDP,EMS,5259
5260,9100,UDP,PGSQL,5260
5261,21,TCP,IMAP4,5261
5262,5900,UDP,FTP,5262
5263,993,UDP,SNMP,5263
5264,443,TCP,HTTPS,5264
5265,80,TCP,HPSERVICE,5265
5266,443,TCP,HTTPS,5266
5267,1433,TCP,PGSQL,5267
5268,21,UDP,SIP,5268
5269,445,TCP,EMS,5269
5270,993,TCP,SSH,5270
5271,5432,TCP,DAAPD,5271
5272,137,TCP,RDP,5272
5273,10001,TCP,HPSERVICE,5273
5274,5432,UDP,DNS,5274
5275,3689,TCP,ACMSODA,5275
5276,161,TCP,IRDMI,5276
5277,443,TCP,SIP,5277
5278,445,UDP,DNS,5278
5279,587,UDP,HPSERVICE,5279
5280,137,TCP,DAAPD,5280
5281,161,TCP,IMAP4,5281
5282,53,UDP,NETBIOS,5282
5283,5432,UDP,ACMSODA,5283
5284,443,TCP,HTTPS,5284
5285,161,TCP,DAAPD,5285
5286,3389,TCP,EMS,5286
5287,23,UDP,IRDMI,5287
5288,53,UDP,DNS,5288
5289,443,TCP,HTTPS,5289
5290,445,UDP,TELNET,5290
5291,21,UDP,ACMSODA,5291
5292,1344,TCP,TELNET,5292
5293,22,TCP,FTP,5293
5294,5222,UDP,SSH,5294
5295,443,TCP,HTTPS,5295
5296,21,TCP,FTP,5296
5297,500,UDP,DAAPD,5297
5298,1433,TCP,HTTPS,5298
5299,5061,UDP,ACMSODA,5299
5300,138,UDP,IRDMI,5300
5301,3128,UDP,ICAP,5301
5302,5061,TCP,ICAP,5302
5303,445,UDP,HTTP,5303
5304,22,TCP,MSSQL,5304
5305,9100,TCP,SNMP,5305
5306,5432,UDP,HTTPS,5306
5307,80,UDP,SIP,5307
5308,10051,UDP,SIP,5308
5309,53,UDP,DNS,5309
5310,443,TCP,HTTPS,5310
5311,138,UDP,MDS,5311
5312,443,TCP,HTTPS,5312
5313,443,TCP,HTTPS,5313
5314,21,UDP,MSSQL,5314
5315,3389,UDP,SNMP,5315
5316,53,UDP,DNS,5316
5317,5900,UDP,EMS,5317
5318,53,UDP,DNS,5318
5319,21,UDP,SIP,5319
5320,3689,TCP,PGSQL,5320
5321,1433,TCP,EMS,5321
5322,5900,UDP,ICAP,5322
5323,161,UDP,SIP,5323
5324,5900,TCP,MDS,5324
5325,6969,UDP,DAAPD,5325
5326,6969,UDP,ACMSODA,5326
5327,5222,UDP,ICAP,5327
5328,443,TCP,HTTPS,5328
5329,5060,UDP,DAAPD,5329
5330,80,TCP,HTTPS,5330
5331,443,TCP,HTTPS,5331
5332,443,UDP,HPSERVICE,5332
5333,8080,UDP,ISAKMP,5333
5334,22,UDP,IRDMI,5334
5335,5432,UDP,ICAP,5335
5336,3689,TCP,TELNET,5336
5337,443,TCP,HTTPS,5337
5338,80,UDP,NETBIOS,5338
5339,993,TCP,UBIQUITY,5339
5340,53,UDP,MDS,5340
5341,500,TCP,HTTPS,5341
5342,6969,TCP,NETBIOS,5342
5343,587,TCP,RDP,5343
5344,6969,TCP,ZABBIX,5344
5345,443,UDP,MDS,5345
5346,443,TCP,HTTPS,5346
5347,1344,TCP,IMAP4,5347
5348,21,TCP,FTP,5348
5349,3128,UDP,ICAP,5349
5350,500,UDP,XMPP,5350
5351,3389,UDP,SNMP,5351
5352,445,UDP,HTTP,5352
5353,6969,TCP,IMAP4,5353
5354,993,UDP,HPSERVICE,5354
5355,161,UDP,UBIQUITY,5355
5356,8080,UDP,ISAKMP,5356
5357,3689,UDP,VNC,5357
5358,161,TCP,TELNET,5358
5359,21,TCP,MDS,5359
5360,53,UDP,DNS,5360
5361,3689,UDP,SNMP,5361
5362,21,UDP,RDP,5362
5363,443,TCP,HTTPS,5363
5364,21,UDP,ACMSODA,5364
5365,138,UDP,IRDMI,5365
5366,587,UDP,IRDMI,5366
5367,5900,TCP,ZABBIX,5367
5368,5061,TCP,VNC,5368
5369,138,TCP,HPSERVICE,5369
5370,443,TCP,HTTPS,5370
5371,5060,TCP,MDS,5371
5372,53,UDP,DNS,5372
5373,3128,UDP,ICAP,5373
5374,3689,UDP,IRDMI,5374
5375,587,TCP,PGSQL,5375
5376,137,TCP,MDS,5376
5377,443,TCP,HTTPS,5377
5378,161,TCP,IMAP4,5378
5379,443,TCP,HTTPS,5379
5380,3389,TCP,NETBIOS,5380
5381,80,UDP,SNMP,5381
5382,8080,TCP,NETBIOS,5382
5383,3389,TCP,IRDMI,5383
5384,443,UDP,ISAKMP,5384
5385,5222,TCP,SNMP,5385
5386,445,TCP,SSH,5386
5387,80,TCP,DAAPD,5387
5388,5432,UDP,HTTPS,5388
5389,5432,UDP,DNS,5389
5390,3128,UDP,ICAP,5390
5391,5432,TCP,ACMSODA,5391
5392,80,UDP,HTTP,5392
5393,21,TCP,IMAP4,5393
5394,443,TCP,HTTPS,5394
5395,21,TCP,VNC,5395
5396,5900,UDP,ISAKMP,5396
5397,5060,TCP,MDS,5397
5398,443,TCP,HTTPS,5398
5399,5061,UDP,HTTPS,5399
5400,5060,UDP,MSSQL,5400
5401,137,TCP,HTTPS,5401
5402,5900,TCP,EMS,5402
5403,21,UDP,XMPP,5403
5404,5222,TCP,HTTPS,5404
5405,8000,TCP,DNS,5405
5406,587,UDP,EMS,5406
5407,500,UDP,DNS,5407
5408,443,TCP,HTTPS,5408
5409,500,TCP,SIP,5409
5410,443,TCP,IMAP4,5410
5411,161,TCP,VNC,5411
5412,1344,TCP,TELNET,5412
5413,1433,TCP,DAAPD,5413
5414,445,TCP,SSH,5414
5415,5432,TCP,DAAPD,5415
5416,443,TCP,HTTPS,5416
5417,21,TCP,IMAP4,5417
5418,80,UDP,SNMP,5418
5419,8000,TCP,UBIQUITY,5419
5420,1433,UDP,HPSERVICE,5420
5421,445,TCP,SSH,5421
5422,53,TCP,SNMP,5422
5423,443,UDP,HTTPS,5423
5424,137,TCP,HTTPS,5424
5425,443,TCP,DAAPD,5425
5426,1433,TCP,EMS,5426
5427,137,UDP,HTTPS,5427
5428,443,TCP,HTTPS,5428
5429,80,UDP,SIP,5429
5430,5060,TCP,ACMSODA,5430
5431,22,TCP,HTTP,5431
5432,5222,UDP,EMS,5432
5433,5900,UDP,HTTP,5433
5434,137,TCP,HTTPS,5434
5435,3689,TCP,HPSERVICE,5435
5436,3128,UDP,MSSQL,5436
5437,5060,UDP,FTP,5437
5438,3689,TCP,PGSQL,5438
5439,587,TCP,SIP,5439
5440,23,UDP,SIP,5440
5441,5900,TCP,RDP,5441
5442,23,TCP,VNC,5442
5443,1344,TCP,TELNET,5443
5444,5900,UDP,FTP,5444
5445,443,TCP,HTTPS,5445
5446,80,UDP,ZABBIX,5446
5447,587,TCP,UBIQUITY,5447
5448,3389,TCP,MSSQL,5448
5449,6969,TCP,ACMSODA,5449
5450,445,UDP,TELNET,5450
5451,10051,UDP,DNS,5451
5452,443,UDP,HTTPS,5452
5453,5432,UDP,RDP,5453
5454,10051,UDP,MDS,5454
5455,80,TCP,HTTP,5455
5456,443,UDP,HTTPS,5456
5457,10001,TCP,ZABBIX,5457
5458,1433,UDP,XMPP,5458
5459,587,UDP,IRDMI,5459
5460,5060,TCP,ACMSODA,5460
5461,587,TCP,SIP,5461
5462,22,TCP,MSSQL,5462
5463,21,TCP,FTP,5463
5464,3689,UDP,FTP,5464
5465,5222,TCP,ICAP,5465
5466,22,UDP,VNC,5466
5467,8080,TCP,IRDMI,5467
5468,443,TCP,HTTPS,5468
5469,443,TCP,HTTPS,5469
5470,8000,UDP,HPSERVICE,5470
5471,5900,TCP,EMS,5471
5472,21,TCP,FTP,5472
5473,1344,UDP,SSH,5473
5474,80,TCP,FTP,5474
5475,3128,UDP,ICAP,5475
5476,21,UDP,MSSQL,5476
5477,587,TCP,ACMSODA,5477
5478,500,TCP,SIP,5478
5479,5900,TCP,MDS,5479
5480,443,TCP,HTTPS,5480
5481,443,UDP,MDS,5481
5482,80,TCP,HTTP,5482
5483,21,UDP,ICAP,5483
5484,5900,UDP,HPSERVICE,5484
5485,443,TCP,HTTPS,5485
5486,443,TCP,HTTPS,5486
5487,137,TCP,HTTPS,5487
5488,138,UDP,VNC,5488
5489,445,UDP,HTTPS,5489
5490,23,TCP,FTP,5490
5491,1344,TCP,DAAPD,5491
5492,5060,TCP,MDS,5492
5493,53,UDP,DNS,5493
5494,23,UDP,MDS,5494
5495,3128,TCP,UBIQUITY,5495
5496,23,UDP,SIP,5496
5497,1344,UDP,SSH,5497
5498,10051,TCP,UBIQUITY,5498
5499,993,TCP,IMAP4,5499
5500,138,UDP,ZABBIX,5500
5501,23,TCP,HPSERVICE,5501
5502,161,UDP,SNMP,5502
5503,21,UDP,XMPP,5503
5504,587,TCP,ZABBIX,5504
5505,3128,UDP,VNC,5505
5506,1433,TCP,ISAKMP,5506
5507,3689,TCP,ACMSODA,5507
5508,8080,TCP,RDP,5508
5509,1433,TCP,VNC,5509
5510,1433,TCP,UBIQUITY,5510
5511,9100,UDP,PGSQL,5511
5512,443,TCP,HTTPS,5512
5513,443,TCP,UBIQUITY,5513
5514,161,UDP,SSH,5514
5515,53,UDP,XMPP,5515
5516,8080,UDP,ICAP,5516
5517,1433,TCP,MSSQL,5517
5518,3128,TCP,HTTP,5518
5519,443,TCP,HTTPS,5519
5520,3389,UDP,RDP,5520
5521,993,UDP,RDP,5521
5522,500,TCP,DNS,5522
5523,587,TCP,MDS,5523
5524,1433,TCP,EMS,5524
5525,10001,TCP,ZABBIX,5525
5526,53,UDP,DNS,5526
5527,10001,UDP,SNMP,5527
5528,80,TCP,FTP,5528
5529,8080,TCP,MSSQL,5529
5530,443,TCP,HTTPS,5530
5531,5432,TCP,DAAPD,5531
5532,53,TCP,MSSQL,5532
5533,3689,UDP,HTTP,5533
5534,445,UDP,TELNET,5534
5535,10051,UDP,DNS,5535
5536,3128,UDP,SNMP,5536
5537,500,UDP,DAAPD,5537
5538,6969,UDP,DNS,5538
5539,443,TCP,HTTPS,5539
5540,22,UDP,SIP,5540
5541,443,TCP,HTTPS,5541
5542,993,TCP,NETBIOS,5542
5543,587,UDP,FTP,5543
5544,443,TCP,HTTPS,5544
5545,23,UDP,IRDMI,5545
5546,1433,UDP,SSH,5546
5547,1344,TCP,NETBIOS,5547
5548,3689,UDP,TELNET,5548
5549,443,TCP,IMAP4,5549
5550,137,UDP,XMPP,5550
5551,5432,UDP,IMAP4,5551
5552,3128,UDP,SNMP,5552
5553,3689,TCP,SSH,5553
5554,1344,UDP,HTTPS,5554
5555,1433,TCP,MDS,5555
5556,21,UDP,SIP,5556
5557,3128,UDP,IMAP4,5557
5558,1433,TCP,SSH,5558
5559,3128,UDP,IRDMI,5559
5560,138,TCP,IRDMI,5560
5561,443,UDP,HTTPS,5561
5562,3689,UDP,SNMP,5562
5563,443,TCP,HTTPS,5563
5564,138,UDP,HPSERVICE,5564
5565,443,TCP,HTTPS,5565
5566,993,TCP,IMAP4,5566
5567,53,UDP,DNS,5567
5568,5432,TCP,VNC,5568
5569,80,TCP,HTTP,5569
5570,6969,TCP,HTTPS,5570
5571,443,UDP,HTTPS,5571
5572,5432,TCP,ACMSODA,5572
5573,161,TCP,DAAPD,5573
5574,80,TCP,IMAP4,5574
5575,1344,TCP,ZABBIX,5575
5576,1344,UDP,ISAKMP,5576
5577,5061,TCP,SNMP,5577
5578,443,TCP,HTTPS,5578
5579,10001,UDP,DAAPD,5579
5580,5061,UDP,HTTP,5580
5581,23,UDP,SNMP,5581
5582,5432,TCP,RDP,5582
5583,6969,TCP,ISAKMP,5583
5584,21,UDP,FTP,5584
5585,3128,TCP,ACMSODA,5585
5586,445,TCP,HPSERVICE,5586
5587,3389,TCP,HTTPS,5587
5588,993,UDP,RDP,5588
5589,443,TCP,HTTPS,5589
5590,138,UDP,ZABBIX,5590
5591,1344,UDP,HTTP,5591
5592,500,UDP,DAAPD,5592
5593,443,TCP,HTTPS,5593
5594,3389,TCP,ACMSODA,5594
5595,3689,TCP,SSH,5595
5596,1344,UDP,HTTP,5596
5597,23,UDP,TELNET,5597
5598,5060,UDP,DAAPD,5598
5599,5900,TCP,RDP,5599
5600,993,TCP,RDP,5600
5601,138,TCP,ICAP,5601
5602,443,TCP,HTTPS,5602
5603,53,UDP,DNS,5603
5604,5432,UDP,ICAP,5604
5605,53,UDP,DNS,5605
5606,3689,TCP,SSH,5606
5607,443,TCP,HTTPS,5607
5608,1433,TCP,PGSQL,5608
5609,21,UDP,HTTPS,5609
5610,443,TCP,HTTPS,5610
5611,443,TCP,HTTPS,5611
5612,21,UDP,XMPP,5612
5613,5432,TCP,DAAPD,5613
5614,5432,UDP,HTTPS,5614
5615,1344,UDP,DAAPD,5615
5616,993,UDP,RDP,5616
5617,443,TCP,HTTPS,5617
5618,443,TCP,UBIQUITY,5618
5619,443,UDP,ISAKMP,5619
5620,8000,TCP,SIP,5620
5621,5900,UDP,SIP,5621
5622,53,UDP,NETBIOS,5622
5623,10051,UDP,SIP,5623
5624,21,TCP,HPSERVICE,5624
5625,138,TCP,ACMSODA,5625
5626,5900,TCP,ZABBIX,5626
5627,443,TCP,HTTPS,5627
5628,500,UDP,DAAPD,5628
5629,3128,UDP,SNMP,5629
5630,10001,TCP,HPSERVICE,5630
5631,443,TCP,HTTPS,5631
5632,5432,TCP,SSH,5632
5633,10001,UDP,FTP,5633
5634,10001,TCP,EMS,5634
5635,5900,TCP,MSSQL,5635
5636,21,UDP,HPSERVICE,5636
5637,80,UDP,NETBIOS,5637
5638,9100,UDP,SNMP,5638
5639,443,TCP,HTTPS,5639
5640,53,UDP,FTP,5640
5641,5061,UDP,TELNET,5641
5642,500,UDP,NETBIOS,5642
5643,5222,TCP,ICAP,5643
5644,8080,UDP,ICAP,5644
5645,1433,TCP,PGSQL,5645
5646,8000,UDP,ZABBIX,5646
5647,53,UDP,DNS,5647
5648,5222,UDP,SNMP,5648
5649,23,UDP,MDS,5649
5650,23,UDP,SIP,5650
5651,1344,TCP,NETBIOS,5651
5652,3389,UDP,SNMP,5652
5653,5432,TCP,VNC,5653
5654,5900,UDP,TELNET,5654
5655,443,TCP,HTTPS,5655
5656,443,TCP,HTTPS,5656
5657,21,TCP,NETBIOS,5657
5658,993,TCP,DNS,5658
5659,500,TCP,UBIQUITY,5659
5660,443,TCP,RDP,5660
5661,5432,UDP,HTTPS,5661
5662,443,TCP,HTTPS,5662
5663,22,TCP,HTTP,5663
5664,161,TCP,RDP,5664
5665,5061,TCP,PGSQL,5665
5666,5432,UDP,NETBIOS,5666
5667,3389,TCP,HTTPS,5667
5668,80,TCP,PGSQL,5668
5669,443,TCP,SIP,5669
5670,3689,UDP,FTP,5670
5671,161,UDP,VNC,5671
5672,138,TCP,DNS,5672
5673,5432,TCP,DAAPD,5673
5674,80,TCP,DAAPD,5674
5675,53,UDP,DNS,5675
5676,3389,TCP,MSSQL,5676
5677,53,UDP,DNS,5677
5678,161,UDP,IRDMI,5678
5679,5222,UDP,SSH,5679
5680,53,UDP,DNS,5680
5681,5900,UDP,FTP,5681
5682,3689,UDP,MSSQL,5682
5683,161,TCP,DAAPD,5683
5684,5060,UDP,MDS,5684
5685,21,TCP,MDS,5685
5686,443,TCP,HTTPS,5686
5687,5432,UDP,NETBIOS,5687
5688,1344,UDP,UBIQUITY,5688
5689,443,TCP,HTTPS,5689
5690,993,TCP,RDP,5690
5691,53,UDP,DNS,5691
5692,993,UDP,DAAPD,5692
5693,80,UDP,XMPP,5693
5694,80,UDP,ZABBIX,5694
5695,443,TCP,HTTPS,5695
5696,3689,UDP,IMAP4,5696
5697,80,TCP,HTTP,5697
5698,21,UDP,MSSQL,5698
5699,21,UDP,UBIQUITY,5699
5700,10001,TCP,EMS,5700
5701,80,TCP,HTTP,5701
5702,23,UDP,MDS,5702
5703,443,TCP,HTTPS,5703
5704,80,TCP,HTTP,5704
5705,443,TCP,HPSERVICE,5705
5706,443,TCP,RDP,5706
5707,443,TCP,HTTPS,5707
5708,3689,UDP,FTP,5708
5709,443,TCP,TELNET,5709
5710,23,TCP,HPSERVICE,5710
5711,1433,UDP,ACMSODA,5711
5712,5432,UDP,HTTPS,5712
5713,10001,UDP,SSH,5713
5714,443,TCP,HTTPS,5714
5715,22,TCP,SSH,5715
5716,443,TCP,HTTPS,5716
5717,161,TCP,DAAPD,5717
5718,443,TCP,HTTPS,5718
5719,443,TCP,HTTPS,5719
5720,5060,TCP,NETBIOS,5720
5721,5222,TCP,HTTPS,5721
5722,10001,UDP,SSH,5722
5723,8000,TCP,UBIQUITY,5723
5724,5900,TCP,RDP,5724
5725,5061,TCP,ACMSODA,5725
5726,443,TCP,HTTPS,5726
5727,5432,UDP,ACMSODA,5727
5728,587,UDP,FTP,5728
5729,993,TCP,DNS,5729
5730,80,UDP,SNMP,5730
5731,8080,TCP,MSSQL,5731
5732,443,TCP,HTTPS,5732
5733,3689,TCP,SNMP,5733
5734,5222,TCP,EMS,5734
5735,500,UDP,ICAP,5735
5736,3128,UDP,ICAP,5736
5737,443,TCP,HTTPS,5737
5738,3389,UDP,SNMP,5738
5739,8080,TCP,EMS,5739
5740,8080,UDP,TELNET,5740
5741,9100,TCP,SSH,5741
5742,3389,UDP,SNMP,5742
5743,6969,TCP,EMS,5743
5744,1344,UDP,HTTP,5744
5745,80,TCP,FTP,5745
5746,5900,TCP,PGSQL,5746
5747,5432,UDP,IMAP4,5747
5748,443,TCP,HTTPS,5748
5749,21,TCP,IMAP4,5749
5750,443,UDP,UBIQUITY,5750
5751,445,UDP,HTTP,5751
5752,3389,UDP,SNMP,5752
5753,587,TCP,ACMSODA,5753
5754,443,TCP,HTTPS,5754
5755,5061,UDP,HTTPS,5755
5756,3389,UDP,IRDMI,5756
5757,443,TCP,HTTPS,5757
5758,993,TCP,HTTP,5758
5759,3389,UDP,IRDMI,5759
5760,1433,TCP,VNC,5760
5761,993,TCP,RDP,5761
5762,80,UDP,ZABBIX,5762
5763,1433,TCP,PGSQL,5763
5764,1433,UDP,ZABBIX,5764
5765,53,TCP,MSSQL,5765
5766,8000,TCP,MSSQL,5766
5767,445,UDP,DNS,5767
5768,5060,TCP,SIP,5768
5769,10001,TCP,MDS,5769
5770,23,TCP,HPSERVICE,5770
5771,80,TCP,FTP,5771
5772,8000,UDP,HPSERVICE,5772
5773,443,TCP,UBIQUITY,5773
5774,8080,UDP,ISAKMP,5774
5775,5060,TCP,IRDMI,5775
5776,138,UDP,PGSQL,5776
5777,80,UDP,XMPP,5777
5778,443,UDP,DAAPD,5778
5779,3128,UDP,SNMP,5779
5780,161,UDP,UBIQUITY,5780
5781,161,TCP,EMS,5781
5782,8080,UDP,ACMSODA,5782
5783,22,TCP,ZABBIX,5783
5784,587,UDP,IRDMI,5784
5785,1433,TCP,HTTPS,5785
5786,22,UDP,SNMP,5786
5787,443,TCP,HTTPS,5787
5788,5061,UDP,HTTPS,5788
5789,80,TCP,FTP,5789
5790,993,UDP,TELNET,5790
5791,5432,UDP,IMAP4,5791
5792,1433,TCP,IMAP4,5792
5793,3128,TCP,SNMP,5793
5794,3689,TCP,PGSQL,5794
5795,5060,TCP,ACMSODA,5795
5796,23,UDP,TELNET,5796
5797,500,UDP,SNMP,5797
5798,993,UDP,FTP,5798
5799,5222,UDP,MDS,5799
5800,5900,UDP,SIP,5800
5801,3689,TCP,SSH,5801
5802,53,UDP,FTP,5802
5803,443,TCP,HTTPS,5803
5804,6969,TCP,ACMSODA,5804
5805,1433,UDP,EMS,5805
5806,80,TCP,HTTP,5806
5807,3689,UDP,IRDMI,5807
5808,5432,TCP,DAAPD,5808
5809,9100,UDP,DNS,5809
5810,8080,UDP,ISAKMP,5810
5811,137,TCP,DAAPD,5811
5812,3689,TCP,HTTP,5812
5813,23,UDP,TELNET,5813
5814,443,TCP,HTTPS,5814
5815,1344,UDP,SSH,5815
5816,21,UDP,SIP,5816
5817,53,TCP,MSSQL,5817
5818,443,TCP,TELNET,5818
5819,5432,UDP,HTTPS,5819
5820,443,UDP,SNMP,5820
5821,443,TCP,RDP,5821
5822,10051,UDP,ISAKMP,5822
5823,445,UDP,HTTPS,5823
5824,443,TCP,HPSERVICE,5824
5825,443,TCP,HTTPS,5825
5826,21,UDP,ICAP,5826
5827,5432,UDP,MSSQL,5827
5828,3689,TCP,PGSQL,5828
5829,993,TCP,RDP,5829
5830,9100,TCP,MDS,5830
5831,3128,UDP,ZABBIX,5831
5832,5432,UDP,DNS,5832
5833,8000,TCP,ICAP,5833
5834,23,TCP,HPSERVICE,5834
5835,22,UDP,VNC,5835
5836,993,TCP,NETBIOS,5836
5837,5222,TCP,ICAP,5837
5838,21,TCP,HPSERVICE,5838
5839,3689,TCP,ICAP,5839
5840,587,TCP,SIP,5840
5841,3689,UDP,FTP,5841
5842,3128,UDP,SNMP,5842
5843,1433,UDP,SSH,5843
5844,1344,TCP,NETBIOS,5844
5845,500,TCP,PGSQL,5845
5846,23,UDP,TELNET,5846
5847,3689,TCP,HPSERVICE,5847
5848,993,TCP,RDP,5848
5849,21,TCP,HPSERVICE,5849
5850,6969,UDP,ICAP,5850
5851,500,TCP,ICAP,5851
5852,23,UDP,MDS,5852
5853,8000,UDP,ACMSODA,5853
5854,5900,UDP,MSSQL,5854
5855,8080,TCP,MSSQL,5855
5856,137,TCP,ACMSODA,5856
5857,3128,UDP,HPSERVICE,5857
5858,21,UDP,UBIQUITY,5858
5859,23,UDP,MDS,5859
5860,161,UDP,IRDMI,5860
5861,23,UDP,SIP,5861
5862,445,UDP,TELNET,5862
5863,5900,UDP,SIP,5863
5864,3689,UDP,FTP,5864
5865,21,UDP,SIP,5865
5866,8080,UDP,ISAKMP,5866
5867,500,TCP,DNS,5867
5868,443,UDP,UBIQUITY,5868
5869,443,TCP,HTTPS,5869
5870,587,UDP,IRDMI,5870
5871,161,UDP,PGSQL,5871
5872,443,TCP,HTTPS,5872
5873,5222,TCP,HTTPS,5873
5874,80,TCP,HTTP,5874
5875,443,TCP,HTTPS,5875
5876,10051,UDP,SIP,5876
5877,53,UDP,DNS,5877
5878,80,TCP,HTTP,5878
5879,21,TCP,EMS,5879
5880,5432,UDP,ISAKMP,5880
5881,3128,UDP,VNC,5881
5882,5432,UDP,ISAKMP,5882
5883,445,UDP,HTTPS,5883
5884,23,UDP,SIP,5884
5885,80,UDP,PGSQL,5885
5886,587,UDP,IRDMI,5886
5887,587,UDP,IRDMI,5887
5888,3389,UDP,ZABBIX,5888
5889,5900,TCP,PGSQL,5889
5890,587,TCP,PGSQL,5890
5891,8000,UDP,HPSERVICE,5891
5892,993,UDP,TELNET,5892
5893,5432,UDP,MSSQL,5893
5894,5900,UDP,NETBIOS,5894
5895,5061,TCP,VNC,5895
5896,21,UDP,SIP,5896
5897,5900,UDP,SIP,5897
5898,5060,TCP,SIP,5898
5899,10051,UDP,DNS,5899
5900,3389,UDP,PGSQL,5900
5901,23,TCP,HPSERVICE,5901
5902,80,UDP,HTTP,5902
5903,500,UDP,DNS,5903
5904,137,TCP,PGSQL,5904
5905,23,TCP,VNC,5905
5906,443,TCP,HTTPS,5906
5907,3389,UDP,PGSQL,5907
5908,1433,TCP,PGSQL,5908
5909,8000,TCP,UBIQUITY,5909
5910,22,UDP,SIP,5910
5911,8000,TCP,ICAP,5911
5912,5061,UDP,ACMSODA,5912
5913,161,TCP,IMAP4,5913
5914,8000,UDP,HPSERVICE,5914
5915,8080,UDP,ACMSODA,5915
5916,1344,UDP,SSH,5916
5917,1344,TCP,TELNET,5917
5918,10001,UDP,SSH,5918
5919,10051,UDP,ACMSODA,5919
5920,443,TCP,HTTPS,5920
5921,80,UDP,NETBIOS,5921
5922,80,TCP,HTTP,5922
5923,5900,TCP,MSSQL,5923
5924,443,TCP,HTTPS,5924
5925,443,TCP,HTTPS,5925
5926,5900,TCP,SNMP,5926
5927,23,UDP,SIP,5927
5928,8080,TCP,FTP,5928
5929,5432,TCP,RDP,5929
5930,3689,TCP,SIP,5930
5931,443,TCP,HPSERVICE,5931
5932,23,TCP,HPSERVICE,5932
5933,9100,UDP,MDS,5933
5934,443,TCP,HTTPS,5934
5935,3128,TCP,SNMP,5935
5936,993,UDP,FTP,5936
5937,443,TCP,HTTPS,5937
5938,8000,TCP,SSH,5938
5939,9100,TCP,SSH,5939
5940,1344,TCP,DNS,5940
5941,443,UDP,HTTPS,5941
5942,6969,TCP,IMAP4,5942
5943,138,UDP,ZABBIX,5943
5944,1344,UDP,DAAPD,5944
5945,3128,UDP,MSSQL,5945
5946,443,TCP,HTTPS,5946
5947,3689,TCP,ICAP,5947
5948,443,TCP,HTTPS,5948
5949,3689,UDP,VNC,5949
5950,5432,TCP,DAAPD,5950
5951,137,TCP,MSSQL,5951
5952,993,UDP,PGSQL,5952
5953,993,UDP,TELNET,5953
5954,443,TCP,HTTPS,5954
5955,587,TCP,RDP,5955
5956,5060,UDP,NETBIOS,5956
5957,443,TCP,HTTPS,5957
5958,1344,TCP,UBIQUITY,5958
5959,443,TCP,HTTPS,5959
5960,500,UDP,SNMP,5960
5961,10001,UDP,FTP,5961
5962,500,TCP,IMAP4,5962
5963,6969,TCP,UBIQUITY,5963
5964,3128,UDP,SNMP,5964
5965,53,UDP,DNS,5965
5966,3689,TCP,PGSQL,5966
5967,1344,TCP,EMS,5967
5968,23,TCP,HPSERVICE,5968
5969,3389,TCP,IMAP4,5969
5970,5222,UDP,RDP,5970
5971,10051,UDP,VNC,5971
5972,138,UDP,MDS,5972
5973,3128,TCP,SNMP,5973
5974,993,TCP,DNS,5974
5975,5432,TCP,VNC,5975
5976,3689,UDP,FTP,5976
5977,1344,UDP,EMS,5977
5978,10051,UDP,ACMSODA,5978
5979,445,TCP,SSH,5979
5980,53,UDP,DNS,5980
5981,80,TCP,HTTPS,5981
5982,21,UDP,XMPP,5982
5983,53,UDP,DNS,5983
5984,137,TCP,XMPP,5984
5985,445,UDP,DAAPD,5985
5986,1344,TCP,TELNET,5986
5987,22,UDP,ACMSODA,5987
5988,10051,UDP,VNC,5988
5989,500,TCP,UBIQUITY,5989
5990,3689,TCP,HTTP,5990
5991,53,UDP,DNS,5991
5992,5061,TCP,VNC,5992
5993,3689,TCP,SIP,5993
5994,5060,UDP,RDP,5994
5995,53,UDP,DNS,5995
5996,443,TCP,HTTPS,5996
5997,6969,TCP,ISAKMP,5997
5998,443,TCP,UBIQUITY,5998
5999,5432,UDP,IMAP4,5999
6000,5222,TCP,ICAP,6000
6001,3128,UDP,ICAP,6001
6002,443,TCP,HTTPS,6002
6003,443,TCP,HTTPS,6003
6004,22,TCP,MSSQL,6004
6005,10001,TCP,MDS,6005
6006,5060,UDP,RDP,6006
6007,1433,TCP,VNC,6007
6008,3128,TCP,ACMSODA,6008
6009,1433,UDP,ACMSODA,6009
6010,587,UDP,ICAP,6010
6011,443,TCP,UBIQUITY,6011
6012,500,UDP,RDP,6012
6013,137,TCP,ISAKMP,6013
6014,443,TCP,HTTPS,6014
6015,445,UDP,DNS,6015
6016,443,TCP,HTTPS,6016
6017,21,TCP,FTP,6017
6018,443,TCP,HTTPS,6018
6019,138,UDP,HPSERVICE,6019
6020,5432,UDP,DNS,6020
6021,10051,UDP,HTTPS,6021
6022,5900,TCP,MSSQL,6022
6023,3689,TCP,HPSERVICE,6023
6024,443,TCP,HTTPS,6024
6025,443,TCP,HTTPS,6025
6026,5900,UDP,EMS,6026
6027,80,TCP,HPSERVICE,6027
6028,8080,TCP,MSSQL,6028
6029,53,UDP,DNS,6029
6030,5432,TCP,VNC,6030
6031,443,TCP,RDP,6031
6032,443,TCP,HTTPS,6032
6033,3389,TCP,SSH,6033
6034,993,TCP,DNS,6034
6035,80,UDP,SNMP,6035
6036,22,TCP,FTP,6036
6037,443,TCP,HTTPS,6037
6038,3389,TCP,MSSQL,6038
6039,21,UDP,MSSQL,6039
6040,443,TCP,HTTPS,6040
6041,445,TCP,SSH,6041
6042,443,TCP,HTTPS,6042
6043,443,TCP,HTTPS,6043
6044,1433,TCP,VNC,6044
6045,5060,UDP,XMPP,6045
6046,587,UDP,RDP,6046
6047,5432,TCP,DAAPD,6047
6048,1433,TCP,EMS,6048
6049,1344,UDP,HTTPS,6049
6050,3389,TCP,MSSQL,6050
6051,3128,TCP,ACMSODA,6051
6052,23,TCP,HPSERVICE,6052
6053,138,TCP,IRDMI,6053
6054,23,UDP,SIP,6054
6055,500,UDP,XMPP,6055
6056,587,UDP,FTP,6056
6057,10051,UDP,MSSQL,6057
6058,23,TCP,HPSERVICE,6058
6059,53,UDP,DNS,6059
6060,5900,UDP,NETBIOS,6060
6061,80,TCP,HTTP,6061
6062,10001,TCP,IRDMI,6062
6063,1344,TCP,IMAP4,6063
6064,53,UDP,XMPP,6064
6065,443,TCP,HTTPS,6065
6066,53,UDP,DNS,6066
6067,5432,UDP,MSSQL,6067
6068,5432,UDP,HTTPS,6068
6069,10001,TCP,EMS,6069
6070,80,UDP,HTTP,6070
6071,587,TCP,PGSQL,6071
6072,80,TCP,HTTPS,6072
6073,5060,UDP,MSSQL,6073
6074,993,UDP,FTP,6074
6075,5900,UDP,FTP,6075
6076,53,UDP,DNS,6076
6077,5900,TCP,RDP,6077
6078,8000,TCP,MSSQL,6078
6079,53,UDP,DNS,6079
6080,53,UDP,DNS,6080
6081,6969,TCP,IMAP4,6081
6082,5432,TCP,XMPP,6082
6083,1344,UDP,EMS,6083
6084,3389,TCP,HPSERVICE,6084
6085,80,TCP,HTTP,6085
6086,443,TCP,HTTPS,6086
6087,3128,UDP,IRDMI,6087
6088,3128,UDP,SNMP,6088
6089,53,UDP,DNS,6089
6090,993,TCP,RDP,6090
6091,443,UDP,HTTPS,6091
6092,3128,UDP,IRDMI,6092
6093,1344,TCP,TELNET,6093
6094,443,TCP,HTTPS,6094
6095,6969,TCP,SNMP,6095
6096,500,TCP,IMAP4,6096
6097,5432,TCP,XMPP,6097
6098,5900,UDP,SIP,6098
6099,443,TCP,UBIQUITY,6099
6100,80,TCP,EMS,6100
6101,53,UDP,NETBIOS,6101
6102,9100,TCP,MDS,6102
6103,5222,TCP,NETBIOS,6103
6104,80,UDP,HTTP,6104
6105,138,TCP,ACMSODA,6105
6106,80,UDP,SIP,6106
6107,21,TCP,HPSERVICE,6107
6108,445,UDP,HTTP,6108
6109,5222,UDP,MDS,6109
6110,443,TCP,HTTPS,6110
6111,5222,UDP,DNS,6111
6112,6969,TCP,HTTPS,6112
6113,137,TCP,HTTPS,6113
6114,8000,UDP,NETBIOS,6114
6115,5222,UDP,SSH,6115
6116,1344,TCP,HPSERVICE,6116
6117,445,UDP,MDS,6117
6118,8000,TCP,ICAP,6118
6119,138,TCP,MSSQL,6119
6120,500,UDP,DNS,6120
6121,443,TCP,HTTPS,6121
6122,445,UDP,UBIQUITY,6122
6123,5060,TCP,HPSERVICE,6123
6124,445,TCP,HTTP,6124
6125,5900,UDP,MDS,6125
6126,3128,UDP,ICAP,6126
6127,8000,TCP,ICAP,6127
6128,80,UDP,EMS,6128
6129,443,TCP,HTTPS,6129
6130,138,UDP,MDS,6130
6131,53,UDP,DNS,6131
6132,53,UDP,DNS,6132
6133,5060,TCP,HTTP,6133
6134,443,TCP,HTTPS,6134
6135,21,TCP,FTP,6135
6136,443,TCP,HTTPS,6136
6137,443,TCP,HTTPS,6137
6138,80,TCP,DAAPD,6138
6139,21,UDP,MSSQL,6139
6140,9100,TCP,FTP,6140
6141,10051,UDP,VNC,6141
6142,80,UDP,ZABBIX,6142
6143,5060,UDP,DAAPD,6143
6144,993,TCP,DNS,6144
6145,6969,TCP,ZABBIX,6145
6146,993,TCP,IMAP4,6146
6147,53,UDP,DNS,6147
6148,443,UDP,MDS,6148
6149,53,UDP,HTTP,6149
6150,3128,UDP,IRDMI,6150
6151,443,TCP,HTTPS,6151
6152,5060,UDP,DAAPD,6152
6153,500,TCP,SIP,6153
6154,443,UDP,ISAKMP,6154
6155,5900,UDP,IMAP4,6155
6156,1433,TCP,PGSQL,6156
6157,5432,UDP,NETBIOS,6157
6158,5432,UDP,ACMSODA,6158
6159,993,TCP,RDP,6159
6160,5432,UDP,DNS,6160
6161,138,TCP,IRDMI,6161
6162,161,TCP,DAAPD,6162
6163,5060,UDP,UBIQUITY,6163
6164,9100,TCP,PGSQL,6164
6165,5060,TCP,HTTPS,6165
6166,3389,UDP,SNMP,6166
6167,80,UDP,ZABBIX,6167
6168,3389,TCP,HPSERVICE,6168
6169,5432,TCP,PGSQL,6169
6170,500,UDP,DAAPD,6170
6171,3689,TCP,SSH,6171
6172,5900,UDP,ISAKMP,6172
6173,10001,TCP,ZABBIX,6173
6174,5061,TCP,VNC,6174
6175,1344,TCP,IMAP4,6175
6176,8080,TCP,ZABBIX,6176
6177,1433,TCP,MDS,6177
6178,587,TCP,RDP,6178
6179,3689,TCP,ACMSODA,6179
6180,1344,UDP,DAAPD,6180
6181,21,TCP,FTP,6181
6182,443,TCP,HTTPS,6182
6183,443,TCP,HTTPS,6183
6184,9100,UDP,NETBIOS,6184
6185,22,UDP,NETBIOS,6185
6186,8000,UDP,SIP,6186
6187,161,TCP,IRDMI,6187
6188,3689,UDP,SNMP,6188
6189,3689,UDP,ACMSODA,6189
6190,80,TCP,HTTP,6190
6191,993,UDP,SNMP,6191
6192,993,TCP,NETBIOS,6192
6193,443,TCP,HTTPS,6193
6194,10001,UDP,PGSQL,6194
6195,443,UDP,HTTPS,6195
6196,5060,UDP,DAAPD,6196
6197,3128,TCP,IMAP4,6197
6198,443,TCP,HTTPS,6198
6199,443,TCP,HTTPS,6199
6200,80,TCP,HTTP,6200
6201,1344,TCP,UBIQUITY,6201
6202,22,TCP,VNC,6202
6203,137,TCP,HTTPS,6203
6204,53,UDP,NETBIOS,6204
6205,10001,UDP,SSH,6205
6206,5061,TCP,VNC,6206
6207,10051,TCP,SIP,6207
6208,5060,UDP,FTP,6208
6209,23,UDP,TELNET,6209
6210,23,TCP,HPSERVICE,6210
6211,1344,UDP,DAAPD,6211
6212,8080,TCP,ACMSODA,6212
6213,80,TCP,HTTP,6213
6214,5900,UDP,MDS,6214
6215,443,TCP,HTTPS,6215
6216,5222,UDP,SSH,6216
6217,10001,TCP,HPSERVICE,6217
6218,53,UDP,DNS,6218
6219,10001,TCP,MDS,6219
6220,445,UDP,DNS,6220
6221,5060,UDP,XMPP,6221
6222,21,TCP,FTP,6222
6223,10051,TCP,SSH,6223
6224,443,TCP,HTTPS,6224
6225,1344,TCP,NETBIOS,6225
6226,3128,UDP,ZABBIX,6226
6227,443,TCP,HTTPS,6227
6228,443,UDP,HTTPS,6228
6229,5432,TCP,DAAPD,6229
6230,3389,TCP,HPSERVICE,6230
6231,1344,TCP,UBIQUITY,6231
6232,445,TCP,SSH,6232
6233,6969,TCP,IMAP4,6233
6234,5432,UDP,ACMSODA,6234
6235,443,TCP,HTTPS,6235
6236,23,TCP,HPSERVICE,6236
6237,1433,TCP,ZABBIX,6237
6238,443,TCP,HTTPS,6238
6239,53,UDP,DNS,6239
6240,21,TCP,DAAPD,6240
6241,80,TCP,HTTP,6241
6242,138,UDP,PGSQL,6242
6243,21,TCP,HPSERVICE,6243
6244,137,TCP,HTTPS,6244
6245,5432,UDP,ACMSODA,6245
6246,80,TCP,DAAPD,6246
6247,3689,UDP,MSSQL,6247
6248,500,UDP,RDP,6248
6249,9100,TCP,SNMP,6249
6250,80,TCP,HTTPS,6250
6251,22,UDP,ACMSODA,6251
6252,5061,UDP,SNMP,6252
6253,8080,UDP,ICAP,6253
6254,5061,UDP,TELNET,6254
6255,22,UDP,ISAKMP,6255
6256,443,TCP,HTTPS,6256
6257,1433,TCP,EMS,6257
6258,1433,UDP,SSH,6258
6259,1344,UDP,ICAP,6259
6260,5060,TCP,MDS,6260
6261,3128,TCP,SNMP,6261
6262,5900,TCP,ICAP,6262
6263,587,UDP,IRDMI,6263
6264,1344,TCP,TELNET,6264
6265,587,UDP,HTTP,6265
6266,443,TCP,HTTPS,6266
6267,5061,TCP,VNC,6267
6268,587,UDP,XMPP,6268
6269,5900,UDP,SSH,6269
6270,21,UDP,VNC,6270
6271,10051,UDP,VNC,6271
6272,8080,UDP,HPSERVICE,6272
6273,9100,TCP,MDS,6273
6274,21,TCP,VNC,6274
6275,10051,UDP,MSSQL,6275
6276,443,TCP,SIP,6276
6277,5900,TCP,MSSQL,6277
6278,5900,UDP,DAAPD,6278
6279,3389,TCP,NETBIOS,6279
6280,443,TCP,VNC,6280
6281,80,UDP,ZABBIX,6281
6282,3689,TCP,ICAP,6282
6283,443,TCP,UBIQUITY,6283
6284,993,UDP,SNMP,6284
6285,443,TCP,HTTPS,6285
6286,500,UDP,TELNET,6286
6287,5900,TCP,MSSQL,6287
6288,9100,TCP,MDS,6288
6289,993,TCP,RDP,6289
6290,22,TCP,IMAP4,6290
6291,443,TCP,HTTPS,6291
6292,443,UDP,ICAP,6292
6293,443,UDP,DAAPD,6293
6294,443,TCP,DNS,6294
6295,10001,UDP,ZABBIX,6295
6296,5060,UDP,MSSQL,6296
6297,3128,UDP,ICAP,6297
6298,443,TCP,HTTPS,6298
6299,5060,TCP,ACMSODA,6299
6300,5222,UDP,EMS,6300
6301,3128,UDP,IMAP4,6301
6302,993,TCP,NETBIOS,6302
6303,80,TCP,HTTP,6303
6304,80,TCP,HTTP,6304
6305,1433,TCP,VNC,6305
6306,1433,TCP,HTTPS,6306
6307,5900,UDP,FTP,6307
6308,445,TCP,TELNET,6308
6309,80,UDP,DAAPD,6309
6310,10001,TCP,MDS,6310
6311,5432,UDP,ISAKMP,6311
6312,3128,UDP,SNMP,6312
6313,500,TCP,IMAP4,6313
6314,21,UDP,SIP,6314
6315,5900,TCP,FTP,6315
6316,5900,UDP,MSSQL,6316
6317,161,UDP,HPSERVICE,6317
6318,5432,TCP,SSH,6318
6319,5222,TCP,SNMP,6319
6320,1433,TCP,UBIQUITY,6320
6321,1433,TCP,PGSQL,6321
6322,5432,UDP,ACMSODA,6322
6323,1433,TCP,PGSQL,6323
6324,5900,UDP,UBIQUITY,6324
6325,23,UDP,MDS,6325
6326,5060,UDP,EMS,6326
6327,500,TCP,SIP,6327
6328,587,UDP,IMAP4,6328
6329,443,TCP,HPSERVICE,6329
6330,5060,UDP,DAAPD,6330
6331,53,TCP,SNMP,6331
6332,23,UDP,SIP,6332
6333,80,TCP,HPSERVICE,6333
6334,3689,TCP,ICAP,6334
6335,8080,UDP,SNMP,6335
6336,6969,TCP,SNMP,6336
6337,5060,TCP,ACMSODA,6337
6338,1344,UDP,MDS,6338
6339,22,UDP,ACMSODA,6339
6340,3128,UDP,HPSERVICE,6340
6341,3689,TCP,HPSERVICE,6341
6342,53,UDP,DNS,6342
6343,6969,UDP,ZABBIX,6343
6344,8080,UDP,ICAP,6344
6345,10051,UDP,DNS,6345
6346,1433,UDP,ACMSODA,6346
6347,21,TCP,FTP,6347
6348,8000,TCP,UBIQUITY,6348
6349,5060,TCP,NETBIOS,6349
6350,21,TCP,HPSERVICE,6350
6351,8080,TCP,FTP,6351
6352,5900,UDP,SIP,6352
6353,138,UDP,ZABBIX,6353
6354,445,UDP,IMAP4,6354
6355,22,TCP,MSSQL,6355
6356,8080,UDP,TELNET,6356
6357,21,TCP,DAAPD,6357
6358,1433,UDP,ACMSODA,6358
6359,443,TCP,HTTPS,6359
6360,1433,UDP,XMPP,6360
6361,5060,UDP,MSSQL,6361
6362,6969,TCP,SIP,6362
6363,5900,UDP,EMS,6363
6364,23,TCP,HPSERVICE,6364
6365,445,TCP,HPSERVICE,6365
6366,443,TCP,HTTPS,6366
6367,80,TCP,HTTP,6367
6368,443,TCP,HTTPS,6368
6369,3128,UDP,ICAP,6369
6370,443,TCP,HTTPS,6370
6371,445,UDP,HTTPS,6371
6372,443,TCP,HTTPS,6372
6373,5060,TCP,HTTPS,6373
6374,161,UDP,TELNET,6374
6375,443,TCP,HTTPS,6375
6376,80,TCP,HTTP,6376
6377,21,UDP,SSH,6377
6378,53,UDP,NETBIOS,6378
6379,1433,UDP,EMS,6379
6380,22,UDP,VNC,6380
6381,21,UDP,RDP,6381
6382,53,UDP,DNS,6382
6383,5060,TCP,ACMSODA,6383
6384,80,UDP,ZABBIX,6384
6385,161,UDP,UBIQUITY,6385
6386,587,UDP,TELNET,6386
6387,5060,TCP,ICAP,6387
6388,443,TCP,HTTPS,6388
6389,21,UDP,SIP,6389
6390,10051,UDP,MSSQL,6390
6391,500,UDP,VNC,6391
6392,443,TCP,HTTPS,6392
6393,443,TCP,HTTPS,6393
6394,137,UDP,HTTPS,6394
6395,23,TCP,HPSERVICE,6395
6396,137,TCP,XMPP,6396
6397,137,TCP,XMPP,6397
6398,5222,TCP,HTTPS,6398
6399,6969,TCP,IMAP4,6399
6400,138,TCP,IRDMI,6400
6401,443,TCP,HTTPS,6401
6402,5432,UDP,MSSQL,6402
6403,5222,TCP,NETBIOS,6403
6404,5432,UDP,ISAKMP,6404
6405,5061,TCP,PGSQL,6405
6406,443,TCP,HTTPS,6406
6407,3389,TCP,MSSQL,6407
6408,443,TCP,HTTPS,6408
6409,5060,TCP,ACMSODA,6409
6410,53,UDP,NETBIOS,6410
6411,5222,UDP,DNS,6411
6412,138,TCP,ACMSODA,6412
6413,8000,TCP,SSH,6413
6414,23,TCP,VNC,6414
6415,21,TCP,HPSERVICE,6415
6416,993,TCP,IMAP4,6416
6417,443,TCP,HTTPS,6417
6418,53,UDP,DNS,6418
6419,5900,TCP,RDP,6419
6420,53,UDP,NETBIOS,6420
6421,23,TCP,FTP,6421
6422,80,TCP,HTTP,6422
6423,500,UDP,XMPP,6423
6424,443,UDP,HTTPS,6424
6425,10051,UDP,VNC,6425
6426,80,TCP,PGSQL,6426
6427,23,TCP,FTP,6427
6428,3128,UDP,ICAP,6428
6429,5900,TCP,MSSQL,6429
6430,443,TCP,HTTPS,6430
6431,8000,TCP,ICAP,6431
6432,53,UDP,NETBIOS,6432
6433,21,UDP,MSSQL,6433
6434,993,TCP,PGSQL,6434
6435,587,UDP,EMS,6435
6436,443,TCP,HTTPS,6436
6437,80,UDP,DAAPD,6437
6438,22,UDP,VNC,6438
6439,1433,UDP,HPSERVICE,6439
6440,993,TCP,ISAKMP,6440
6441,10051,UDP,DNS,6441
6442,443,TCP,HTTPS,6442
6443,443,TCP,HTTPS,6443
6444,993,TCP,NETBIOS,6444
6445,138,TCP,IRDMI,6445
6446,5060,UDP,DAAPD,6446
6447,6969,TCP,DNS,6447
6448,5432,TCP,ACMSODA,6448
6449,53,UDP,DNS,6449
6450,443,TCP,SIP,6450
6451,1433,UDP,XMPP,6451
6452,5900,TCP,PGSQL,6452
6453,23,TCP,HPSERVICE,6453
6454,8080,UDP,SNMP,6454
6455,10051,UDP,VNC,6455
6456,23,TCP,HPSERVICE,6456
6457,22,UDP,ISAKMP,6457
6458,5222,TCP,EMS,6458
6459,22,TCP,MSSQL,6459
6460,5061,TCP,XMPP,6460
6461,1344,TCP,TELNET,6461
6462,443,TCP,HTTPS,6462
6463,993,TCP,SSH,6463
6464,8000,TCP,MSSQL,6464
6465,23,TCP,HPSERVICE,6465
6466,10051,UDP,MSSQL,6466
6467,5060,UDP,HTTPS,6467
6468,443,TCP,HTTPS,6468
6469,443,TCP,HTTPS,6469
6470,10001,UDP,PGSQL,6470
6471,21,TCP,FTP,6471
6472,445,TCP,IRDMI,6472
6473,443,TCP,HTTPS,6473
6474,21,TCP,DAAPD,6474
6475,21,UDP,SIP,6475
6476,1433,UDP,ZABBIX,6476
6477,587,UDP,XMPP,6477
6478,443,TCP,IMAP4,6478
6479,5900,UDP,MSSQL,6479
6480,3128,TCP,HTTPS,6480
6481,161,UDP,DNS,6481
6482,587,UDP,ICAP,6482
6483,80,TCP,HTTPS,6483
6484,22,TCP,HTTPS,6484
6485,53,UDP,DNS,6485
6486,5432,TCP,SSH,6486
6487,3389,TCP,HTTPS,6487
6488,137,TCP,IRDMI,6488
6489,10051,UDP,ICAP,6489
6490,443,TCP,HTTPS,6490
6491,21,TCP,FTP,6491
6492,9100,TCP,SSH,6492
6493,3389,UDP,RDP,6493
6494,23,TCP,DNS,6494
6495,8000,TCP,SSH,6495
6496,10051,UDP,SIP,6496
6497,138,TCP,ISAKMP,6497
6498,22,UDP,TELNET,6498
6499,10051,UDP,ACMSODA,6499
6500,587,UDP,XMPP,6500
6501,443,TCP,HTTPS,6501
6502,1344,TCP,TELNET,6502
6503,23,TCP,HPSERVICE,6503
6504,80,UDP,IRDMI,6504
6505,443,TCP,HTTPS,6505
6506,1433,TCP,PGSQL,6506
6507,22,TCP,UBIQUITY,6507
6508,3389,TCP,SSH,6508
6509,5060,TCP,NETBIOS,6509
6510,161,UDP,VNC,6510
6511,21,TCP,IRDMI,6511
6512,443,UDP,HTTPS,6512
6513,5060,TCP,MDS,6513
6514,587,UDP,IRDMI,6514
6515,137,UDP,HTTPS,6515
6516,443,TCP,HTTPS,6516
6517,10001,UDP,PGSQL,6517
6518,9100,TCP,MDS,6518
6519,137,TCP,ISAKMP,6519
6520,5432,UDP,ISAKMP,6520
6521,500,UDP,HPSERVICE,6521
6522,1344,TCP,IMAP4,6522
6523,3128,UDP,ZABBIX,6523
6524,22,TCP,HTTP,6524
6525,500,UDP,DAAPD,6525
6526,22,TCP,HTTP,6526
6527,1433,UDP,MSSQL,6527
6528,6969,TCP,IMAP4,6528
6529,5061,UDP,SNMP,6529
6530,443,TCP,HTTPS,6530
6531,443,TCP,UBIQUITY,6531
6532,1344,UDP,EMS,6532
6533,3689,TCP,ICAP,6533
6534,9100,UDP,NETBIOS,6534
6535,1344,TCP,DAAPD,6535
6536,443,TCP,UBIQUITY,6536
6537,5900,TCP,SNMP,6537
6538,500,UDP,DAAPD,6538
6539,443,TCP,HPSERVICE,6539
6540,5900,TCP,FTP,6540
6541,53,UDP,DNS,6541
6542,443,TCP,HTTPS,6542
6543,993,UDP,PGSQL,6543
6544,443,TCP,HTTPS,6544
6545,53,UDP,DNS,6545
6546,587,TCP,RDP,6546
6547,161,TCP,EMS,6547
6548,443,TCP,HTTPS,6548
6549,161,UDP,VNC,6549
6550,3389,UDP,SNMP,6550
6551,3689,TCP,TELNET,6551
6552,9100,UDP,VNC,6552
6553,53,UDP,DNS,6553
6554,21,TCP,FTP,6554
6555,8000,TCP,HTTPS,6555
6556,23,UDP,ICAP,6556
6557,443,TCP,HTTPS,6557
6558,443,UDP,MDS,6558
6559,5222,TCP,EMS,6559
6560,53,UDP,DNS,6560
6561,500,UDP,SNMP,6561
6562,23,UDP,SIP,6562
6563,53,UDP,XMPP,6563
6564,10001,TCP,MDS,6564
6565,23,UDP,MDS,6565
6566,23,UDP,MDS,6566
6567,5432,UDP,MSSQL,6567
6568,5222,UDP,SSH,6568
6569,443,TCP,HTTPS,6569
6570,5900,UDP,MSSQL,6570
6571,10001,TCP,EMS,6571
6572,443,TCP,HTTPS,6572
6573,443,TCP,DNS,6573
6574,443,TCP,HTTPS,6574
6575,443,TCP,HTTPS,6575
6576,3689,UDP,ACMSODA,6576
6577,5061,TCP,XMPP,6577
6578,10001,UDP,FTP,6578
6579,500,TCP,IMAP4,6579
6580,8080,UDP,EMS,6580
6581,80,TCP,FTP,6581
6582,53,UDP,XMPP,6582
6583,8080,UDP,ISAKMP,6583
6584,443,TCP,HTTPS,6584
6585,53,UDP,XMPP,6585
6586,8000,TCP,UBIQUITY,6586
6587,137,TCP,IRDMI,6587
6588,53,UDP,NETBIOS,6588
6589,443,TCP,VNC,6589
6590,443,TCP,HTTPS,6590
6591,443,UDP,HTTPS,6591
6592,23,TCP,HPSERVICE,6592
6593,5222,TCP,TELNET,6593
6594,3128,UDP,IRDMI,6594
6595,3389,UDP,PGSQL,6595
6596,3689,TCP,SNMP,6596
6597,6969,UDP,ZABBIX,6597
6598,3128,UDP,IRDMI,6598
6599,5060,TCP,NETBIOS,6599
6600,161,TCP,EMS,6600
6601,1344,TCP,TELNET,6601
6602,3689,TCP,HTTP,6602
6603,161,UDP,SSH,6603
6604,587,TCP,MDS,6604
6605,53,UDP,DNS,6605
6606,23,UDP,IRDMI,6606
6607,443,TCP,HTTPS,6607
6608,443,UDP,HTTPS,6608
6609,138,TCP,MSSQL,6609
6610,8080,UDP,ACMSODA,6610
6611,10001,TCP,ISAKMP,6611
6612,445,UDP,SNMP,6612
6613,443,TCP,HTTPS,6613
6614,500,TCP,PGSQL,6614
6615,5900,UDP,SIP,6615
6616,80,TCP,PGSQL,6616
6617,161,UDP,UBIQUITY,6617
6618,10001,UDP,UBIQUITY,6618
6619,5222,TCP,HTTPS,6619
6620,443,TCP,HTTPS,6620
6621,6969,TCP,SNMP,6621
6622,587,TCP,ACMSODA,6622
6623,5900,TCP,RDP,6623
6624,5060,TCP,IMAP4,6624
6625,8000,TCP,SIP,6625
6626,443,TCP,HTTPS,6626
6627,5432,UDP,ISAKMP,6627
6628,9100,UDP,MDS,6628
6629,5060,UDP,HTTPS,6629
6630,137,TCP,IRDMI,6630
6631,443,TCP,HTTPS,6631
6632,23,TCP,VNC,6632
6633,161,UDP,SSH,6633
6634,443,UDP,HTTPS,6634
6635,3128,UDP,ICAP,6635
6636,445,TCP,SSH,6636
6637,443,TCP,HTTPS,6637
6638,1344,TCP,IMAP4,6638
6639,22,TCP,PGSQL,6639
6640,137,TCP,PGSQL,6640
6641,1433,TCP,VNC,6641
6642,587,UDP,RDP,6642
6643,138,UDP,ZABBIX,6643
6644,5061,UDP,PGSQL,6644
6645,21,TCP,EMS,6645
6646,8080,UDP,UBIQUITY,6646
6647,5432,TCP,RDP,6647
6648,6969,TCP,IMAP4,6648
6649,9100,TCP,PGSQL,6649
6650,3389,UDP,IRDMI,6650
6651,53,UDP,DNS,6651
6652,8080,UDP,FTP,6652
6653,10051,TCP,ZABBIX,6653
6654,5432,TCP,DAAPD,6654
6655,8080,TCP,FTP,6655
6656,21,UDP,MSSQL,6656
6657,500,UDP,MDS,6657
6658,5432,UDP,HTTPS,6658
6659,161,UDP,UBIQUITY,6659
6660,80,UDP,ZABBIX,6660
6661,8080,UDP,ACMSODA,6661
6662,5061,UDP,TELNET,6662
6663,22,UDP,SIP,6663
6664,8000,TCP,SIP,6664
6665,3689,TCP,PGSQL,6665
6666,993,TCP,IMAP4,6666
6667,137,TCP,MSSQL,6667
6668,3128,TCP,SNMP,6668
6669,80,TCP,HPSERVICE,6669
6670,161,TCP,RDP,6670
6671,8000,UDP,NETBIOS,6671
6672,53,UDP,DNS,6672
6673,161,TCP,MSSQL,6673
6674,138,TCP,ACMSODA,6674
6675,5060,TCP,ACMSODA,6675
6676,5900,UDP,EMS,6676
6677,161,UDP,TELNET,6677
6678,3128,UDP,SNMP,6678
6679,10051,UDP,HPSERVICE,6679
6680,5900,UDP,MSSQL,6680
6681,53,UDP,DNS,6681
6682,5432,TCP,VNC,6682
6683,1433,TCP,MDS,6683
6684,1433,TCP,SSH,6684
6685,443,TCP,VNC,6685
6686,1344,UDP,MDS,6686
6687,137,UDP,XMPP,6687
6688,445,TCP,TELNET,6688
6689,138,TCP,IRDMI,6689
6690,53,UDP,HTTP,6690
6691,500,TCP,IMAP4,6691
6692,80,UDP,ZABBIX,6692
6693,9100,UDP,PGSQL,6693
6694,1344,UDP,ICAP,6694
6695,21,TCP,VNC,6695
6696,993,UDP,TELNET,6696
6697,138,TCP,DNS,6697
6698,23,TCP,VNC,6698
6699,443,TCP,HTTPS,6699
6700,161,TCP,RDP,6700
6701,5900,TCP,RDP,6701
6702,5900,UDP,TELNET,6702
6703,21,TCP,VNC,6703
6704,443,TCP,HTTPS,6704
6705,8000,UDP,ICAP,6705
6706,80,UDP,XMPP,6706
6707,10001,UDP,PGSQL,6707
6708,5900,UDP,NETBIOS,6708
6709,587,TCP,MDS,6709
6710,3689,TCP,ICAP,6710
6711,1433,UDP,ZABBIX,6711
6712,3389,UDP,RDP,6712
6713,8080,UDP,ISAKMP,6713
6714,21,UDP,XMPP,6714
6715,21,UDP,MSSQL,6715
6716,500,TCP,ISAKMP,6716
6717,23,UDP,MDS,6717
6718,53,UDP,DNS,6718
6719,138,TCP,XMPP,6719
6720,1344,UDP,MDS,6720
6721,10051,UDP,ICAP,6721
6722,80,TCP,HTTP,6722
6723,21,TCP,FTP,6723
6724,5060,TCP,ACMSODA,6724
6725,5432,TCP,RDP,6725
6726,3689,UDP,MSSQL,6726
6727,3389,UDP,IRDMI,6727
6728,6969,TCP,ISAKMP,6728
6729,5222,UDP,ZABBIX,6729
6730,443,TCP,HTTPS,6730
6731,587,UDP,HTTP,6731
6732,3128,TCP,SNMP,6732
6733,587,TCP,RDP,6733
6734,5060,TCP,IRDMI,6734
6735,443,TCP,HTTPS,6735
6736,9100,UDP,PGSQL,6736
6737,1433,TCP,PGSQL,6737
6738,3389,TCP,SSH,6738
6739,5222,TCP,HTTPS,6739
6740,3128,TCP,ACMSODA,6740
6741,3128,TCP,ACMSODA,6741
6742,443,TCP,HTTPS,6742
6743,53,UDP,ISAKMP,6743
6744,3689,TCP,ICAP,6744
6745,161,UDP,UBIQUITY,6745
6746,443,TCP,HTTPS,6746
6747,138,TCP,ACMSODA,6747
6748,500,TCP,PGSQL,6748
6749,8000,UDP,ZABBIX,6749
6750,161,TCP,DAAPD,6750
6751,445,UDP,HTTPS,6751
6752,500,TCP,SIP,6752
6753,443,TCP,VNC,6753
6754,5900,UDP,SIP,6754
6755,443,TCP,HPSERVICE,6755
6756,443,TCP,HTTPS,6756
6757,138,UDP,IRDMI,6757
6758,6969,UDP,ACMSODA,6758
6759,5432,UDP,DNS,6759
6760,443,TCP,HTTPS,6760
6761,8080,TCP,NETBIOS,6761
6762,138,TCP,ACMSODA,6762
6763,53,UDP,DNS,6763
6764,8080,UDP,ACMSODA,6764
6765,53,UDP,DNS,6765
6766,3128,UDP,ZABBIX,6766
6767,443,TCP,HTTPS,6767
6768,8000,TCP,HTTPS,6768
6769,8080,UDP,SNMP,6769
6770,3689,UDP,MDS,6770
6771,10001,UDP,ZABBIX,6771
6772,8080,TCP,ACMSODA,6772
6773,80,UDP,SIP,6773
6774,443,TCP,HTTPS,6774
6775,587,UDP,HTTP,6775
6776,5060,UDP,PGSQL,6776
6777,443,TCP,HTTPS,6777
6778,1433,UDP,ZABBIX,6778
6779,6969,TCP,UBIQUITY,6779
6780,9100,UDP,PGSQL,6780
6781,443,TCP,IMAP4,6781
6782,500,UDP,SNMP,6782
6783,10001,UDP,HTTP,6783
6784,5900,UDP,NETBIOS,6784
6785,443,UDP,ISAKMP,6785
6786,21,UDP,XMPP,6786
6787,5432,TCP,VNC,6787
6788,8000,UDP,NETBIOS,6788
6789,53,UDP,DNS,6789
6790,21,TCP,HPSERVICE,6790
6791,10001,UDP,DAAPD,6791
6792,443,TCP,HTTPS,6792
6793,137,TCP,XMPP,6793
6794,443,TCP,UBIQUITY,6794
6795,8080,TCP,MSSQL,6795
6796,22,TCP,PGSQL,6796
6797,138,UDP,NETBIOS,6797
6798,993,TCP,DNS,6798
6799,1344,UDP,HTTP,6799
6800,6969,TCP,MDS,6800
6801,3128,UDP,ICAP,6801
6802,138,TCP,ACMSODA,6802
6803,445,TCP,SSH,6803
6804,10001,TCP,HPSERVICE,6804
6805,1344,TCP,TELNET,6805
6806,21,TCP,MSSQL,6806
6807,80,UDP,SNMP,6807
6808,53,UDP,XMPP,6808
6809,5222,UDP,RDP,6809
6810,3128,UDP,ICAP,6810
6811,993,TCP,IMAP4,6811
6812,3689,TCP,TELNET,6812
6813,3689,UDP,UBIQUITY,6813
6814,5222,TCP,SNMP,6814
6815,53,UDP,TELNET,6815
6816,8080,UDP,ISAKMP,6816
6817,161,UDP,SSH,6817
6818,587,UDP,HTTP,6818
6819,161,UDP,UBIQUITY,6819
6820,161,UDP,TELNET,6820
6821,3689,UDP,HPSERVICE,6821
6822,137,TCP,HTTPS,6822
6823,53,TCP,MSSQL,6823
6824,21,UDP,MSSQL,6824
6825,10001,TCP,MDS,6825
6826,5222,TCP,NETBIOS,6826
6827,443,TCP,HTTPS,6827
6828,445,UDP,DAAPD,6828
6829,10001,UDP,PGSQL,6829
6830,1344,TCP,UBIQUITY,6830
6831,23,UDP,SIP,6831
6832,21,UDP,VNC,6832
6833,3389,UDP,IRDMI,6833
6834,3389,UDP,IRDMI,6834
6835,5060,TCP,NETBIOS,6835
6836,993,TCP,RDP,6836
6837,3389,TCP,HPSERVICE,6837
6838,1344,UDP,SSH,6838
6839,6969,TCP,HTTPS,6839
6840,137,TCP,HTTPS,6840
6841,443,TCP,HTTPS,6841
6842,993,TCP,NETBIOS,6842
6843,443,TCP,HTTPS,6843
6844,3128,UDP,ICAP,6844
6845,5432,UDP,ICAP,6845
6846,1433,TCP,PGSQL,6846
6847,80,TCP,IMAP4,6847
6848,138,TCP,ISAKMP,6848
6849,23,UDP,ICAP,6849
6850,80,TCP,HPSERVICE,6850
6851,587,TCP,RDP,6851
6852,80,UDP,SIP,6852
6853,5060,TCP,SIP,6853
6854,53,UDP,DNS,6854
6855,587,UDP,HTTP,6855
6856,5222,UDP,SSH,6856
6857,80,UDP,ZABBIX,6857
6858,443,TCP,HTTPS,6858
6859,1433,UDP,HPSERVICE,6859
6860,10051,TCP,ISAKMP,6860
6861,3128,UDP,IRDMI,6861
6862,993,TCP,PGSQL,6862
6863,138,UDP,ZABBIX,6863
6864,443,TCP,HTTPS,6864
6865,10051,TCP,UBIQUITY,6865
6866,443,TCP,UBIQUITY,6866
6867,3689,UDP,FTP,6867
6868,443,TCP,HTTPS,6868
6869,1344,UDP,SSH,6869
6870,137,TCP,RDP,6870
6871,587,TCP,RDP,6871
6872,5900,UDP,NETBIOS,6872
6873,161,UDP,SIP,6873
6874,1344,TCP,NETBIOS,6874
6875,443,UDP,HTTPS,6875
6876,993,TCP,NETBIOS,6876
6877,53,UDP,VNC,6877
6878,1433,TCP,UBIQUITY,6878
6879,443,TCP,IRDMI,6879
6880,5060,UDP,MSSQL,6880
6881,10001,TCP,ZABBIX,6881
6882,8080,TCP,FTP,6882
6883,5432,TCP,DAAPD,6883
6884,5900,TCP,MSSQL,6884
6885,6969,UDP,DAAPD,6885
6886,993,TCP,SSH,6886
6887,443,TCP,UBIQUITY,6887
6888,500,UDP,TELNET,6888
6889,3689,UDP,MSSQL,6889
6890,587,TCP,RDP,6890
6891,443,TCP,HTTPS,6891
6892,10001,TCP,ZABBIX,6892
6893,80,TCP,HTTP,6893
6894,993,UDP,PGSQL,6894
6895,161,TCP,IMAP4,6895
6896,500,UDP,TELNET,6896
6897,5060,UDP,DAAPD,6897
6898,5061,TCP,XMPP,6898
6899,1433,UDP,ACMSODA,6899
6900,10051,UDP,PGSQL,6900
6901,8000,UDP,HTTP,6901
6902,8080,UDP,TELNET,6902
6903,5222,TCP,FTP,6903
6904,10051,UDP,ISAKMP,6904
6905,3689,UDP,FTP,6905
6906,5900,UDP,TELNET,6906
6907,8080,UDP,FTP,6907
6908,1344,UDP,DAAPD,6908
6909,5061,TCP,VNC,6909
6910,445,UDP,HTTP,6910
6911,445,TCP,HTTP,6911
6912,5900,UDP,FTP,6912
6913,993,TCP,PGSQL,6913
6914,21,TCP,XMPP,6914
6915,53,UDP,DNS,6915
6916,1344,UDP,MDS,6916
6917,3689,UDP,SNMP,6917
6918,5222,TCP,NETBIOS,6918
6919,3389,UDP,RDP,6919
6920,5060,TCP,HTTP,6920
6921,3689,TCP,TELNET,6921
6922,9100,TCP,FTP,6922
6923,5900,UDP,NETBIOS,6923
6924,1344,TCP,TELNET,6924
6925,8080,UDP,ISAKMP,6925
6926,80,TCP,EMS,6926
6927,1433,TCP,PGSQL,6927
6928,137,TCP,IRDMI,6928
6929,80,TCP,PGSQL,6929
6930,80,TCP,MDS,6930
6931,443,TCP,HTTPS,6931
6932,443,TCP,HTTPS,6932
6933,1433,TCP,EMS,6933
6934,5222,UDP,DNS,6934
6935,1344,UDP,SSH,6935
6936,5900,UDP,UBIQUITY,6936
6937,3128,TCP,SSH,6937
6938,1344,UDP,EMS,6938
6939,1344,UDP,SSH,6939
6940,443,TCP,HTTPS,6940
6941,9100,TCP,PGSQL,6941
6942,3389,TCP,SSH,6942
6943,443,TCP,HTTPS,6943
6944,443,UDP,IRDMI,6944
6945,993,TCP,NETBIOS,6945
6946,5432,TCP,DAAPD,6946
6947,8080,UDP,SSH,6947
6948,1433,TCP,MDS,6948
6949,443,TCP,HTTPS,6949
6950,1433,TCP,PGSQL,6950
6951,500,UDP,DNS,6951
6952,500,TCP,SSH,6952
6953,5222,TCP,TELNET,6953
6954,161,UDP,VNC,6954
6955,443,TCP,HTTPS,6955
6956,993,TCP,PGSQL,6956
6957,22,TCP,VNC,6957
6958,443,TCP,HTTPS,6958
6959,3689,UDP,UBIQUITY,6959
6960,1344,TCP,ISAKMP,6960
6961,5432,UDP,MSSQL,6961
6962,443,TCP,UBIQUITY,6962
6963,8080,UDP,ICAP,6963
6964,3689,UDP,XMPP,6964
6965,6969,UDP,SNMP,6965
6966,5900,UDP,UBIQUITY,6966
6967,3128,UDP,ICAP,6967
6968,443,TCP,HTTPS,6968
6969,8080,UDP,ICAP,6969
6970,23,TCP,IMAP4,6970
6971,993,UDP,DAAPD,6971
6972,587,UDP,PGSQL,6972
6973,5432,UDP,HTTPS,6973
6974,22,UDP,IMAP4,6974
6975,5900,UDP,MDS,6975
6976,1344,TCP,EMS,6976
6977,445,TCP,SSH,6977
6978,500,UDP,DAAPD,6978
6979,1433,UDP,XMPP,6979
6980,138,TCP,IRDMI,6980
6981,1344,UDP,ICAP,6981
6982,10001,UDP,NETBIOS,6982
6983,500,UDP,DNS,6983
6984,443,TCP,HTTPS,6984
6985,80,TCP,HTTP,6985
6986,5900,UDP,MSSQL,6986
6987,1344,TCP,TELNET,6987
6988,443,TCP,SNMP,6988
6989,443,TCP,HTTPS,6989
6990,443,TCP,HTTPS,6990
6991,138,TCP,XMPP,6991
6992,443,UDP,FTP,6992
6993,443,TCP,DNS,6993
6994,8080,UDP,ACMSODA,6994
6995,443,TCP,HTTPS,6995
6996,161,TCP,HTTPS,6996
6997,587,UDP,RDP,6997
6998,500,TCP,DNS,6998
6999,23,UDP,SIP,6999
7000,3689,TCP,XMPP,7000
7001,5222,UDP,ZABBIX,7001
7002,1344,UDP,SSH,7002
7003,5060,TCP,ICAP,7003
7004,161,UDP,SSH,7004
7005,445,TCP,MDS,7005
7006,587,TCP,RDP,7006
7007,53,UDP,NETBIOS,7007
7008,443,TCP,HTTPS,7008
7009,138,UDP,MDS,7009
7010,1344,UDP,SSH,7010
7011,22,UDP,ISAKMP,7011
7012,443,TCP,HTTPS,7012
7013,161,UDP,IRDMI,7013
7014,500,TCP,SIP,7014
7015,10051,UDP,DNS,7015
7016,22,UDP,SIP,7016
7017,3689,UDP,ACMSODA,7017
7018,53,UDP,VNC,7018
7019,443,TCP,HTTPS,7019
7020,5432,TCP,DAAPD,7020
7021,5900,TCP,MSSQL,7021
7022,5060,TCP,HPSERVICE,7022
7023,23,TCP,HPSERVICE,7023
7024,445,TCP,IRDMI,7024
7025,10051,UDP,ACMSODA,7025
7026,80,TCP,HTTP,7026
7027,10001,UDP,TELNET,7027
7028,138,UDP,IRDMI,7028
7029,21,TCP,FTP,7029
7030,500,UDP,RDP,7030
7031,5222,UDP,EMS,7031
7032,23,TCP,HPSERVICE,7032
7033,443,TCP,HTTPS,7033
7034,8000,UDP,HTTP,7034
7035,3689,TCP,EMS,7035
7036,993,UDP,TELNET,7036
7037,21,UDP,XMPP,7037
7038,21,TCP,FTP,7038
7039,161,TCP,TELNET,7039
7040,137,TCP,PGSQL,7040
7041,3389,TCP,IMAP4,7041
7042,5222,UDP,EMS,7042
7043,993,UDP,ISAKMP,7043
7044,443,TCP,HTTPS,7044
7045,443,TCP,HTTPS,7045
7046,443,TCP,HTTPS,7046
7047,3389,UDP,SNMP,7047
7048,5060,UDP,DAAPD,7048
7049,161,TCP,IMAP4,7049
7050,22,TCP,HTTP,7050
7051,443,TCP,HTTPS,7051
7052,5061,TCP,ICAP,7052
7053,443,TCP,HTTPS,7053
7054,9100,UDP,SIP,7054
7055,3128,UDP,SNMP,7055
7056,993,UDP,TELNET,7056
7057,53,UDP,NETBIOS,7057
7058,443,TCP,HTTPS,7058
7059,21,TCP,FTP,7059
7060,53,UDP,XMPP,7060
7061,587,UDP,XMPP,7061
7062,5222,TCP,HTTPS,7062
7063,5432,UDP,DNS,7063
7064,1344,UDP,PGSQL,7064
7065,10001,UDP,NETBIOS,7065
7066,443,TCP,HTTPS,7066
7067,3389,TCP,IMAP4,7067
7068,10051,UDP,VNC,7068
7069,1344,TCP,NETBIOS,7069
7070,137,TCP,ACMSODA,7070
7071,3128,UDP,ICAP,7071
7072,1433,UDP,MSSQL,7072
7073,138,TCP,ACMSODA,7073
7074,443,TCP,HTTPS,7074
7075,5222,TCP,EMS,7075
7076,1433,TCP,ISAKMP,7076
7077,1433,UDP,ACMSODA,7077
7078,5061,TCP,VNC,7078
7079,3389,TCP,IMAP4,7079
7080,21,UDP,ACMSODA,7080
7081,1433,TCP,ZABBIX,7081
7082,137,TCP,HTTPS,7082
7083,1433,UDP,MSSQL,7083
7084,138,UDP,PGSQL,7084
7085,5900,UDP,MDS,7085
7086,443,TCP,VNC,7086
7087,1344,UDP,PGSQL,7087
7088,6969,TCP,IMAP4,7088
7089,3689,UDP,SSH,7089
7090,443,TCP,HTTPS,7090
7091,1433,TCP,ZABBIX,7091
7092,5222,UDP,SSH,7092
7093,161,TCP,IMAP4,7093
7094,80,UDP,ZABBIX,7094
7095,445,UDP,DNS,7095
7096,21,UDP,MSSQL,7096
7097,6969,UDP,ZABBIX,7097
7098,21,TCP,HPSERVICE,7098
7099,5900,UDP,EMS,7099
7100,5061,UDP,ACMSODA,7100
7101,23,TCP,HPSERVICE,7101
7102,3389,UDP,PGSQL,7102
7103,5900,TCP,MDS,7103
7104,9100,UDP,SIP,7104
7105,443,TCP,HTTPS,7105
7106,6969,UDP,UBIQUITY,7106
7107,3389,UDP,PGSQL,7107
7108,21,TCP,FTP,7108
7109,5060,TCP,ACMSODA,7109
7110,443,TCP,HTTPS,7110
7111,161,UDP,UBIQUITY,7111
7112,21,TCP,FTP,7112
7113,500,TCP,PGSQL,7113
7114,138,TCP,UBIQUITY,7114
7115,5432,UDP,DNS,7115
7116,5061,UDP,ACMSODA,7116
7117,1344,TCP,ISAKMP,7117
7118,443,UDP,HTTPS,7118
7119,443,TCP,HTTPS,7119
7120,3389,TCP,MDS,7120
7121,22,UDP,ISAKMP,7121
7122,9100,UDP,DNS,7122
7123,80,UDP,SIP,7123
7124,993,UDP,TELNET,7124
7125,8000,UDP,PGSQL,7125
7126,443,UDP,HTTPS,7126
7127,5900,UDP,MDS,7127
7128,23,TCP,HPSERVICE,7128
7129,1433,UDP,ZABBIX,7129
7130,3689,UDP,HPSERVICE,7130
7131,443,TCP,HTTPS,7131
7132,443,TCP,HTTPS,7132
7133,1433,UDP,EMS,7133
7134,5432,TCP,RDP,7134
7135,445,UDP,DNS,7135
7136,3389,UDP,SNMP,7136
7137,5222,TCP,SNMP,7137
7138,5432,UDP,VNC,7138
7139,5222,TCP,SNMP,7139
7140,1433,UDP,HPSERVICE,7140
7141,53,UDP,DNS,7141
7142,138,TCP,ACMSODA,7142
7143,993,TCP,IMAP4,7143
7144,9100,UDP,ZABBIX,7144
7145,5432,TCP,SSH,7145
7146,443,TCP,HTTPS,7146
7147,80,TCP,HTTP,7147
7148,443,TCP,HTTPS,7148
7149,3689,TCP,HPSERVICE,7149
7150,1433,UDP,XMPP,7150
7151,993,TCP,NETBIOS,7151
7152,8000,TCP,UBIQUITY,7152
7153,3389,TCP,SSH,7153
7154,8000,UDP,HPSERVICE,7154
7155,53,UDP,ISAKMP,7155
7156,138,TCP,ACMSODA,7156
7157,53,UDP,ISAKMP,7157
7158,10051,TCP,SSH,7158
7159,1344,UDP,DAAPD,7159
7160,445,UDP,UBIQUITY,7160
7161,80,TCP,HTTP,7161
7162,443,TCP,HTTPS,7162
7163,993,TCP,SSH,7163
7164,10001,UDP,PGSQL,7164
7165,445,UDP,HTTP,7165
7166,161,UDP,PGSQL,7166
7167,445,UDP,IMAP4,7167
7168,1433,TCP,PGSQL,7168
7169,8080,UDP,ACMSODA,7169
7170,53,UDP,ZABBIX,7170
7171,445,UDP,HTTP,7171
7172,5060,TCP,IRDMI,7172
7173,443,TCP,HTTPS,7173
7174,500,UDP,XMPP,7174
7175,443,TCP,HTTPS,7175
7176,1433,TCP,XMPP,7176
7177,3689,TCP,TELNET,7177
7178,443,TCP,HTTPS,7178
7179,500,UDP,ICAP,7179
7180,161,TCP,IRDMI,7180
7181,80,TCP,HTTP,7181
7182,443,TCP,UBIQUITY,7182
7183,137,TCP,HTTPS,7183
7184,22,TCP,HTTP,7184
7185,5432,UDP,NETBIOS,7185
7186,161,UDP,VNC,7186
7187,21,UDP,VNC,7187
7188,80,TCP,FTP,7188
7189,3128,UDP,ICAP,7189
7190,443,TCP,HTTPS,7190
7191,443,TCP,HTTPS,7191
7192,5061,TCP,XMPP,7192
7193,5900,UDP,MDS,7193
7194,21,TCP,XMPP,7194
7195,10001,UDP,FTP,7195
7196,3128,UDP,IRDMI,7196
7197,1433,UDP,EMS,7197
7198,23,UDP,SNMP,7198
7199,9100,UDP,SIP,7199
7200,161,TCP,RDP,7200
7201,3389,UDP,PGSQL,7201
7202,500,UDP,XMPP,7202
7203,443,TCP,HTTPS,7203
7204,161,UDP,FTP,7204
7205,443,UDP,HTTPS,7205
7206,6969,UDP,DNS,7206
7207,161,TCP,IRDMI,7207
7208,5900,TCP,MDS,7208
7209,10051,TCP,SSH,7209
7210,10051,TCP,UBIQUITY,7210
7211,443,TCP,HTTPS,7211
7212,1344,TCP,UBIQUITY,7212
7213,5222,UDP,ACMSODA,7213
7214,1433,TCP,IMAP4,7214
7215,9100,UDP,NETBIOS,7215
7216,1433,TCP,ISAKMP,7216
7217,3389,UDP,SNMP,7217
7218,5060,TCP,ICAP,7218
7219,1344,UDP,HTTP,7219
7220,3128,UDP,ICAP,7220
7221,5900,UDP,MSSQL,7221
7222,5222,TCP,EMS,7222
7223,1344,TCP,UBIQUITY,7223
7224,1344,UDP,SSH,7224
7225,5900,UDP,FTP,7225
7226,21,UDP,ACMSODA,7226
7227,3689,UDP,VNC,7227
7228,80,TCP,HTTP,7228
7229,443,TCP,HTTPS,7229
7230,443,TCP,HTTPS,7230
7231,23,TCP,DNS,7231
7232,22,TCP,MSSQL,7232
7233,1433,TCP,SNMP,7233
7234,3689,TCP,PGSQL,7234
7235,138,UDP,HPSERVICE,7235
7236,10001,UDP,SSH,7236
7237,23,UDP,IRDMI,7237
7238,993,UDP,HPSERVICE,7238
7239,3689,UDP,SNMP,7239
7240,445,TCP,EMS,7240
7241,443,UDP,MDS,7241
7242,53,UDP,DNS,7242
7243,23,TCP,HPSERVICE,7243
7244,138,TCP,IRDMI,7244
7245,993,TCP,NETBIOS,7245
7246,8080,UDP,FTP,7246
7247,993,TCP,RDP,7247
7248,53,UDP,XMPP,7248
7249,8080,UDP,TELNET,7249
7250,587,UDP,HTTP,7250
7251,80,UDP,SIP,7251
7252,443,TCP,IMAP4,7252
7253,3128,TCP,HTTP,7253
7254,23,TCP,VNC,7254
7255,3689,UDP,MSSQL,7255
7256,138,TCP,IRDMI,7256
7257,500,TCP,PGSQL,7257
7258,443,TCP,HTTPS,7258
7259,587,UDP,HTTP,7259
7260,22,UDP,SIP,7260
7261,5432,UDP,ICAP,7261
7262,587,UDP,FTP,7262
7263,137,TCP,HTTPS,7263
7264,5900,UDP,MSSQL,7264
7265,22,UDP,SSH,7265
7266,993,TCP,UBIQUITY,7266
7267,445,UDP,DNS,7267
7268,137,UDP,IRDMI,7268
7269,5432,UDP,IMAP4,7269
7270,445,UDP,DNS,7270
7271,53,UDP,DNS,7271
7272,3389,UDP,RDP,7272
7273,3128,UDP,ICAP,7273
7274,22,TCP,SSH,7274
7275,8080,UDP,TELNET,7275
7276,6969,TCP,ZABBIX,7276
7277,443,TCP,UBIQUITY,7277
7278,3689,UDP,FTP,7278
7279,3389,TCP,HTTPS,7279
7280,3689,UDP,MSSQL,7280
7281,9100,UDP,PGSQL,7281
7282,5061,UDP,TELNET,7282
7283,3389,UDP,ZABBIX,7283
7284,443,TCP,HTTPS,7284
7285,1344,UDP,ICAP,7285
7286,53,UDP,DNS,7286
7287,587,TCP,RDP,7287
7288,500,TCP,SSH,7288
7289,8080,TCP,FTP,7289
7290,22,UDP,SIP,7290
7291,5060,TCP,MDS,7291
7292,9100,UDP,ZABBIX,7292
7293,80,TCP,HTTP,7293
7294,3389,TCP,IMAP4,7294
7295,3128,TCP,IMAP4,7295
7296,5900,UDP,FTP,7296
7297,443,TCP,HTTPS,7297
7298,161,TCP,RDP,7298
7299,1344,TCP,SNMP,7299
7300,445,UDP,DNS,7300
7301,138,UDP,NETBIOS,7301
7302,500,UDP,XMPP,7302
7303,22,UDP,ISAKMP,7303
7304,5900,UDP,NETBIOS,7304
7305,10051,UDP,SIP,7305
7306,3689,TCP,SSH,7306
7307,8000,TCP,MSSQL,7307
7308,445,UDP,HTTPS,7308
7309,5900,TCP,PGSQL,7309
7310,137,TCP,ISAKMP,7310
7311,161,TCP,MSSQL,7311
7312,10001,TCP,UBIQUITY,7312
7313,5432,UDP,FTP,7313
7314,53,UDP,ISAKMP,7314
7315,1433,TCP,EMS,7315
7316,5900,TCP,ZABBIX,7316
7317,993,UDP,PGSQL,7317
7318,5432,TCP,SSH,7318
7319,993,UDP,DAAPD,7319
7320,22,UDP,ISAKMP,7320
7321,138,UDP,PGSQL,7321
7322,443,TCP,HTTPS,7322
7323,10001,TCP,IRDMI,7323
7324,500,UDP,XMPP,7324
7325,443,TCP,HTTPS,7325
7326,443,TCP,HTTPS,7326
7327,8080,UDP,UBIQUITY,7327
7328,443,TCP,UBIQUITY,7328
7329,161,UDP,FTP,7329
7330,445,UDP,HTTPS,7330
7331,5060,UDP,DAAPD,7331
7332,5900,UDP,ICAP,7332
7333,443,TCP,HTTPS,7333
7334,587,UDP,XMPP,7334
7335,22,UDP,VNC,7335
7336,8000,TCP,SSH,7336
7337,5060,TCP,ACMSODA,7337
7338,10051,UDP,ICAP,7338
7339,8080,TCP,FTP,7339
7340,443,UDP,SNMP,7340
7341,8080,UDP,TELNET,7341
7342,443,TCP,HTTPS,7342
7343,3689,TCP,PGSQL,7343
7344,53,UDP,HTTP,7344
7345,8000,TCP,MSSQL,7345
7346,53,UDP,XMPP,7346
7347,993,UDP,TELNET,7347
7348,445,UDP,TELNET,7348
7349,3389,TCP,MDS,7349
7350,8080,TCP,ACMSODA,7350
7351,5060,TCP,ICAP,7351
7352,22,UDP,IMAP4,7352
7353,445,TCP,MDS,7353
7354,1344,TCP,ISAKMP,7354
7355,443,TCP,UBIQUITY,7355
7356,10051,UDP,ACMSODA,7356
7357,137,TCP,HTTPS,7357
7358,443,TCP,SIP,7358
7359,443,TCP,HTTPS,7359
7360,22,TCP,VNC,7360
7361,80,UDP,ZABBIX,7361
7362,443,TCP,HTTPS,7362
7363,443,TCP,HTTPS,7363
7364,1433,TCP,HTTPS,7364
7365,5432,UDP,HTTPS,7365
7366,53,UDP,DNS,7366
7367,1344,UDP,EMS,7367
7368,500,TCP,TELNET,7368
7369,1433,UDP,ZABBIX,7369
7370,8080,UDP,XMPP,7370
7371,21,TCP,IMAP4,7371
7372,8080,UDP,XMPP,7372
7373,5432,UDP,MSSQL,7373
7374,443,TCP,SNMP,7374
7375,443,TCP,HTTPS,7375
7376,443,TCP,HTTPS,7376
7377,5432,UDP,ICAP,7377
7378,443,TCP,HTTPS,7378
7379,1433,TCP,IMAP4,7379
7380,445,UDP,IMAP4,7380
7381,138,UDP,HPSERVICE,7381
7382,10001,TCP,HPSERVICE,7382
7383,80,UDP,EMS,7383
7384,8000,UDP,DNS,7384
7385,5900,UDP,FTP,7385
7386,137,TCP,RDP,7386
7387,53,UDP,DNS,7387
7388,6969,UDP,DNS,7388
7389,5432,UDP,DNS,7389
7390,10001,TCP,MDS,7390
7391,21,TCP,NETBIOS,7391
7392,443,TCP,HTTPS,7392
7393,80,TCP,EMS,7393
7394,22,TCP,HPSERVICE,7394
7395,22,UDP,SIP,7395
7396,993,TCP,NETBIOS,7396
7397,443,TCP,HTTPS,7397
7398,80,UDP,SNMP,7398
7399,3689,TCP,PGSQL,7399
7400,161,UDP,SSH,7400
7401,443,TCP,HTTPS,7401
7402,443,TCP,ACMSODA,7402
7403,587,UDP,FTP,7403
7404,53,UDP,DNS,7404
7405,3689,UDP,IMAP4,7405
7406,443,TCP,HTTPS,7406
7407,5222,UDP,SNMP,7407
7408,137,TCP,RDP,7408
7409,5432,TCP,RDP,7409
7410,5061,UDP,SNMP,7410
7411,5222,TCP,ICAP,7411
7412,5900,UDP,SIP,7412
7413,443,TCP,HTTPS,7413
7414,10001,TCP,ZABBIX,7414
7415,993,TCP,RDP,7415
7416,445,UDP,TELNET,7416
7417,137,UDP,HTTPS,7417
7418,443,TCP,HTTPS,7418
7419,500,TCP,ISAKMP,7419
7420,53,UDP,TELNET,7420
7421,8080,TCP,ACMSODA,7421
7422,21,TCP,FTP,7422
7423,3128,TCP,HTTP,7423
7424,443,TCP,UBIQUITY,7424
7425,138,TCP,MSSQL,7425
7426,80,UDP,VNC,7426
7427,445,UDP,IMAP4,7427
7428,23,TCP,IMAP4,7428
7429,53,UDP,DNS,7429
7430,1433,TCP,VNC,7430
7431,3128,TCP,SSH,7431
7432,500,UDP,XMPP,7432
7433,5900,UDP,TELNET,7433
7434,5900,UDP,DAAPD,7434
7435,445,TCP,SSH,7435
7436,3689,UDP,MSSQL,7436
7437,138,UDP,HPSERVICE,7437
7438,5432,TCP,XMPP,7438
7439,161,TCP,IRDMI,7439
7440,5900,UDP,MSSQL,7440
7441,5900,TCP,FTP,7441
7442,445,TCP,SSH,7442
7443,3128,TCP,SNMP,7443
7444,993,UDP,PGSQL,7444
7445,3689,UDP,IRDMI,7445
7446,3389,TCP,HPSERVICE,7446
7447,80,UDP,SNMP,7447
7448,10051,UDP,VNC,7448
7449,5222,UDP,SSH,7449
7450,80,TCP,HTTP,7450
7451,500,UDP,XMPP,7451
7452,161,TCP,IRDMI,7452
7453,3128,TCP,IMAP4,7453
7454,137,UDP,VNC,7454
7455,80,TCP,HTTP,7455
7456,5432,TCP,RDP,7456
7457,5900,UDP,MSSQL,7457
7458,23,UDP,SIP,7458
7459,500,TCP,IMAP4,7459
7460,500,TCP,IMAP4,7460
7461,3689,TCP,ICAP,7461
7462,80,TCP,HTTPS,7462
7463,1344,TCP,NETBIOS,7463
7464,3689,TCP,HTTP,7464
7465,5432,UDP,IMAP4,7465
7466,5900,TCP,MSSQL,7466
7467,443,TCP,HTTPS,7467
7468,22,TCP,MSSQL,7468
7469,1344,UDP,HTTP,7469
7470,3689,UDP,SSH,7470
7471,10001,UDP,ICAP,7471
7472,1344,TCP,TELNET,7472
7473,993,UDP,RDP,7473
7474,21,TCP,IMAP4,7474
7475,3128,UDP,SNMP,7475
7476,443,TCP,HTTPS,7476
7477,21,UDP,SIP,7477
7478,443,TCP,HTTPS,7478
7479,53,UDP,HTTP,7479
7480,22,TCP,IMAP4,7480
7481,161,TCP,TELNET,7481
7482,3389,TCP,MSSQL,7482
7483,10001,UDP,RDP,7483
7484,80,UDP,ZABBIX,7484
7485,9100,UDP,MDS,7485
7486,587,TCP,ZABBIX,7486
7487,5061,UDP,HTTP,7487
7488,21,TCP,IMAP4,7488
7489,587,UDP,HTTP,7489
7490,443,TCP,HTTPS,7490
7491,21,UDP,SIP,7491
7492,80,TCP,FTP,7492
7493,9100,TCP,IRDMI,7493
7494,5432,UDP,ACMSODA,7494
7495,443,TCP,HTTPS,7495
7496,161,TCP,DAAPD,7496
7497,443,TCP,IRDMI,7497
7498,10051,TCP,ISAKMP,7498
7499,3689,TCP,HPSERVICE,7499
7500,993,TCP,DNS,7500
7501,3689,TCP,PGSQL,7501
7502,161,UDP,UBIQUITY,7502
7503,5060,UDP,PGSQL,7503
7504,137,TCP,ACMSODA,7504
7505,5060,UDP,TELNET,7505
7506,5432,TCP,XMPP,7506
7507,587,TCP,PGSQL,7507
7508,1344,UDP,SSH,7508
7509,443,TCP,HTTPS,7509
7510,21,TCP,IRDMI,7510
7511,1433,TCP,VNC,7511
7512,1344,TCP,IMAP4,7512
7513,5900,UDP,ICAP,7513
7514,5061,TCP,XMPP,7514
7515,5060,TCP,NETBIOS,7515
7516,137,TCP,ACMSODA,7516
7517,6969,UDP,ZABBIX,7517
7518,443,TCP,HTTPS,7518
7519,10051,UDP,SIP,7519
7520,9100,UDP,PGSQL,7520
7521,22,TCP,HTTPS,7521
7522,53,UDP,DNS,7522
7523,5061,UDP,HTTPS,7523
7524,443,TCP,HTTPS,7524
7525,5432,TCP,SSH,7525
7526,443,TCP,HPSERVICE,7526
7527,445,UDP,DNS,7527
7528,8080,UDP,ACMSODA,7528
7529,5060,TCP,IRDMI,7529
7530,5432,UDP,HTTPS,7530
7531,5060,TCP,ACMSODA,7531
7532,10051,UDP,HTTPS,7532
7533,5060,UDP,FTP,7533
7534,6969,TCP,IMAP4,7534
7535,21,UDP,ACMSODA,7535
7536,1344,TCP,IMAP4,7536
7537,500,UDP,DAAPD,7537
7538,10001,TCP,MDS,7538
7539,443,TCP,HTTPS,7539
7540,6969,TCP,ACMSODA,7540
7541,161,UDP,TELNET,7541
7542,3128,UDP,ICAP,7542
7543,80,TCP,HTTP,7543
7544,3389,TCP,IMAP4,7544
7545,5900,TCP,FTP,7545
7546,80,TCP,HTTP,7546
7547,5222,UDP,EMS,7547
7548,138,UDP,IRDMI,7548
7549,993,TCP,UBIQUITY,7549
7550,1344,TCP,TELNET,7550
7551,3689,TCP,HTTP,7551
7552,443,UDP,HTTPS,7552
7553,21,TCP,EMS,7553
7554,993,TCP,ISAKMP,7554
7555,161,TCP,DAAPD,7555
7556,500,UDP,XMPP,7556
7557,21,UDP,ICAP,7557
7558,161,TCP,DAAPD,7558
7559,1433,UDP,SSH,7559
7560,138,TCP,ACMSODA,7560
7561,23,TCP,HPSERVICE,7561
7562,5060,UDP,DAAPD,7562
7563,443,TCP,HTTPS,7563
7564,1433,UDP,EMS,7564
7565,3689,UDP,VNC,7565
7566,443,TCP,HTTPS,7566
7567,1433,UDP,XMPP,7567
7568,1344,TCP,UBIQUITY,7568
7569,993,TCP,SSH,7569
7570,993,UDP,RDP,7570
7571,21,UDP,FTP,7571
7572,500,UDP,RDP,7572
7573,5432,UDP,HTTPS,7573
7574,80,TCP,HPSERVICE,7574
7575,443,TCP,HTTPS,7575
7576,161,UDP,IRDMI,7576
7577,138,TCP,DAAPD,7577
7578,443,TCP,HTTPS,7578
7579,8000,UDP,SIP,7579
7580,1344,TCP,NETBIOS,7580
7581,138,TCP,IRDMI,7581
7582,5222,UDP,SSH,7582
7583,3689,TCP,PGSQL,7583
7584,10001,UDP,ICAP,7584
7585,3689,TCP,HPSERVICE,7585
7586,5060,UDP,FTP,7586
7587,3689,TCP,TELNET,7587
7588,53,UDP,XMPP,7588
7589,10051,UDP,SIP,7589
7590,161,UDP,SIP,7590
7591,9100,UDP,MDS,7591
7592,3689,UDP,UBIQUITY,7592
7593,443,UDP,UBIQUITY,7593
7594,8000,TCP,SSH,7594
7595,1344,TCP,ISAKMP,7595
7596,500,UDP,DAAPD,7596
7597,9100,TCP,VNC,7597
7598,80,TCP,HTTP,7598
7599,443,TCP,HTTPS,7599
7600,587,TCP,DAAPD,7600
7601,500,TCP,PGSQL,7601
7602,3689,TCP,HTTP,7602
7603,1344,UDP,HTTP,7603
7604,23,UDP,MDS,7604
7605,21,UDP,ACMSODA,7605
7606,161,TCP,DAAPD,7606
7607,5900,UDP,MDS,7607
7608,5060,TCP,NETBIOS,7608
7609,443,TCP,HTTPS,7609
7610,5900,UDP,EMS,7610
7611,443,TCP,HTTPS,7611
7612,445,TCP,TELNET,7612
7613,443,TCP,HTTPS,7613
7614,161,UDP,SSH,7614
7615,21,TCP,FTP,7615
7616,161,UDP,PGSQL,7616
7617,8080,UDP,ISAKMP,7617
7618,10051,UDP,ACMSODA,7618
7619,5432,UDP,HTTPS,7619
7620,53,TCP,MSSQL,7620
7621,993,UDP,TELNET,7621
7622,5900,UDP,NETBIOS,7622
7623,993,TCP,IMAP4,7623
7624,443,UDP,DAAPD,7624
7625,1433,TCP,IMAP4,7625
7626,445,TCP,MDS,7626
7627,22,UDP,SIP,7627
7628,443,TCP,HTTPS,7628
7629,8000,UDP,DNS,7629
7630,22,TCP,ZABBIX,7630
7631,445,TCP,HPSERVICE,7631
7632,587,UDP,FTP,7632
7633,53,UDP,NETBIOS,7633
7634,53,UDP,DNS,7634
7635,500,TCP,SIP,7635
7636,443,TCP,HTTPS,7636
7637,443,TCP,HTTPS,7637
7638,21,UDP,XMPP,7638
7639,445,UDP,DNS,7639
7640,21,TCP,FTP,7640
7641,5061,UDP,EMS,7641
7642,22,TCP,ZABBIX,7642
7643,21,TCP,IMAP4,7643
7644,587,UDP,RDP,7644
7645,80,TCP,FTP,7645
7646,138,UDP,IMAP4,7646
7647,587,UDP,RDP,7647
7648,80,TCP,HTTPS,7648
7649,3128,UDP,IRDMI,7649
7650,9100,TCP,IMAP4,7650
7651,445,UDP,HTTPS,7651
7652,5900,UDP,HTTP,7652
7653,993,UDP,RDP,7653
7654,443,TCP,HTTPS,7654
7655,22,TCP,HTTP,7655
7656,443,TCP,HTTPS,7656
7657,161,UDP,UBIQUITY,7657
7658,80,TCP,HTTP,7658
7659,5900,UDP,FTP,7659
7660,1433,TCP,MDS,7660
7661,23,TCP,TELNET,7661
7662,1344,UDP,HTTP,7662
7663,445,UDP,DNS,7663
7664,10051,TCP,ISAKMP,7664
7665,1344,TCP,TELNET,7665
7666,6969,TCP,XMPP,7666
7667,21,TCP,VNC,7667
7668,5061,TCP,FTP,7668
7669,6969,UDP,DNS,7669
7670,443,TCP,HTTP,7670
7671,500,UDP,TELNET,7671
7672,80,TCP,HTTPS,7672
7673,443,TCP,IRDMI,7673
7674,5900,UDP,FTP,7674
7675,3128,UDP,ICAP,7675
7676,445,TCP,MDS,7676
7677,500,UDP,ICAP,7677
7678,443,TCP,HPSERVICE,7678
7679,9100,UDP,PGSQL,7679
7680,21,TCP,FTP,7680
7681,8000,UDP,UBIQUITY,7681
7682,22,UDP,TELNET,7682
7683,137,TCP,HTTPS,7683
7684,161,UDP,PGSQL,7684
7685,80,TCP,PGSQL,7685
7686,5061,TCP,SNMP,7686
7687,22,UDP,ACMSODA,7687
7688,587,TCP,MDS,7688
7689,587,TCP,RDP,7689
7690,21,TCP,FTP,7690
7691,5061,TCP,RDP,7691
7692,587,TCP,MDS,7692
7693,21,UDP,ACMSODA,7693
7694,443,TCP,HPSERVICE,7694
7695,80,TCP,HPSERVICE,7695
7696,137,TCP,ACMSODA,7696
7697,9100,UDP,DAAPD,7697
7698,5900,UDP,TELNET,7698
7699,443,TCP,HTTPS,7699
7700,5432,TCP,SSH,7700
7701,993,TCP,SNMP,7701
7702,6969,UDP,ZABBIX,7702
7703,993,UDP,PGSQL,7703
7704,80,TCP,HTTP,7704
7705,443,TCP,HTTPS,7705
7706,587,UDP,HPSERVICE,7706
7707,53,UDP,DNS,7707
7708,443,TCP,HTTPS,7708
7709,443,TCP,HTTPS,7709
7710,137,TCP,ACMSODA,7710
7711,80,TCP,FTP,7711
7712,3389,UDP,SNMP,7712
7713,5222,UDP,SSH,7713
7714,5900,UDP,FTP,7714
7715,3128,UDP,ICAP,7715
7716,500,UDP,SNMP,7716
7717,443,UDP,ISAKMP,7717
7718,137,TCP,SSH,7718
7719,443,TCP,HTTPS,7719
7720,80,UDP,XMPP,7720
7721,5222,UDP,SSH,7721
7722,5222,TCP,HTTPS,7722
7723,443,TCP,HTTPS,7723
7724,1344,TCP,ISAKMP,7724
7725,3689,TCP,HTTP,7725
7726,137,TCP,XMPP,7726
7727,23,TCP,FTP,7727
7728,1344,TCP,IMAP4,7728
7729,3689,UDP,TELNET,7729
7730,5061,TCP,VNC,7730
7731,80,TCP,HTTPS,7731
7732,53,UDP,DNS,7732
7733,22,TCP,UBIQUITY,7733
7734,22,TCP,PGSQL,7734
7735,8080,UDP,TELNET,7735
7736,443,TCP,HTTPS,7736
7737,587,UDP,TELNET,7737
7738,5060,TCP,ACMSODA,7738
7739,22,UDP,ISAKMP,7739
7740,5432,UDP,HTTPS,7740
7741,443,TCP,HTTPS,7741
7742,443,UDP,ACMSODA,7742
7743,5432,UDP,MSSQL,7743
7744,445,TCP,SSH,7744
7745,5061,TCP,XMPP,7745
7746,1433,TCP,DAAPD,7746
7747,161,UDP,TELNET,7747
7748,5060,UDP,TELNET,7748
7749,443,TCP,HTTPS,7749
7750,3689,TCP,HTTP,7750
7751,137,UDP,HTTPS,7751
7752,443,TCP,HTTPS,7752
7753,5060,TCP,HPSERVICE,7753
7754,161,TCP,RDP,7754
7755,445,TCP,SSH,7755
7756,1344,UDP,MDS,7756
7757,10001,TCP,MDS,7757
7758,21,UDP,XMPP,7758
7759,53,UDP,DNS,7759
7760,443,TCP,HTTPS,7760
7761,6969,UDP,DAAPD,7761
7762,21,UDP,ACMSODA,7762
7763,587,TCP,RDP,7763
7764,53,TCP,MSSQL,7764
7765,993,UDP,TELNET,7765
7766,10051,UDP,ACMSODA,7766
7767,5222,TCP,SNMP,7767
7768,10001,UDP,NETBIOS,7768
7769,1344,UDP,SSH,7769
7770,9100,TCP,FTP,7770
7771,993,UDP,PGSQL,7771
7772,443,TCP,IMAP4,7772
7773,443,TCP,HTTPS,7773
7774,443,UDP,HTTPS,7774
7775,1344,UDP,PGSQL,7775
7776,1433,TCP,HTTPS,7776
7777,53,UDP,DNS,7777
7778,3389,TCP,HPSERVICE,7778
7779,443,TCP,HTTPS,7779
7780,10001,UDP,FTP,7780
7781,8080,TCP,ZABBIX,7781
7782,10051,UDP,ISAKMP,7782
7783,21,TCP,FTP,7783
7784,443,TCP,HTTPS,7784
7785,137,TCP,PGSQL,7785
7786,1433,TCP,EMS,7786
7787,443,TCP,HTTPS,7787
7788,500,TCP,PGSQL,7788
7789,5432,UDP,ACMSODA,7789
7790,80,UDP,XMPP,7790
7791,443,TCP,DAAPD,7791
7792,23,UDP,MDS,7792
7793,22,UDP,XMPP,7793
7794,9100,TCP,SNMP,7794
7795,443,TCP,HTTPS,7795
7796,6969,TCP,IMAP4,7796
7797,53,UDP,XMPP,7797
7798,443,TCP,HTTPS,7798
7799,5060,TCP,SNMP,7799
7800,587,TCP,SIP,7800
7801,161,TCP,IMAP4,7801
7802,21,UDP,MSSQL,7802
7803,53,UDP,DNS,7803
7804,3128,UDP,ICAP,7804
7805,21,UDP,SIP,7805
7806,5900,UDP,FTP,7806
7807,9100,UDP,DAAPD,7807
7808,3689,UDP,VNC,7808
7809,80,TCP,HTTP,7809
7810,1344,UDP,PGSQL,7810
7811,5061,TCP,XMPP,7811
7812,445,TCP,SSH,7812
7813,80,TCP,HTTP,7813
7814,500,UDP,SNMP,7814
7815,443,TCP,HTTPS,7815
7816,53,UDP,DNS,7816
7817,993,TCP,RDP,7817
7818,80,UDP,SIP,7818
7819,500,TCP,PGSQL,7819
7820,3128,UDP,ICAP,7820
7821,53,UDP,DNS,7821
7822,1344,UDP,UBIQUITY,7822
7823,80,UDP,HTTP,7823
7824,21,UDP,VNC,7824
7825,8000,UDP,MDS,7825
7826,5222,TCP,SNMP,7826
7827,22,UDP,TELNET,7827
7828,993,UDP,DAAPD,7828
7829,443,TCP,HTTPS,7829
7830,1344,TCP,NETBIOS,7830
7831,1344,TCP,TELNET,7831
7832,443,TCP,HTTPS,7832
7833,10051,TCP,VNC,7833
7834,443,TCP,HTTPS,7834
7835,53,UDP,DNS,7835
7836,443,TCP,HTTPS,7836
7837,587,UDP,HPSERVICE,7837
7838,10051,TCP,ZABBIX,7838
7839,5222,UDP,MSSQL,7839
7840,10051,UDP,VNC,7840
7841,443,TCP,HTTPS,7841
7842,10051,UDP,VNC,7842
7843,3128,UDP,ICAP,7843
7844,993,UDP,TELNET,7844
7845,138,TCP,ACMSODA,7845
7846,10001,UDP,DAAPD,7846
7847,445,TCP,SSH,7847
7848,9100,TCP,SSH,7848
7849,443,TCP,HTTPS,7849
7850,8080,UDP,UBIQUITY,7850
7851,1344,TCP,ISAKMP,7851
7852,1433,UDP,SSH,7852
7853,161,TCP,TELNET,7853
7854,5900,UDP,HTTP,7854
7855,1344,UDP,ICAP,7855
7856,10001,UDP,SSH,7856
7857,8000,TCP,MSSQL,7857
7858,445,UDP,SNMP,7858
7859,443,UDP,ICAP,7859
7860,3689,UDP,HPSERVICE,7860
7861,1433,UDP,MSSQL,7861
7862,161,TCP,XMPP,7862
7863,3389,UDP,PGSQL,7863
7864,587,UDP,EMS,7864
7865,80,UDP,HTTP,7865
7866,5432,UDP,ACMSODA,7866
7867,3689,UDP,VNC,7867
7868,443,TCP,HTTPS,7868
7869,137,TCP,UBIQUITY,7869
7870,6969,TCP,IMAP4,7870
7871,443,TCP,HPSERVICE,7871
7872,22,TCP,SSH,7872
7873,1433,UDP,ZABBIX,7873
7874,3128,UDP,SNMP,7874
7875,53,UDP,DNS,7875
7876,5900,UDP,ISAKMP,7876
7877,5432,UDP,DNS,7877
7878,5060,UDP,MDS,7878
7879,443,TCP,HTTPS,7879
7880,161,UDP,IRDMI,7880
7881,5060,TCP,ICAP,7881
7882,21,UDP,HTTPS,7882
7883,5061,TCP,XMPP,7883
7884,443,TCP,HPSERVICE,7884
7885,5060,UDP,NETBIOS,7885
7886,80,UDP,SIP,7886
7887,5432,UDP,MSSQL,7887
7888,22,UDP,TELNET,7888
7889,9100,UDP,SSH,7889
7890,10051,UDP,PGSQL,7890
7891,6969,TCP,MDS,7891
7892,3128,UDP,ICAP,7892
7893,22,TCP,PGSQL,7893
7894,3128,TCP,HPSERVICE,7894
7895,587,UDP,HPSERVICE,7895
7896,5061,UDP,DNS,7896
7897,6969,TCP,IMAP4,7897
7898,6969,TCP,IMAP4,7898
7899,6969,UDP,DAAPD,7899
7900,587,TCP,PGSQL,7900
7901,137,TCP,HTTPS,7901
7902,8000,UDP,DNS,7902
7903,443,TCP,HTTPS,7903
7904,5061,UDP,DNS,7904
7905,5060,TCP,HTTPS,7905
7906,3689,UDP,SNMP,7906
7907,161,TCP,IMAP4,7907
7908,587,TCP,MDS,7908
7909,10051,UDP,DNS,7909
7910,8000,TCP,UBIQUITY,7910
7911,10051,UDP,ICAP,7911
7912,80,TCP,HTTP,7912
7913,8000,TCP,SSH,7913
7914,10001,TCP,MDS,7914
7915,5060,TCP,ACMSODA,7915
7916,5900,UDP,MDS,7916
7917,993,UDP,RDP,7917
7918,53,UDP,ISAKMP,7918
7919,1433,TCP,EMS,7919
7920,1344,UDP,HTTP,7920
7921,53,UDP,DNS,7921
7922,587,UDP,IRDMI,7922
7923,5432,UDP,MSSQL,7923
7924,587,UDP,XMPP,7924
7925,443,TCP,IRDMI,7925
7926,23,TCP,VNC,7926
7927,445,UDP,HTTP,7927
7928,21,TCP,EMS,7928
7929,3128,UDP,ICAP,7929
7930,10001,UDP,FTP,7930
7931,443,TCP,HTTPS,7931
7932,5432,UDP,IMAP4,7932
7933,1433,UDP,MSSQL,7933
7934,137,TCP,ACMSODA,7934
7935,10051,UDP,ACMSODA,7935
7936,3689,UDP,VNC,7936
7937,10001,UDP,DAAPD,7937
7938,8080,UDP,XMPP,7938
7939,443,TCP,HTTPS,7939
7940,161,TCP,TELNET,7940
7941,10051,UDP,DNS,7941
7942,161,UDP,IRDMI,7942
7943,80,TCP,PGSQL,7943
7944,443,TCP,HTTPS,7944
7945,443,TCP,HTTPS,7945
7946,80,TCP,HTTP,7946
7947,21,UDP,FTP,7947
7948,138,TCP,MSSQL,7948
7949,443,TCP,HTTPS,7949
7950,80,TCP,HTTP,7950
7951,8080,UDP,TELNET,7951
7952,445,TCP,MDS,7952
7953,53,UDP,ISAKMP,7953
7954,443,TCP,HTTPS,7954
7955,22,TCP,UBIQUITY,7955
7956,993,TCP,DNS,7956
7957,80,TCP,PGSQL,7957
7958,137,UDP,HTTPS,7958
7959,3689,TCP,PGSQL,7959
7960,5222,TCP,SNMP,7960
7961,5061,TCP,VNC,7961
7962,8080,TCP,FTP,7962
7963,3689,TCP,TELNET,7963
7964,3689,TCP,ICAP,7964
7965,3389,TCP,UBIQUITY,7965
7966,53,UDP,DNS,7966
7967,443,TCP,HPSERVICE,7967
7968,138,TCP,IRDMI,7968
7969,3689,TCP,HTTP,7969
7970,5432,TCP,RDP,7970
7971,5432,TCP,RDP,7971
7972,587,UDP,RDP,7972
7973,161,UDP,SSH,7973
7974,5061,UDP,TELNET,7974
7975,1433,TCP,PGSQL,7975
7976,138,TCP,ACMSODA,7976
7977,445,UDP,DAAPD,7977
7978,21,UDP,XMPP,7978
7979,587,TCP,DAAPD,7979
7980,6969,TCP,IMAP4,7980
7981,5900,UDP,NETBIOS,7981
7982,22,UDP,ISAKMP,7982
7983,21,TCP,FTP,7983
7984,5432,UDP,MSSQL,7984
7985,21,TCP,FTP,7985
7986,3689,UDP,TELNET,7986
7987,1433,TCP,ISAKMP,7987
7988,3389,TCP,MSSQL,7988
7989,3128,UDP,ZABBIX,7989
7990,5900,TCP,RDP,7990
7991,5900,TCP,MSSQL,7991
7992,10051,UDP,VNC,7992
7993,5061,TCP,RDP,7993
7994,5222,TCP,EMS,7994
7995,80,TCP,HTTP,7995
7996,5060,TCP,ACMSODA,7996
7997,445,TCP,IRDMI,7997
7998,5060,TCP,ACMSODA,7998
7999,443,UDP,HTTPS,7999
8000,5061,UDP,DNS,8000
8001,500,UDP,RDP,8001
8002,5432,UDP,ISAKMP,8002
8003,5432,UDP,HTTPS,8003
8004,443,TCP,HTTPS,8004
8005,5060,TCP,NETBIOS,8005
8006,21,UDP,ISAKMP,8006
8007,9100,UDP,ZABBIX,8007
8008,161,UDP,TELNET,8008
8009,10001,TCP,MDS,8009
8010,587,UDP,HPSERVICE,8010
8011,443,UDP,IRDMI,8011
8012,138,TCP,SSH,8012
8013,8080,TCP,ZABBIX,8013
8014,53,UDP,DNS,8014
8015,22,UDP,TELNET,8015
8016,8000,TCP,ICAP,8016
8017,443,TCP,HTTPS,8017
8018,53,UDP,ISAKMP,8018
8019,500,UDP,VNC,8019
8020,500,UDP,XMPP,8020
8021,5060,TCP,ACMSODA,8021
8022,53,UDP,DNS,8022
8023,443,TCP,HTTPS,8023
8024,22,TCP,VNC,8024
8025,500,UDP,DAAPD,8025
8026,9100,UDP,SNMP,8026
8027,5060,TCP,HTTPS,8027
8028,161,TCP,IRDMI,8028
8029,80,UDP,ZABBIX,8029
8030,443,TCP,HTTPS,8030
8031,80,UDP,SNMP,8031
8032,9100,UDP,MDS,8032
8033,21,UDP,MSSQL,8033
8034,587,UDP,HTTP,8034
8035,6969,TCP,ZABBIX,8035
8036,8000,TCP,UBIQUITY,8036
8037,500,UDP,TELNET,8037
8038,53,TCP,SNMP,8038
8039,445,UDP,TELNET,8039
8040,1433,TCP,EMS,8040
8041,161,UDP,UBIQUITY,8041
8042,500,UDP,SNMP,8042
8043,80,TCP,HTTP,8043
8044,22,TCP,HTTP,8044
8045,443,TCP,HTTPS,8045
8046,5060,UDP,RDP,8046
8047,53,TCP,MSSQL,8047
8048,587,UDP,EMS,8048
8049,8080,UDP,ISAKMP,8049
8050,3689,UDP,SSH,8050
8051,6969,UDP,DNS,8051
8052,445,TCP,SSH,8052
8053,445,UDP,DNS,8053
8054,1344,UDP,PGSQL,8054
8055,443,UDP,HTTPS,8055
8056,443,TCP,HTTP,8056
8057,443,TCP,HTTPS,8057
8058,1433,TCP,PGSQL,8058
8059,10001,TCP,HTTPS,8059
8060,23,TCP,HPSERVICE,8060
8061,443,TCP,HTTPS,8061
8062,5432,UDP,ACMSODA,8062
8063,137,TCP,HTTPS,8063
8064,3128,TCP,SSH,8064
8065,23,TCP,DNS,8065
8066,3128,UDP,IRDMI,8066
8067,5432,UDP,ACMSODA,8067
8068,443,TCP,UBIQUITY,8068
8069,587,TCP,PGSQL,8069
8070,9100,UDP,PGSQL,8070
8071,3128,TCP,SNMP,8071
8072,1344,UDP,ICAP,8072
8073,1344,UDP,ICAP,8073
8074,10001,UDP,FTP,8074
8075,443,TCP,HTTPS,8075
8076,5432,UDP,ACMSODA,8076
8077,8080,UDP,IRDMI,8077
8078,10001,UDP,HTTP,8078
8079,8000,TCP,UBIQUITY,8079
8080,1344,TCP,TELNET,8080
8081,161,TCP,RDP,8081
8082,5222,UDP,RDP,8082
8083,138,UDP,NETBIOS,8083
8084,443,TCP,HTTPS,8084
8085,443,TCP,HTTPS,8085
8086,443,TCP,HTTPS,8086
8087,443,TCP,UBIQUITY,8087
8088,21,UDP,ACMSODA,8088
8089,5432,TCP,ACMSODA,8089
8090,500,TCP,DNS,8090
8091,993,UDP,TELNET,8091
8092,3689,TCP,SSH,8092
8093,443,TCP,HTTPS,8093
8094,500,TCP,HTTPS,8094
8095,5222,UDP,SSH,8095
8096,5432,UDP,ISAKMP,8096
8097,8080,TCP,EMS,8097
8098,445,UDP,IMAP4,8098
8099,138,TCP,ACMSODA,8099
8100,138,TCP,ACMSODA,8100
8101,443,TCP,HTTPS,8101
8102,500,UDP,XMPP,8102
8103,443,TCP,RDP,8103
8104,5060,UDP,MSSQL,8104
8105,1344,TCP,UBIQUITY,8105
8106,993,UDP,DAAPD,8106
8107,443,TCP,HTTP,8107
8108,445,TCP,EMS,8108
8109,8000,TCP,UBIQUITY,8109
8110,161,TCP,IRDMI,8110
8111,21,UDP,SSH,8111
8112,22,UDP,ACMSODA,8112
8113,3689,UDP,UBIQUITY,8113
8114,443,TCP,HTTPS,8114
8115,443,TCP,HTTPS,8115
8116,6969,TCP,ACMSODA,8116
8117,443,TCP,HTTPS,8117
8118,5900,UDP,MSSQL,8118
8119,22,UDP,PGSQL,8119
8120,80,UDP,NETBIOS,8120
8121,21,TCP,HPSERVICE,8121
8122,8080,UDP,HTTP,8122
8123,5061,UDP,ACMSODA,8123
8124,1433,TCP,DAAPD,8124
8125,3128,TCP,ACMSODA,8125
8126,443,TCP,HTTPS,8126
8127,3689,TCP,HPSERVICE,8127
8128,5060,UDP,FTP,8128
8129,21,TCP,XMPP,8129
8130,993,TCP,RDP,8130
8131,443,TCP,HTTPS,8131
8132,587,TCP,NETBIOS,8132
8133,3128,UDP,ICAP,8133
8134,8000,UDP,NETBIOS,8134
8135,80,TCP,HTTPS,8135
8136,5222,TCP,HTTPS,8136
8137,500,TCP,DNS,8137
8138,500,UDP,DAAPD,8138
8139,21,TCP,FTP,8139
8140,500,TCP,TELNET,8140
8141,6969,TCP,IMAP4,8141
8142,5900,TCP,RDP,8142
8143,8080,UDP,ISAKMP,8143
8144,993,UDP,MDS,8144
8145,53,UDP,DNS,8145
8146,80,UDP,SNMP,8146
8147,80,TCP,FTP,8147
8148,1344,UDP,ICAP,8148
8149,445,UDP,MDS,8149
8150,10051,UDP,SSH,8150
8151,1433,UDP,SSH,8151
8152,443,TCP,HTTPS,8152
8153,5432,UDP,ACMSODA,8153
8154,10051,UDP,MSSQL,8154
8155,993,TCP,NETBIOS,8155
8156,5432,TCP,XMPP,8156
8157,443,TCP,HTTPS,8157
8158,993,UDP,TELNET,8158
8159,1344,UDP,SSH,8159
8160,443,UDP,MDS,8160
8161,10051,UDP,SIP,8161
8162,137,TCP,IRDMI,8162
8163,5900,UDP,UBIQUITY,8163
8164,1433,UDP,MSSQL,8164
8165,21,TCP,IMAP4,8165
8166,443,TCP,HTTPS,8166
8167,443,TCP,HTTPS,8167
8168,10001,TCP,FTP,8168
8169,5432,TCP,DAAPD,8169
8170,443,TCP,HTTPS,8170
8171,161,TCP,HTTPS,8171
8172,6969,UDP,MSSQL,8172
8173,3389,UDP,RDP,8173
8174,5222,TCP,TELNET,8174
8175,80,TCP,HTTP,8175
8176,10051,UDP,HTTPS,8176
8177,10051,TCP,ISAKMP,8177
8178,5432,UDP,ACMSODA,8178
8179,443,TCP,HTTPS,8179
8180,10001,UDP,SSH,8180
8181,587,UDP,IRDMI,8181
8182,8000,UDP,DNS,8182
8183,22,UDP,SIP,8183
8184,3689,TCP,TELNET,8184
8185,10001,UDP,RDP,8185
8186,445,TCP,MDS,8186
8187,137,UDP,RDP,8187
8188,23,TCP,TELNET,8188
8189,5432,UDP,ICAP,8189
8190,5900,TCP,SNMP,8190
8191,53,UDP,DNS,8191
8192,10001,TCP,MDS,8192
8193,161,UDP,VNC,8193
8194,500,UDP,TELNET,8194
8195,6969,UDP,ZABBIX,8195
8196,80,TCP,HTTP,8196
8197,500,TCP,SSH,8197
8198,5900,TCP,IRDMI,8198
8199,445,TCP,IRDMI,8199
8200,5061,TCP,VNC,8200
8201,8080,UDP,ICAP,8201
8202,9100,TCP,SSH,8202
8203,22,TCP,ZABBIX,8203
8204,5061,UDP,SNMP,8204
8205,443,TCP,HTTPS,8205
8206,993,TCP,IMAP4,8206
8207,9100,TCP,IRDMI,8207
8208,6969,UDP,UBIQUITY,8208
8209,9100,TCP,RDP,8209
8210,21,UDP,ICAP,8210
8211,3389,UDP,ZABBIX,8211
8212,5060,TCP,XMPP,8212
8213,21,TCP,FTP,8213
8214,9100,UDP,PGSQL,8214
8215,5432,UDP,IMAP4,8215
8216,443,TCP,HTTPS,8216
8217,443,TCP,HTTPS,8217
8218,80,TCP,HPSERVICE,8218
8219,500,UDP,XMPP,8219
8220,443,TCP,HTTPS,8220
8221,443,UDP,HTTPS,8221
8222,10051,TCP,ISAKMP,8222
8223,8000,TCP,SIP,8223
8224,22,TCP,HTTP,8224
8225,138,TCP,IRDMI,8225
8226,138,TCP,ICAP,8226
8227,443,TCP,HTTPS,8227
8228,443,TCP,HTTPS,8228
8229,993,UDP,DAAPD,8229
8230,443,TCP,HTTPS,8230
8231,6969,TCP,ISAKMP,8231
8232,10001,UDP,ZABBIX,8232
8233,80,TCP,HTTP,8233
8234,443,TCP,HTTPS,8234
8235,1433,TCP,PGSQL,8235
8236,80,UDP,HTTP,8236
8237,5432,UDP,IMAP4,8237
8238,3389,UDP,SNMP,8238
8239,161,TCP,XMPP,8239
8240,138,UDP,MDS,8240
8241,23,TCP,HPSERVICE,8241
8242,443,TCP,UBIQUITY,8242
8243,80,UDP,SNMP,8243
8244,443,TCP,HTTPS,8244
8245,443,TCP,HTTPS,8245
8246,22,UDP,SIP,8246
8247,1344,TCP,TELNET,8247
8248,5900,TCP,FTP,8248
8249,3389,UDP,ZABBIX,8249
8250,443,TCP,HTTPS,8250
8251,10001,TCP,EMS,8251
8252,80,UDP,SNMP,8252
8253,1344,TCP,TELNET,8253
8254,5432,UDP,RDP,8254
8255,80,TCP,HTTP,8255
8256,80,TCP,HTTP,8256
8257,3128,UDP,SNMP,8257
8258,445,TCP,MSSQL,8258
8259,3689,TCP,HTTP,8259
8260,443,TCP,HTTPS,8260
8261,23,TCP,IMAP4,8261
8262,1433,TCP,MDS,8262
8263,443,UDP,MDS,8263
8264,161,UDP,SSH,8264
8265,1433,UDP,MSSQL,8265
8266,21,TCP,FTP,8266
8267,500,TCP,IMAP4,8267
8268,10051,UDP,ICAP,8268
8269,3128,UDP,SNMP,8269
8270,8080,TCP,ACMSODA,8270
8271,993,TCP,NETBIOS,8271
8272,6969,UDP,DAAPD,8272
8273,443,TCP,HTTPS,8273
8274,21,TCP,FTP,8274
8275,5432,UDP,RDP,8275
8276,21,TCP,FTP,8276
8277,443,TCP,HTTPS,8277
8278,1433,UDP,ISAKMP,8278
8279,10001,UDP,RDP,8279
8280,443,TCP,HTTPS,8280
8281,443,TCP,HTTPS,8281
8282,443,TCP,HTTPS,8282
8283,443,UDP,HTTPS,8283
8284,21,UDP,FTP,8284
8285,443,TCP,HTTPS,8285
8286,5900,UDP,TELNET,8286
8287,53,UDP,DNS,8287
8288,21,TCP,FTP,8288
8289,1433,TCP,DNS,8289
8290,137,TCP,HTTPS,8290
8291,3389,TCP,MSSQL,8291
8292,445,UDP,DNS,8292
8293,80,TCP,HTTP,8293
8294,53,UDP,ZABBIX,8294
8295,443,TCP,HTTPS,8295
8296,993,TCP,SSH,8296
8297,3689,UDP,FTP,8297
8298,500,UDP,DAAPD,8298
8299,5061,TCP,XMPP,8299
8300,500,TCP,HTTPS,8300
8301,3389,TCP,XMPP,8301
8302,22,TCP,HTTPS,8302
8303,138,UDP,VNC,8303
8304,10051,TCP,EMS,8304
8305,443,UDP,DAAPD,8305
8306,5432,UDP,HTTPS,8306
8307,161,UDP,SSH,8307
8308,21,UDP,MSSQL,8308
8309,10001,UDP,RDP,8309
8310,8080,UDP,TELNET,8310
8311,445,UDP,HTTP,8311
8312,80,TCP,HTTP,8312
8313,3389,UDP,SNMP,8313
8314,21,UDP,RDP,8314
8315,1433,UDP,SSH,8315
8316,3389,TCP,MDS,8316
8317,587,TCP,NETBIOS,8317
8318,8000,TCP,MSSQL,8318
8319,443,TCP,VNC,8319
8320,443,TCP,HTTPS,8320
8321,8000,TCP,ICAP,8321
8322,138,UDP,ZABBIX,8322
8323,3128,UDP,ICAP,8323
8324,3689,UDP,FTP,8324
8325,443,TCP,HTTPS,8325
8326,138,UDP,UBIQUITY,8326
8327,22,TCP,HPSERVICE,8327
8328,21,UDP,ICAP,8328
8329,21,TCP,VNC,8329
8330,445,UDP,MDS,8330
8331,3128,UDP,ICAP,8331
8332,443,TCP,UBIQUITY,8332
8333,1344,UDP,MDS,8333
8334,3689,UDP,SNMP,8334
8335,3128,UDP,ICAP,8335
8336,8080,TCP,ACMSODA,8336
8337,500,UDP,XMPP,8337
8338,80,UDP,HTTP,8338
8339,5900,TCP,ZABBIX,8339
8340,993,TCP,DNS,8340
8341,53,UDP,DNS,8341
8342,23,UDP,SIP,8342
8343,10001,UDP,ICAP,8343
8344,5061,UDP,HTTPS,8344
8345,53,TCP,XMPP,8345
8346,10051,UDP,SIP,8346
8347,587,UDP,XMPP,8347
8348,5900,UDP,ICAP,8348
8349,80,UDP,ZABBIX,8349
8350,500,TCP,PGSQL,8350
8351,587,UDP,HTTP,8351
8352,21,UDP,XMPP,8352
8353,3389,UDP,SNMP,8353
8354,5222,UDP,PGSQL,8354
8355,138,TCP,VNC,8355
8356,1344,TCP,NETBIOS,8356
8357,80,TCP,HTTPS,8357
8358,138,TCP,MSSQL,8358
8359,137,TCP,HTTPS,8359
8360,80,TCP,FTP,8360
8361,23,TCP,HPSERVICE,8361
8362,587,TCP,PGSQL,8362
8363,5060,TCP,NETBIOS,8363
8364,443,TCP,HTTPS,8364
8365,8080,UDP,FTP,8365
8366,443,TCP,HTTPS,8366
8367,80,TCP,HTTP,8367
8368,445,TCP,IRDMI,8368
8369,500,UDP,XMPP,8369
8370,443,UDP,HTTPS,8370
8371,8080,TCP,FTP,8371
8372,5432,UDP,HTTPS,8372
8373,1433,UDP,ACMSODA,8373
8374,5061,TCP,VNC,8374
8375,23,TCP,IMAP4,8375
8376,137,TCP,HTTPS,8376
8377,137,TCP,MSSQL,8377
8378,161,UDP,SNMP,8378
8379,10051,UDP,ACMSODA,8379
8380,3389,UDP,RDP,8380
8381,22,UDP,SIP,8381
8382,5060,UDP,MSSQL,8382
8383,587,TCP,VNC,8383
8384,137,TCP,HTTPS,8384
8385,3689,TCP,HTTP,8385
8386,443,TCP,HTTPS,8386
8387,5222,TCP,EMS,8387
8388,138,TCP,VNC,8388
8389,443,TCP,HTTPS,8389
8390,443,TCP,HTTPS,8390
8391,5060,TCP,ACMSODA,8391
8392,443,TCP,HTTPS,8392
8393,6969,UDP,ZABBIX,8393
8394,161,TCP,IRDMI,8394
8395,8000,TCP,ICAP,8395
8396,53,UDP,DNS,8396
8397,10051,UDP,HTTPS,8397
8398,993,TCP,RDP,8398
8399,1433,TCP,HTTPS,8399
8400,5060,TCP,ACMSODA,8400
8401,443,TCP,HTTPS,8401
8402,22,UDP,ACMSODA,8402
8403,8000,TCP,SSH,8403
8404,3689,TCP,SIP,8404
8405,3128,UDP,IRDMI,8405
8406,53,UDP,HTTP,8406
8407,993,TCP,NETBIOS,8407
8408,3389,UDP,ZABBIX,8408
8409,53,UDP,ISAKMP,8409
8410,500,TCP,IMAP4,8410
8411,53,UDP,TELNET,8411
8412,1433,TCP,VNC,8412
8413,53,UDP,DNS,8413
8414,6969,TCP,ZABBIX,8414
8415,443,TCP,HTTPS,8415
8416,8000,TCP,MSSQL,8416
8417,443,TCP,HTTPS,8417
8418,500,UDP,XMPP,8418
8419,8000,TCP,UBIQUITY,8419
8420,161,TCP,DAAPD,8420
8421,23,TCP,HPSERVICE,8421
8422,3389,UDP,IRDMI,8422
8423,23,TCP,RDP,8423
8424,500,UDP,DNS,8424
8425,5432,TCP,VNC,8425
8426,1433,TCP,PGSQL,8426
8427,500,TCP,ICAP,8427
8428,80,TCP,HTTP,8428
8429,53,TCP,MSSQL,8429
8430,587,UDP,EMS,8430
8431,5060,TCP,NETBIOS,8431
8432,587,TCP,PGSQL,8432
8433,22,TCP,UBIQUITY,8433
8434,80,UDP,NETBIOS,8434
8435,5900,TCP,MSSQL,8435
8436,1433,TCP,EMS,8436
8437,3689,TCP,PGSQL,8437
8438,5900,UDP,EMS,8438
8439,23,UDP,SIP,8439
8440,3689,TCP,FTP,8440
8441,161,UDP,FTP,8441
8442,23,TCP,VNC,8442
8443,5222,TCP,SNMP,8443
8444,138,TCP,UBIQUITY,8444
8445,443,UDP,HTTPS,8445
8446,5222,UDP,EMS,8446
8447,993,UDP,TELNET,8447
8448,443,TCP,DNS,8448
8449,443,TCP,HTTPS,8449
8450,443,TCP,HTTPS,8450
8451,443,TCP,HTTPS,8451
8452,53,UDP,DNS,8452
8453,6969,TCP,HTTPS,8453
8454,993,UDP,TELNET,8454
8455,5900,TCP,SNMP,8455
8456,5900,UDP,ISAKMP,8456
8457,500,TCP,PGSQL,8457
8458,3128,TCP,HPSERVICE,8458
8459,6969,TCP,IMAP4,8459
8460,53,UDP,HTTP,8460
8461,587,TCP,PGSQL,8461
8462,1344,UDP,ICAP,8462
8463,53,UDP,SSH,8463
8464,443,TCP,HTTPS,8464
8465,5432,TCP,ACMSODA,8465
8466,1433,UDP,ACMSODA,8466
8467,8080,UDP,TELNET,8467
8468,5432,UDP,ICAP,8468
8469,443,TCP,HTTPS,8469
8470,5061,UDP,SNMP,8470
8471,5432,UDP,NETBIOS,8471
8472,1433,UDP,ACMSODA,8472
8473,3128,UDP,HPSERVICE,8473
8474,10001,TCP,EMS,8474
8475,53,UDP,ISAKMP,8475
8476,5061,TCP,XMPP,8476
8477,443,TCP,HTTPS,8477
8478,23,TCP,HPSERVICE,8478
8479,137,TCP,XMPP,8479
8480,993,TCP,RDP,8480
8481,500,TCP,IMAP4,8481
8482,443,TCP,HTTPS,8482
8483,21,UDP,MSSQL,8483
8484,137,TCP,RDP,8484
8485,161,TCP,XMPP,8485
8486,5432,UDP,MSSQL,8486
8487,1433,TCP,PGSQL,8487
8488,3128,UDP,ZABBIX,8488
8489,10001,TCP,ZABBIX,8489
8490,443,TCP,HTTPS,8490
8491,587,TCP,PGSQL,8491
8492,138,TCP,MSSQL,8492
8493,5061,TCP,VNC,8493
8494,500,UDP,TELNET,8494
8495,443,TCP,HTTPS,8495
8496,5061,UDP,PGSQL,8496
8497,5061,TCP,XMPP,8497
8498,1433,UDP,ACMSODA,8498
8499,445,UDP,TELNET,8499
8500,138,UDP,UBIQUITY,8500
8501,80,UDP,ZABBIX,8501
8502,500,UDP,DNS,8502
8503,443,TCP,HTTPS,8503
8504,6969,UDP,SNMP,8504
8505,5060,TCP,NETBIOS,8505
8506,161,TCP,TELNET,8506
8507,161,TCP,EMS,8507
8508,443,TCP,HTTPS,8508
8509,445,TCP,HPSERVICE,8509
8510,5060,UDP,MSSQL,8510
8511,1433,TCP,ISAKMP,8511
8512,443,TCP,HTTPS,8512
8513,8080,UDP,TELNET,8513
8514,3389,TCP,NETBIOS,8514
8515,80,UDP,SIP,8515
8516,161,TCP,IRDMI,8516
8517,22,UDP,SIP,8517
8518,443,TCP,HTTPS,8518
8519,5900,UDP,SSH,8519
8520,53,UDP,DNS,8520
8521,443,TCP,HTTPS,8521
8522,80,TCP,HTTP,8522
8523,161,TCP,HTTPS,8523
8524,443,TCP,HTTPS,8524
8525,993,TCP,MDS,8525
8526,443,TCP,HTTPS,8526
8527,21,TCP,IMAP4,8527
8528,161,UDP,HPSERVICE,8528
8529,53,UDP,ISAKMP,8529
8530,1344,TCP,TELNET,8530
8531,3389,TCP,MSSQL,8531
8532,445,TCP,SSH,8532
8533,5432,UDP,ACMSODA,8533
8534,138,UDP,MDS,8534
8535,5900,TCP,ZABBIX,8535
8536,5432,UDP,ISAKMP,8536
8537,5432,UDP,HTTPS,8537
8538,6969,TCP,DNS,8538
8539,1344,UDP,UBIQUITY,8539
8540,6969,UDP,ICAP,8540
8541,21,TCP,VNC,8541
8542,5432,UDP,ACMSODA,8542
8543,21,UDP,SIP,8543
8544,53,UDP,XMPP,8544
8545,3128,UDP,ICAP,8545
8546,22,UDP,SIP,8546
8547,500,UDP,SNMP,8547
8548,443,TCP,HTTPS,8548
8549,443,TCP,HTTPS,8549
8550,443,UDP,IRDMI,8550
8551,993,TCP,NETBIOS,8551
8552,1433,TCP,SSH,8552
8553,587,TCP,RDP,8553
8554,445,TCP,SSH,8554
8555,10001,UDP,SSH,8555
8556,3689,UDP,VNC,8556
8557,10001,TCP,EMS,8557
8558,587,UDP,HTTP,8558
8559,8080,UDP,PGSQL,8559
8560,21,UDP,MSSQL,8560
8561,9100,UDP,MDS,8561
8562,445,UDP,HTTPS,8562
8563,5061,TCP,XMPP,8563
8564,587,UDP,XMPP,8564
8565,138,TCP,MSSQL,8565
8566,22,TCP,HTTP,8566
8567,5432,UDP,FTP,8567
8568,161,TCP,XMPP,8568
8569,161,UDP,VNC,8569
8570,8080,UDP,XMPP,8570
8571,138,TCP,HPSERVICE,8571
8572,8000,TCP,SSH,8572
8573,500,TCP,RDP,8573
8574,443,TCP,UBIQUITY,8574
8575,9100,UDP,MDS,8575
8576,53,TCP,SNMP,8576
8577,53,UDP,DNS,8577
8578,5432,UDP,MSSQL,8578
8579,443,TCP,SNMP,8579
8580,5222,UDP,EMS,8580
8581,443,UDP,ICAP,8581
8582,500,TCP,PGSQL,8582
8583,1344,TCP,UBIQUITY,8583
8584,587,UDP,IRDMI,8584
8585,137,TCP,MDS,8585
8586,10051,TCP,VNC,8586
8587,1344,TCP,EMS,8587
8588,3389,UDP,PGSQL,8588
8589,1344,TCP,TELNET,8589
8590,1344,UDP,ICAP,8590
8591,5222,TCP,FTP,8591
8592,5222,TCP,NETBIOS,8592
8593,500,TCP,RDP,8593
8594,443,TCP,HTTPS,8594
8595,161,UDP,UBIQUITY,8595
8596,21,TCP,IMAP4,8596
8597,10001,TCP,MDS,8597
8598,8000,TCP,MSSQL,8598
8599,443,TCP,HTTPS,8599
8600,587,TCP,PGSQL,8600
8601,22,UDP,VNC,8601
8602,443,TCP,HTTPS,8602
8603,161,TCP,XMPP,8603
8604,23,TCP,VNC,8604
8605,1433,TCP,ISAKMP,8605
8606,993,UDP,TELNET,8606
8607,5432,UDP,RDP,8607
8608,443,TCP,HTTPS,8608
8609,23,TCP,HPSERVICE,8609
8610,5900,UDP,NETBIOS,8610
8611,443,TCP,HTTPS,8611
8612,500,TCP,HTTPS,8612
8613,53,UDP,DNS,8613
8614,21,TCP,FTP,8614
8615,1344,UDP,SSH,8615
8616,5432,TCP,DAAPD,8616
8617,80,TCP,HPSERVICE,8617
8618,161,TCP,TELNET,8618
8619,5900,UDP,SSH,8619
8620,443,TCP,HTTPS,8620
8621,21,TCP,FTP,8621
8622,500,UDP,SNMP,8622
8623,80,TCP,FTP,8623
8624,8080,TCP,ACMSODA,8624
8625,53,UDP,XMPP,8625
8626,445,UDP,UBIQUITY,8626
8627,443,TCP,HTTPS,8627
8628,5060,UDP,HTTPS,8628
8629,21,TCP,VNC,8629
8630,500,UDP,DAAPD,8630
8631,5060,TCP,ACMSODA,8631
8632,161,UDP,PGSQL,8632
8633,10001,TCP,ZABBIX,8633
8634,22,TCP,VNC,8634
8635,10001,UDP,HTTP,8635
8636,5060,UDP,RDP,8636
8637,10001,TCP,HPSERVICE,8637
8638,53,UDP,DNS,8638
8639,8080,TCP,ZABBIX,8639
8640,138,UDP,IRDMI,8640
8641,5222,UDP,ICAP,8641
8642,53,UDP,DNS,8642
8643,3689,UDP,SNMP,8643
8644,445,TCP,HPSERVICE,8644
8645,445,UDP,HTTP,8645
8646,5061,UDP,TELNET,8646
8647,1433,TCP,EMS,8647
8648,587,TCP,ACMSODA,8648
8649,8080,UDP,TELNET,8649
8650,53,UDP,DNS,8650
8651,8080,UDP,MSSQL,8651
8652,10001,UDP,SSH,8652
8653,443,TCP,HTTPS,8653
8654,443,TCP,DNS,8654
8655,587,TCP,RDP,8655
8656,3389,TCP,MSSQL,8656
8657,9100,TCP,SNMP,8657
8658,5900,TCP,MDS,8658
8659,80,TCP,DAAPD,8659
8660,21,TCP,FTP,8660
8661,1433,UDP,ACMSODA,8661
8662,500,UDP,RDP,8662
8663,22,UDP,ACMSODA,8663
8664,445,TCP,EMS,8664
8665,993,TCP,SNMP,8665
8666,8000,TCP,ICAP,8666
8667,6969,TCP,ISAKMP,8667
8668,138,UDP,MDS,8668
8669,443,TCP,UBIQUITY,8669
8670,5222,TCP,TELNET,8670
8671,5432,UDP,ISAKMP,8671
8672,10051,UDP,VNC,8672
8673,443,TCP,HTTPS,8673
8674,5432,TCP,RDP,8674
8675,21,UDP,SIP,8675
8676,21,UDP,FTP,8676
8677,10001,UDP,SSH,8677
8678,5432,TCP,HTTPS,8678
8679,161,TCP,RDP,8679
8680,443,UDP,ACMSODA,8680
8681,6969,TCP,IMAP4,8681
8682,1433,TCP,ISAKMP,8682
8683,23,UDP,ICAP,8683
8684,6969,UDP,DAAPD,8684
8685,80,UDP,HTTP,8685
8686,161,UDP,PGSQL,8686
8687,443,TCP,HTTPS,8687
8688,3689,UDP,UBIQUITY,8688
8689,5060,TCP,ICAP,8689
8690,21,TCP,IRDMI,8690
8691,3689,UDP,HTTP,8691
8692,993,TCP,HTTP,8692
8693,23,UDP,IRDMI,8693
8694,443,UDP,MDS,8694
8695,21,UDP,MSSQL,8695
8696,5061,TCP,RDP,8696
8697,993,TCP,IMAP4,8697
8698,5061,UDP,HTTPS,8698
8699,23,UDP,SIP,8699
8700,443,TCP,HTTPS,8700
8701,80,UDP,HTTP,8701
8702,445,UDP,DNS,8702
8703,23,TCP,HPSERVICE,8703
8704,1433,TCP,VNC,8704
8705,443,UDP,ISAKMP,8705
8706,21,UDP,RDP,8706
8707,21,UDP,SIP,8707
8708,21,TCP,IMAP4,8708
8709,1344,TCP,EMS,8709
8710,21,TCP,NETBIOS,8710
8711,993,UDP,PGSQL,8711
8712,9100,TCP,SNMP,8712
8713,443,TCP,HTTPS,8713
8714,53,UDP,DNS,8714
8715,10051,UDP,VNC,8715
8716,22,UDP,VNC,8716
8717,161,UDP,FTP,8717
8718,587,UDP,ISAKMP,8718
8719,137,TCP,HTTPS,8719
8720,9100,TCP,VNC,8720
8721,53,UDP,DNS,8721
8722,3389,TCP,HTTPS,8722
8723,8000,UDP,HPSERVICE,8723
8724,443,TCP,UBIQUITY,8724
8725,5061,TCP,VNC,8725
8726,443,TCP,HTTPS,8726
8727,5432,UDP,MSSQL,8727
8728,23,TCP,HPSERVICE,8728
8729,500,UDP,XMPP,8729
8730,10001,UDP,ZABBIX,8730
8731,443,TCP,HTTPS,8731
8732,3128,TCP,SNMP,8732
8733,5432,TCP,PGSQL,8733
8734,161,TCP,DAAPD,8734
8735,445,UDP,IMAP4,8735
8736,80,UDP,ZABBIX,8736
8737,80,TCP,HTTP,8737
8738,53,UDP,XMPP,8738
8739,5222,TCP,ICAP,8739
8740,5900,UDP,SIP,8740
8741,21,TCP,FTP,8741
8742,1344,UDP,SSH,8742
8743,6969,TCP,DNS,8743
8744,500,TCP,IMAP4,8744
8745,5432,UDP,IMAP4,8745
8746,443,TCP,HTTPS,8746
8747,5900,UDP,UBIQUITY,8747
8748,1344,TCP,NETBIOS,8748
8749,443,TCP,HTTPS,8749
8750,161,TCP,IRDMI,8750
8751,53,UDP,NETBIOS,8751
8752,10001,UDP,PGSQL,8752
8753,137,UDP,XMPP,8753
8754,445,TCP,SSH,8754
8755,5061,UDP,PGSQL,8755
8756,587,UDP,HPSERVICE,8756
8757,993,UDP,HPSERVICE,8757
8758,3389,TCP,MSSQL,8758
8759,3128,UDP,SNMP,8759
8760,1433,UDP,EMS,8760
8761,5222,UDP,ZABBIX,8761
8762,23,UDP,MDS,8762
8763,443,TCP,HTTPS,8763
8764,5060,TCP,NETBIOS,8764
8765,80,UDP,ZABBIX,8765
8766,1344,UDP,SSH,8766
8767,3128,UDP,ICAP,8767
8768,993,UDP,RDP,8768
8769,1433,TCP,VNC,8769
8770,161,UDP,PGSQL,8770
8771,500,UDP,DAAPD,8771
8772,5432,UDP,IMAP4,8772
8773,5222,UDP,MDS,8773
8774,500,TCP,PGSQL,8774
8775,5432,UDP,DNS,8775
8776,443,TCP,UBIQUITY,8776
8777,21,UDP,ICAP,8777
8778,445,TCP,MDS,8778
8779,5432,TCP,PGSQL,8779
8780,21,UDP,SIP,8780
8781,53,UDP,NETBIOS,8781
8782,21,TCP,VNC,8782
8783,1344,UDP,DAAPD,8783
8784,138,TCP,ICAP,8784
8785,21,UDP,RDP,8785
8786,5432,UDP,MSSQL,8786
8787,443,TCP,HTTPS,8787
8788,3389,TCP,MSSQL,8788
8789,3128,UDP,MSSQL,8789
8790,6969,UDP,RDP,8790
8791,993,TCP,NETBIOS,8791
8792,138,UDP,UBIQUITY,8792
8793,21,UDP,RDP,8793
8794,53,TCP,SNMP,8794
8795,5432,UDP,ACMSODA,8795
8796,3389,TCP,IMAP4,8796
8797,443,TCP,HTTPS,8797
8798,500,UDP,DAAPD,8798
8799,3128,UDP,ZABBIX,8799
8800,3128,UDP,ICAP,8800
8801,5060,UDP,PGSQL,8801
8802,587,UDP,IRDMI,8802
8803,1433,TCP,DAAPD,8803
8804,21,UDP,ACMSODA,8804
8805,3689,TCP,HTTP,8805
8806,80,UDP,ZABBIX,8806
8807,23,UDP,FTP,8807
8808,10051,TCP,ISAKMP,8808
8809,161,TCP,DAAPD,8809
8810,3389,TCP,MSSQL,8810
8811,3128,UDP,ICAP,8811
8812,445,TCP,TELNET,8812
8813,10001,TCP,EMS,8813
8814,8080,UDP,SSH,8814
8815,138,UDP,IRDMI,8815
8816,3389,TCP,IMAP4,8816
8817,1433,UDP,ACMSODA,8817
8818,5432,UDP,RDP,8818
8819,443,TCP,HTTPS,8819
8820,21,TCP,DAAPD,8820
8821,23,UDP,SIP,8821
8822,10051,UDP,SIP,8822
8823,993,UDP,TELNET,8823
8824,53,UDP,XMPP,8824
8825,443,TCP,HTTPS,8825
8826,1433,TCP,PGSQL,8826
8827,23,UDP,IRDMI,8827
8828,443,TCP,HTTPS,8828
8829,443,TCP,HTTPS,8829
8830,53,UDP,DNS,8830
8831,10001,TCP,ZABBIX,8831
8832,8080,TCP,ACMSODA,8832
8833,21,UDP,RDP,8833
8834,3128,UDP,ICAP,8834
8835,53,UDP,DNS,8835
8836,137,TCP,XMPP,8836
8837,138,TCP,ICAP,8837
8838,443,TCP,UBIQUITY,8838
8839,5060,UDP,MDS,8839
8840,5222,UDP,RDP,8840
8841,443,TCP,VNC,8841
8842,80,TCP,HTTP,8842
8843,53,UDP,DNS,8843
8844,5900,UDP,SIP,8844
8845,80,TCP,HTTP,8845
8846,1344,TCP,NETBIOS,8846
8847,443,TCP,HTTPS,8847
8848,21,TCP,FTP,8848
8849,587,TCP,ZABBIX,8849
8850,443,TCP,HTTPS,8850
8851,53,UDP,ISAKMP,8851
8852,443,UDP,HTTPS,8852
8853,161,UDP,PGSQL,8853
8854,80,UDP,ZABBIX,8854
8855,443,TCP,HTTPS,8855
8856,138,TCP,ISAKMP,8856
8857,3128,TCP,SNMP,8857
8858,443,TCP,HTTPS,8858
8859,3389,UDP,SNMP,8859
8860,21,TCP,FTP,8860
8861,993,TCP,NETBIOS,8861
8862,500,TCP,PGSQL,8862
8863,23,UDP,SIP,8863
8864,1344,TCP,TELNET,8864
8865,3128,TCP,HTTP,8865
8866,500,UDP,XMPP,8866
8867,443,TCP,HTTPS,8867
8868,8080,UDP,SNMP,8868
8869,21,TCP,FTP,8869
8870,138,UDP,ZABBIX,8870
8871,3689,UDP,MSSQL,8871
8872,80,UDP,SIP,8872
8873,587,TCP,RDP,8873
8874,1344,UDP,HTTPS,8874
8875,21,TCP,FTP,8875
8876,9100,UDP,MDS,8876
8877,9100,UDP,ACMSODA,8877
8878,5222,TCP,EMS,8878
8879,23,TCP,HPSERVICE,8879
8880,5432,UDP,ISAKMP,8880
8881,138,TCP,IRDMI,8881
8882,80,TCP,HTTP,8882
8883,443,TCP,HTTPS,8883
8884,22,UDP,VNC,8884
8885,53,UDP,DNS,8885
8886,10051,TCP,UBIQUITY,8886
8887,445,TCP,MDS,8887
8888,10001,TCP,EMS,8888
8889,443,TCP,HTTPS,8889
8890,53,UDP,XMPP,8890
8891,8080,UDP,HTTP,8891
8892,5432,UDP,NETBIOS,8892
8893,5432,UDP,MSSQL,8893
8894,445,UDP,MDS,8894
8895,8080,TCP,FTP,8895
8896,443,UDP,HTTPS,8896
8897,21,TCP,DAAPD,8897
8898,53,UDP,XMPP,8898
8899,10051,UDP,SSH,8899
8900,1433,UDP,ACMSODA,8900
8901,3128,TCP,HTTP,8901
8902,5061,TCP,XMPP,8902
8903,80,UDP,ZABBIX,8903
8904,445,UDP,DNS,8904
8905,443,TCP,HTTPS,8905
8906,80,TCP,FTP,8906
8907,1433,UDP,ACMSODA,8907
8908,22,UDP,SIP,8908
8909,5222,TCP,HTTPS,8909
8910,22,UDP,VNC,8910
8911,8000,TCP,UBIQUITY,8911
8912,587,TCP,RDP,8912
8913,137,TCP,MSSQL,8913
8914,8080,UDP,ISAKMP,8914
8915,5222,UDP,ICAP,8915
8916,5060,TCP,MDS,8916
8917,5432,TCP,HPSERVICE,8917
8918,161,TCP,DAAPD,8918
8919,443,TCP,HTTPS,8919
8920,1344,UDP,HTTP,8920
8921,443,TCP,IMAP4,8921
8922,3689,TCP,TELNET,8922
8923,445,UDP,DAAPD,8923
8924,443,TCP,HTTPS,8924
8925,10001,UDP,FTP,8925
8926,5060,TCP,MDS,8926
8927,993,TCP,NETBIOS,8927
8928,9100,TCP,SSH,8928
8929,10001,UDP,FTP,8929
8930,5060,TCP,NETBIOS,8930
8931,3128,TCP,HPSERVICE,8931
8932,5061,TCP,IMAP4,8932
8933,5060,UDP,MDS,8933
8934,8000,TCP,ICAP,8934
8935,443,TCP,HTTPS,8935
8936,21,UDP,XMPP,8936
8937,22,UDP,VNC,8937
8938,5060,TCP,ACMSODA,8938
8939,587,UDP,FTP,8939
8940,443,TCP,RDP,8940
8941,80,TCP,HTTP,8941
8942,53,UDP,DNS,8942
8943,445,UDP,MDS,8943
8944,5222,TCP,NETBIOS,8944
8945,587,TCP,ZABBIX,8945
8946,21,UDP,HTTPS,8946
8947,22,UDP,VNC,8947
8948,5222,TCP,XMPP,8948
8949,500,UDP,VNC,8949
8950,3128,UDP,ICAP,8950
8951,80,TCP,HTTP,8951
8952,137,TCP,HTTPS,8952
8953,23,UDP,FTP,8953
8954,21,UDP,FTP,8954
8955,3128,UDP,IRDMI,8955
8956,5432,TCP,XMPP,8956
8957,5060,UDP,TELNET,8957
8958,10051,UDP,VNC,8958
8959,138,TCP,IRDMI,8959
8960,10001,UDP,SNMP,8960
8961,3689,TCP,HPSERVICE,8961
8962,5060,UDP,MSSQL,8962
8963,9100,TCP,RDP,8963
8964,161,TCP,TELNET,8964
8965,3689,UDP,IRDMI,8965
8966,5061,UDP,TELNET,8966
8967,500,TCP,IMAP4,8967
8968,443,TCP,HTTPS,8968
8969,161,UDP,VNC,8969
8970,5061,TCP,PGSQL,8970
8971,587,UDP,FTP,8971
8972,3689,TCP,ICAP,8972
8973,993,UDP,SNMP,8973
8974,587,TCP,MDS,8974
8975,5900,UDP,TELNET,8975
8976,6969,TCP,HTTPS,8976
8977,500,TCP,ISAKMP,8977
8978,10001,TCP,EMS,8978
8979,443,TCP,HTTPS,8979
8980,5222,TCP,SNMP,8980
8981,5222,TCP,NETBIOS,8981
8982,500,TCP,IMAP4,8982
8983,80,TCP,HTTP,8983
8984,21,UDP,UBIQUITY,8984
8985,10001,UDP,ZABBIX,8985
8986,443,TCP,IMAP4,8986
8987,138,TCP,XMPP,8987
8988,8000,TCP,MSSQL,8988
8989,137,TCP,MSSQL,8989
8990,1344,UDP,SSH,8990
8991,23,TCP,IMAP4,8991
8992,443,TCP,HTTPS,8992
8993,80,UDP,SIP,8993
8994,10051,UDP,ICAP,8994
8995,8080,UDP,ICAP,8995
8996,161,UDP,VNC,8996
8997,443,TCP,HTTPS,8997
8998,5061,UDP,PGSQL,8998
8999,23,UDP,FTP,8999
9000,21,TCP,FTP,9000
9001,53,TCP,SNMP,9001
9002,443,UDP,ISAKMP,9002
9003,443,TCP,HTTPS,9003
9004,993,TCP,RDP,9004
9005,443,TCP,HTTPS,9005
9006,53,UDP,VNC,9006
9007,21,UDP,SIP,9007
9008,137,TCP,HTTPS,9008
9009,500,TCP,IMAP4,9009
9010,5222,UDP,SNMP,9010
9011,23,TCP,VNC,9011
9012,445,TCP,EMS,9012
9013,161,UDP,FTP,9013
9014,5900,UDP,SIP,9014
9015,993,TCP,IMAP4,9015
9016,3389,UDP,SNMP,9016
9017,5432,UDP,DNS,9017
9018,993,TCP,DNS,9018
9019,443,TCP,HTTPS,9019
9020,53,UDP,XMPP,9020
9021,5900,UDP,HTTP,9021
9022,9100,TCP,TELNET,9022
9023,10051,UDP,VNC,9023
9024,3689,UDP,MSSQL,9024
9025,443,TCP,HTTPS,9025
9026,1433,UDP,XMPP,9026
9027,21,TCP,VNC,9027
9028,443,TCP,HTTPS,9028
9029,9100,UDP,MDS,9029
9030,8000,UDP,HTTP,9030
9031,53,UDP,NETBIOS,9031
9032,80,UDP,ZABBIX,9032
9033,1433,TCP,PGSQL,9033
9034,22,TCP,SSH,9034
9035,3128,TCP,HTTP,9035
9036,5432,TCP,SSH,9036
9037,10051,UDP,ICAP,9037
9038,443,TCP,HTTPS,9038
9039,5432,TCP,XMPP,9039
9040,22,TCP,HTTPS,9040
9041,138,UDP,VNC,9041
9042,161,UDP,DNS,9042
9043,161,UDP,VNC,9043
9044,3128,UDP,ICAP,9044
9045,21,UDP,SSH,9045
9046,21,TCP,EMS,9046
9047,1433,TCP,IMAP4,9047
9048,1433,TCP,UBIQUITY,9048
9049,587,UDP,FTP,9049
9050,443,TCP,HTTPS,9050
9051,80,UDP,HTTP,9051
9052,5061,UDP,SNMP,9052
9053,5432,TCP,ACMSODA,9053
9054,80,UDP,XMPP,9054
9055,5900,UDP,ICAP,9055
9056,500,TCP,DNS,9056
9057,443,TCP,HTTPS,9057
9058,1433,TCP,EMS,9058
9059,1344,TCP,UBIQUITY,9059
9060,500,UDP,SNMP,9060
9061,443,UDP,FTP,9061
9062,500,UDP,SNMP,9062
9063,445,TCP,SSH,9063
9064,10051,TCP,ISAKMP,9064
9065,5900,UDP,TELNET,9065
9066,21,TCP,FTP,9066
9067,993,TCP,NETBIOS,9067
9068,138,UDP,IRDMI,9068
9069,6969,TCP,ISAKMP,9069
9070,443,TCP,HTTPS,9070
9071,161,TCP,EMS,9071
9072,22,UDP,ISAKMP,9072
9073,23,UDP,SIP,9073
9074,10001,TCP,UBIQUITY,9074
9075,5432,UDP,MSSQL,9075
9076,5432,UDP,ICAP,9076
9077,137,TCP,RDP,9077
9078,10051,UDP,ACMSODA,9078
9079,6969,TCP,ZABBIX,9079
9080,10001,TCP,IRDMI,9080
9081,500,UDP,DAAPD,9081
9082,161,UDP,SSH,9082
9083,993,TCP,DNS,9083
9084,500,UDP,XMPP,9084
9085,8080,TCP,FTP,9085
9086,6969,UDP,ZABBIX,9086
9087,8080,TCP,ACMSODA,9087
9088,80,TCP,DAAPD,9088
9089,443,TCP,HTTPS,9089
9090,23,TCP,HPSERVICE,9090
9091,6969,TCP,SNMP,9091
9092,500,UDP,XMPP,9092
9093,3128,UDP,IRDMI,9093
9094,3389,UDP,SNMP,9094
9095,80,TCP,HTTP,9095
9096,587,UDP,ISAKMP,9096
9097,3128,TCP,SNMP,9097
9098,161,UDP,FTP,9098
9099,443,TCP,HTTPS,9099
9100,53,UDP,XMPP,9100
9101,443,TCP,HTTPS,9101
9102,23,TCP,VNC,9102
9103,443,UDP,UBIQUITY,9103
9104,8080,UDP,SNMP,9104
9105,161,UDP,PGSQL,9105
9106,22,TCP,ZABBIX,9106
9107,443,TCP,HTTP,9107
9108,443,TCP,HTTPS,9108
9109,443,TCP,HTTPS,9109
9110,23,TCP,HPSERVICE,9110
9111,10001,TCP,MDS,9111
9112,8000,UDP,TELNET,9112
9113,3689,UDP,IRDMI,9113
9114,161,UDP,SIP,9114
9115,23,UDP,MDS,9115
9116,1344,TCP,IMAP4,9116
9117,161,TCP,MSSQL,9117
9118,5060,TCP,MDS,9118
9119,3389,UDP,RDP,9119
9120,5061,UDP,TELNET,9120
9121,1433,TCP,HTTPS,9121
9122,1433,TCP,ISAKMP,9122
9123,3389,TCP,MSSQL,9123
9124,443,TCP,HTTPS,9124
9125,3128,TCP,ACMSODA,9125
9126,161,TCP,DAAPD,9126
9127,5432,UDP,MSSQL,9127
9128,137,TCP,XMPP,9128
9129,53,TCP,MSSQL,9129
9130,443,TCP,HTTPS,9130
9131,3128,UDP,IRDMI,9131
9132,8080,UDP,TELNET,9132
9133,445,TCP,MDS,9133
9134,80,TCP,FTP,9134
9135,500,UDP,DNS,9135
9136,3389,TCP,MSSQL,9136
9137,500,TCP,DNS,9137
9138,993,UDP,MDS,9138
9139,80,TCP,HTTP,9139
9140,5900,UDP,ISAKMP,9140
9141,21,TCP,EMS,9141
9142,5900,UDP,FTP,9142
9143,5432,TCP,DAAPD,9143
9144,5432,UDP,ISAKMP,9144
9145,587,UDP,HTTP,9145
9146,80,TCP,PGSQL,9146
9147,10051,UDP,PGSQL,9147
9148,5432,TCP,DAAPD,9148
9149,53,TCP,MSSQL,9149
9150,500,TCP,HPSERVICE,9150
9151,3128,UDP,SNMP,9151
9152,53,UDP,XMPP,9152
9153,5432,UDP,MSSQL,9153
9154,5061,UDP,SNMP,9154
9155,3689,UDP,HTTP,9155
9156,3689,UDP,SNMP,9156
9157,5061,UDP,TELNET,9157
9158,5060,UDP,SSH,9158
9159,8080,UDP,TELNET,9159
9160,443,TCP,HTTPS,9160
9161,5061,UDP,SNMP,9161
9162,21,TCP,FTP,9162
9163,1344,TCP,TELNET,9163
9164,5222,TCP,EMS,9164
9165,5432,UDP,MSSQL,9165
9166,5900,UDP,NETBIOS,9166
9167,5900,UDP,SSH,9167
9168,5432,UDP,MSSQL,9168
9169,5060,TCP,HTTPS,9169
9170,500,TCP,PGSQL,9170
9171,1344,UDP,UBIQUITY,9171
9172,80,TCP,HTTP,9172
9173,161,TCP,IRDMI,9173
9174,443,TCP,HTTPS,9174
9175,3128,UDP,ICAP,9175
9176,3689,TCP,ACMSODA,9176
9177,21,UDP,SIP,9177
9178,80,TCP,HTTP,9178
9179,21,UDP,ISAKMP,9179
9180,80,TCP,HTTP,9180
9181,443,TCP,HTTPS,9181
9182,993,UDP,TELNET,9182
9183,10001,UDP,PGSQL,9183
9184,8080,TCP,HTTP,9184
9185,1433,UDP,XMPP,9185
9186,500,UDP,TELNET,9186
9187,443,TCP,HTTPS,9187
9188,5900,UDP,SIP,9188
9189,21,UDP,RDP,9189
9190,8080,UDP,HPSERVICE,9190
9191,8000,TCP,ICAP,9191
9192,161,UDP,PGSQL,9192
9193,1344,TCP,NETBIOS,9193
9194,443,TCP,HTTPS,9194
9195,1344,TCP,NETBIOS,9195
9196,1344,UDP,DAAPD,9196
9197,53,UDP,TELNET,9197
9198,80,TCP,HTTP,9198
9199,443,TCP,HTTPS,9199
9200,53,TCP,MSSQL,9200
9201,993,UDP,SNMP,9201
9202,23,UDP,FTP,9202
9203,5061,UDP,SNMP,9203
9204,500,UDP,DAAPD,9204
9205,80,TCP,HPSERVICE,9205
9206,443,TCP,HTTPS,9206
9207,53,UDP,TELNET,9207
9208,443,TCP,HTTPS,9208
9209,80,UDP,DAAPD,9209
9210,3389,UDP,IRDMI,9210
9211,445,UDP,IMAP4,9211
9212,21,TCP,IRDMI,9212
9213,23,TCP,RDP,9213
9214,443,TCP,HTTPS,9214
9215,445,UDP,IMAP4,9215
9216,53,UDP,NETBIOS,9216
9217,993,TCP,NETBIOS,9217
9218,443,TCP,HTTPS,9218
9219,10051,UDP,DNS,9219
9220,5900,TCP,RDP,9220
9221,3689,TCP,SSH,9221
9222,10001,UDP,SSH,9222
9223,443,TCP,HTTPS,9223
9224,1433,TCP,XMPP,9224
9225,445,UDP,DAAPD,9225
9226,1344,UDP,MDS,9226
9227,10001,TCP,IRDMI,9227
9228,587,UDP,HPSERVICE,9228
9229,443,TCP,HTTPS,9229
9230,5900,TCP,EMS,9230
9231,3389,UDP,IRDMI,9231
9232,8080,TCP,ZABBIX,9232
9233,161,TCP,EMS,9233
9234,443,TCP,HTTPS,9234
9235,993,TCP,SSH,9235
9236,443,UDP,MDS,9236
9237,445,TCP,TELNET,9237
9238,1344,TCP,TELNET,9238
9239,1433,TCP,ZABBIX,9239
9240,5432,UDP,VNC,9240
9241,500,UDP,DNS,9241
9242,5432,UDP,ICAP,9242
9243,8000,TCP,UBIQUITY,9243
9244,3128,TCP,SSH,9244
9245,443,TCP,HTTPS,9245
9246,8080,UDP,UBIQUITY,9246
9247,10001,TCP,HPSERVICE,9247
9248,3389,TCP,IRDMI,9248
9249,993,TCP,UBIQUITY,9249
9250,443,TCP,HTTPS,9250
9251,443,TCP,HTTPS,9251
9252,587,TCP,HTTP,9252
9253,5432,UDP,HTTPS,9253
9254,3689,UDP,TELNET,9254
9255,3128,TCP,ACMSODA,9255
9256,23,UDP,TELNET,9256
9257,8080,UDP,ISAKMP,9257
9258,138,UDP,ZABBIX,9258
9259,10001,UDP,PGSQL,9259
9260,443,TCP,IMAP4,9260
9261,587,UDP,IRDMI,9261
9262,443,TCP,HTTPS,9262
9263,10051,UDP,HPSERVICE,9263
9264,5432,UDP,MSSQL,9264
9265,137,TCP,RDP,9265
9266,3128,UDP,ICAP,9266
9267,3689,TCP,HPSERVICE,9267
9268,53,UDP,NETBIOS,9268
9269,443,TCP,HTTPS,9269
9270,138,UDP,IRDMI,9270
9271,5061,UDP,PGSQL,9271
9272,1344,TCP,NETBIOS,9272
9273,3689,TCP,SSH,9273
9274,6969,TCP,HTTPS,9274
9275,500,UDP,XMPP,9275
9276,23,TCP,VNC,9276
9277,6969,TCP,IMAP4,9277
9278,8080,TCP,ACMSODA,9278
9279,8080,TCP,MSSQL,9279
9280,10001,UDP,SSH,9280
9281,21,UDP,SIP,9281
9282,443,TCP,VNC,9282
9283,8000,TCP,SIP,9283
9284,8080,UDP,ICAP,9284
9285,5222,UDP,ACMSODA,9285
9286,5432,UDP,IMAP4,9286
9287,3389,TCP,SSH,9287
9288,8080,UDP,TELNET,9288
9289,3689,TCP,TELNET,9289
9290,500,TCP,IMAP4,9290
9291,8000,TCP,SIP,9291
9292,5222,UDP,SSH,9292
9293,23,TCP,VNC,9293
9294,137,TCP,MSSQL,9294
9295,443,TCP,HTTPS,9295
9296,5432,UDP,MSSQL,9296
9297,80,UDP,XMPP,9297
9298,1344,TCP,SNMP,9298
9299,8080,TCP,ACMSODA,9299
9300,23,UDP,SIP,9300
9301,53,UDP,DNS,9301
9302,8080,UDP,ISAKMP,9302
9303,8000,TCP,SSH,9303
9304,445,TCP,RDP,9304
9305,445,TCP,TELNET,9305
9306,53,UDP,FTP,9306
9307,5900,UDP,DAAPD,9307
9308,6969,UDP,ZABBIX,9308
9309,161,UDP,UBIQUITY,9309
9310,3389,UDP,IRDMI,9310
9311,1433,TCP,ZABBIX,9311
9312,5222,UDP,EMS,9312
9313,993,TCP,PGSQL,9313
9314,5432,UDP,NETBIOS,9314
9315,1344,TCP,IMAP4,9315
9316,8080,UDP,SSH,9316
9317,1344,UDP,ICAP,9317
9318,10001,UDP,FTP,9318
9319,80,TCP,HTTPS,9319
9320,443,UDP,HTTPS,9320
9321,445,UDP,SNMP,9321
9322,5432,TCP,ZABBIX,9322
9323,53,UDP,DNS,9323
9324,5222,TCP,NETBIOS,9324
9325,3389,TCP,MDS,9325
9326,587,UDP,HTTP,9326
9327,80,UDP,ZABBIX,9327
9328,21,UDP,FTP,9328
9329,3128,UDP,MSSQL,9329
9330,993,UDP,FTP,9330
9331,8000,UDP,SIP,9331
9332,3689,TCP,HPSERVICE,9332
9333,993,TCP,HTTP,9333
9334,5061,UDP,PGSQL,9334
9335,5900,UDP,UBIQUITY,9335
9336,161,UDP,SSH,9336
9337,1344,TCP,EMS,9337
9338,993,TCP,UBIQUITY,9338
9339,443,TCP,HTTPS,9339
9340,21,UDP,MSSQL,9340
9341,443,TCP,HTTPS,9341
9342,161,TCP,MSSQL,9342
9343,993,TCP,NETBIOS,9343
9344,22,UDP,ISAKMP,9344
9345,3689,UDP,SSH,9345
9346,443,TCP,UBIQUITY,9346
9347,9100,UDP,IRDMI,9347
9348,3689,TCP,SSH,9348
9349,1433,TCP,VNC,9349
9350,5222,UDP,DNS,9350
9351,53,UDP,NETBIOS,9351
9352,22,TCP,HPSERVICE,9352
9353,500,UDP,DNS,9353
9354,5060,TCP,MDS,9354
9355,10001,UDP,SSH,9355
9356,23,UDP,SIP,9356
9357,22,UDP,NETBIOS,9357
9358,5900,UDP,HTTP,9358
9359,5060,UDP,FTP,9359
9360,53,UDP,ISAKMP,9360
9361,443,TCP,HTTPS,9361
9362,23,UDP,SIP,9362
9363,10001,UDP,RDP,9363
9364,161,TCP,IRDMI,9364
9365,21,TCP,FTP,9365
9366,10051,UDP,ACMSODA,9366
9367,9100,TCP,SSH,9367
9368,5060,TCP,ACMSODA,9368
9369,138,TCP,IRDMI,9369
9370,993,UDP,TELNET,9370
9371,53,UDP,HTTP,9371
9372,137,TCP,HTTPS,9372
9373,53,UDP,DNS,9373
9374,137,TCP,RDP,9374
9375,5060,TCP,IMAP4,9375
9376,3689,TCP,HPSERVICE,9376
9377,443,TCP,HTTPS,9377
9378,587,TCP,EMS,9378
9379,993,UDP,RDP,9379
9380,1433,TCP,PGSQL,9380
9381,21,TCP,EMS,9381
9382,5900,UDP,MDS,9382
9383,5900,UDP,TELNET,9383
9384,1433,TCP,MSSQL,9384
9385,3389,TCP,IMAP4,9385
9386,6969,UDP,ZABBIX,9386
9387,6969,TCP,HTTPS,9387
9388,137,TCP,IRDMI,9388
9389,445,TCP,HPSERVICE,9389
9390,445,UDP,DNS,9390
9391,22,UDP,TELNET,9391
9392,5222,UDP,SSH,9392
9393,500,TCP,FTP,9393
9394,23,TCP,HPSERVICE,9394
9395,10051,UDP,VNC,9395
9396,3389,TCP,SSH,9396
9397,80,TCP,HTTP,9397
9398,443,TCP,HTTPS,9398
9399,500,UDP,SNMP,9399
9400,21,TCP,FTP,9400
9401,443,TCP,RDP,9401
9402,8000,TCP,MSSQL,9402
9403,993,TCP,SSH,9403
9404,161,UDP,SIP,9404
9405,23,UDP,SIP,9405
9406,443,TCP,IMAP4,9406
9407,1344,UDP,SSH,9407
9408,53,UDP,DNS,9408
9409,445,TCP,MDS,9409
9410,445,UDP,DNS,9410
9411,5900,TCP,RDP,9411
9412,443,TCP,HTTPS,9412
9413,5900,UDP,DAAPD,9413
9414,137,TCP,MSSQL,9414
9415,138,TCP,IRDMI,9415
9416,3128,TCP,SNMP,9416
9417,993,TCP,DNS,9417
9418,5432,UDP,DNS,9418
9419,137,TCP,PGSQL,9419
9420,1344,TCP,TELNET,9420
9421,53,UDP,DNS,9421
9422,8000,TCP,ICAP,9422
9423,3128,TCP,SNMP,9423
9424,993,TCP,PGSQL,9424
9425,5432,UDP,ISAKMP,9425
9426,443,TCP,HTTPS,9426
9427,443,TCP,HTTPS,9427
9428,443,TCP,HTTP,9428
9429,587,UDP,FTP,9429
9430,161,TCP,IRDMI,9430
9431,445,UDP,IMAP4,9431
9432,10001,UDP,DAAPD,9432
9433,5900,UDP,HTTP,9433
9434,10051,UDP,ACMSODA,9434
9435,993,TCP,RDP,9435
9436,23,TCP,VNC,9436
9437,445,UDP,HTTPS,9437
9438,21,TCP,FTP,9438
9439,22,TCP,UBIQUITY,9439
9440,80,TCP,HTTP,9440
9441,53,UDP,DNS,9441
9442,5432,UDP,MSSQL,9442
9443,9100,TCP,SNMP,9443
9444,22,UDP,PGSQL,9444
9445,993,UDP,TELNET,9445
9446,8080,UDP,ACMSODA,9446
9447,443,TCP,RDP,9447
9448,5432,TCP,PGSQL,9448
9449,9100,TCP,DNS,9449
9450,5900,TCP,RDP,9450
9451,5900,UDP,NETBIOS,9451
9452,3689,UDP,IMAP4,9452
9453,21,TCP,IMAP4,9453
9454,443,TCP,HTTPS,9454
9455,3689,TCP,HTTP,9455
9456,993,TCP,NETBIOS,9456
9457,993,TCP,DNS,9457
9458,443,TCP,HTTPS,9458
9459,5900,UDP,EMS,9459
9460,161,TCP,IMAP4,9460
9461,993,UDP,RDP,9461
9462,500,UDP,DNS,9462
9463,23,TCP,HPSERVICE,9463
9464,8080,UDP,SNMP,9464
9465,53,UDP,DNS,9465
9466,3689,UDP,SSH,9466
9467,53,UDP,XMPP,9467
9468,161,UDP,FTP,9468
9469,587,UDP,FTP,9469
9470,5060,UDP,NETBIOS,9470
9471,1433,TCP,PGSQL,9471
9472,1433,TCP,PGSQL,9472
9473,53,TCP,MSSQL,9473
9474,443,TCP,HTTPS,9474
9475,5432,TCP,ZABBIX,9475
9476,993,UDP,DAAPD,9476
9477,21,TCP,FTP,9477
9478,8080,TCP,MSSQL,9478
9479,53,UDP,ISAKMP,9479
9480,23,UDP,SIP,9480
9481,5900,UDP,DAAPD,9481
9482,443,TCP,HTTPS,9482
9483,1344,TCP,TELNET,9483
9484,5432,UDP,IMAP4,9484
9485,443,TCP,HTTPS,9485
9486,8080,UDP,SNMP,9486
9487,10001,TCP,MDS,9487
9488,443,TCP,HTTPS,9488
9489,8080,UDP,ISAKMP,9489
9490,5222,UDP,SSH,9490
9491,443,TCP,UBIQUITY,9491
9492,53,UDP,DNS,9492
9493,5060,UDP,FTP,9493
9494,5432,UDP,HTTPS,9494
9495,500,UDP,XMPP,9495
9496,6969,TCP,ACMSODA,9496
9497,1433,TCP,HTTPS,9497
9498,5900,TCP,FTP,9498
9499,500,UDP,DAAPD,9499
9500,443,TCP,HTTPS,9500
9501,1433,UDP,MSSQL,9501
9502,443,TCP,HTTPS,9502
9503,1433,UDP,ACMSODA,9503
9504,161,TCP,HTTPS,9504
9505,22,TCP,HPSERVICE,9505
9506,21,TCP,FTP,9506
9507,443,TCP,HTTPS,9507
9508,443,TCP,UBIQUITY,9508
9509,445,TCP,SSH,9509
9510,443,TCP,HTTPS,9510
9511,5432,TCP,DAAPD,9511
9512,22,TCP,MSSQL,9512
9513,9100,TCP,SNMP,9513
9514,1344,TCP,TELNET,9514
9515,6969,TCP,IMAP4,9515
9516,53,UDP,XMPP,9516
9517,443,UDP,DAAPD,9517
9518,443,UDP,HTTPS,9518
9519,80,UDP,ZABBIX,9519
9520,443,TCP,HTTPS,9520
9521,22,UDP,UBIQUITY,9521
9522,80,UDP,HTTP,9522
9523,10051,TCP,ISAKMP,9523
9524,10051,TCP,EMS,9524
9525,22,UDP,IMAP4,9525
9526,5222,TCP,EMS,9526
9527,21,UDP,ACMSODA,9527
9528,23,TCP,TELNET,9528
9529,22,TCP,VNC,9529
9530,443,TCP,HTTPS,9530
9531,443,TCP,HTTPS,9531
9532,8080,TCP,ACMSODA,9532
9533,53,UDP,ISAKMP,9533
9534,8080,TCP,HTTP,9534
9535,5900,UDP,ICAP,9535
9536,443,TCP,HTTPS,9536
9537,1344,TCP,TELNET,9537
9538,445,UDP,DNS,9538
9539,993,UDP,PGSQL,9539
9540,3389,UDP,IRDMI,9540
9541,993,TCP,DNS,9541
9542,138,TCP,ACMSODA,9542
9543,500,UDP,RDP,9543
9544,8080,UDP,FTP,9544
9545,1344,UDP,ICAP,9545
9546,9100,UDP,ZABBIX,9546
9547,3689,TCP,ICAP,9547
9548,21,UDP,MSSQL,9548
9549,993,TCP,RDP,9549
9550,53,TCP,ACMSODA,9550
9551,22,UDP,TELNET,9551
9552,1433,TCP,VNC,9552
9553,1433,TCP,PGSQL,9553
9554,587,UDP,HTTP,9554
9555,5222,TCP,ICAP,9555
9556,5432,UDP,DNS,9556
9557,3689,UDP,HTTP,9557
9558,443,TCP,HTTPS,9558
9559,443,TCP,HTTPS,9559
9560,993,TCP,RDP,9560
9561,10051,UDP,MSSQL,9561
9562,3389,UDP,SNMP,9562
9563,1433,TCP,UBIQUITY,9563
9564,8080,UDP,SSH,9564
9565,5432,UDP,MSSQL,9565
9566,137,TCP,PGSQL,9566
9567,5432,TCP,DAAPD,9567
9568,993,TCP,SSH,9568
9569,500,TCP,SIP,9569
9570,53,UDP,SSH,9570
9571,443,TCP,HTTPS,9571
9572,6969,UDP,ICAP,9572
9573,587,UDP,EMS,9573
9574,23,TCP,HPSERVICE,9574
9575,138,TCP,IRDMI,9575
9576,161,TCP,DAAPD,9576
9577,443,TCP,HTTPS,9577
9578,1344,TCP,DAAPD,9578
9579,5900,UDP,MDS,9579
9580,443,TCP,HTTPS,9580
9581,3128,UDP,ICAP,9581
9582,445,UDP,IMAP4,9582
9583,443,UDP,ICAP,9583
9584,443,TCP,UBIQUITY,9584
9585,443,TCP,HTTPS,9585
9586,993,TCP,RDP,9586
9587,5061,TCP,PGSQL,9587
9588,23,TCP,VNC,9588
9589,10001,UDP,NETBIOS,9589
9590,53,UDP,DNS,9590
9591,1344,UDP,ICAP,9591
9592,21,TCP,FTP,9592
9593,8080,UDP,TELNET,9593
9594,993,UDP,PGSQL,9594
9595,443,TCP,HTTPS,9595
9596,53,UDP,DNS,9596
9597,5900,UDP,ISAKMP,9597
9598,3689,TCP,SSH,9598
9599,5432,UDP,MSSQL,9599
9600,22,UDP,MSSQL,9600
9601,993,TCP,RDP,9601
9602,500,UDP,XMPP,9602
9603,443,TCP,HTTPS,9603
9604,5061,TCP,PGSQL,9604
9605,53,UDP,DNS,9605
9606,53,UDP,VNC,9606
9607,445,TCP,MDS,9607
9608,80,TCP,HTTP,9608
9609,1344,UDP,MDS,9609
9610,443,TCP,HTTPS,9610
9611,443,UDP,HTTPS,9611
9612,8080,UDP,MSSQL,9612
9613,993,UDP,DAAPD,9613
9614,443,TCP,HTTPS,9614
9615,3128,UDP,VNC,9615
9616,5900,UDP,MSSQL,9616
9617,22,UDP,SIP,9617
9618,8000,UDP,ZABBIX,9618
9619,10051,UDP,MSSQL,9619
9620,10001,UDP,DAAPD,9620
9621,993,TCP,RDP,9621
9622,443,TCP,HTTPS,9622
9623,53,UDP,DNS,9623
9624,1344,UDP,MDS,9624
9625,5061,UDP,HTTP,9625
9626,443,TCP,HTTPS,9626
9627,5060,TCP,MDS,9627
9628,3128,UDP,IRDMI,9628
9629,138,UDP,IMAP4,9629
9630,5432,TCP,DAAPD,9630
9631,3128,UDP,ICAP,9631
9632,10051,UDP,MSSQL,9632
9633,1344,TCP,UBIQUITY,9633
9634,10051,UDP,SSH,9634
9635,3689,TCP,EMS,9635
9636,587,TCP,UBIQUITY,9636
9637,5432,TCP,DAAPD,9637
9638,993,UDP,PGSQL,9638
9639,137,UDP,DNS,9639
9640,3689,TCP,ICAP,9640
9641,5061,UDP,ACMSODA,9641
9642,5900,UDP,MDS,9642
9643,8080,UDP,ISAKMP,9643
9644,1344,TCP,IMAP4,9644
9645,161,UDP,UBIQUITY,9645
9646,443,TCP,IRDMI,9646
9647,587,TCP,ACMSODA,9647
9648,6969,TCP,ACMSODA,9648
9649,443,UDP,HTTPS,9649
9650,993,TCP,RDP,9650
9651,10051,UDP,MSSQL,9651
9652,5432,UDP,HTTPS,9652
9653,445,UDP,DAAPD,9653
9654,21,UDP,ISAKMP,9654
9655,5432,UDP,ACMSODA,9655
9656,5060,TCP,MDS,9656
9657,22,TCP,VNC,9657
9658,10001,UDP,ICAP,9658
9659,443,UDP,ISAKMP,9659
9660,10001,TCP,ZABBIX,9660
9661,500,UDP,RDP,9661
9662,5222,TCP,HTTPS,9662
9663,1433,TCP,UBIQUITY,9663
9664,23,UDP,SIP,9664
9665,587,UDP,HTTP,9665
9666,443,TCP,HTTPS,9666
9667,23,TCP,HPSERVICE,9667
9668,993,UDP,PGSQL,9668
9669,445,TCP,MDS,9669
9670,10001,UDP,ZABBIX,9670
9671,5061,UDP,ACMSODA,9671
9672,3128,UDP,ICAP,9672
9673,138,TCP,RDP,9673
9674,3689,TCP,SIP,9674
9675,10001,TCP,MDS,9675
9676,23,TCP,VNC,9676
9677,53,UDP,DNS,9677
9678,500,TCP,SIP,9678
9679,21,TCP,FTP,9679
9680,5432,UDP,MSSQL,9680
9681,443,TCP,HTTPS,9681
9682,5900,UDP,ICAP,9682
9683,3689,UDP,MDS,9683
9684,23,UDP,FTP,9684
9685,137,TCP,PGSQL,9685
9686,500,UDP,RDP,9686
9687,53,TCP,MSSQL,9687
9688,9100,TCP,FTP,9688
9689,443,TCP,HTTPS,9689
9690,5900,TCP,MSSQL,9690
9691,443,TCP,HTTPS,9691
9692,21,UDP,ACMSODA,9692
9693,6969,TCP,ICAP,9693
9694,443,TCP,HTTPS,9694
9695,1344,TCP,TELNET,9695
9696,443,TCP,HTTPS,9696
9697,22,TCP,PGSQL,9697
9698,443,TCP,HTTPS,9698
9699,21,TCP,FTP,9699
9700,21,TCP,FTP,9700
9701,9100,TCP,RDP,9701
9702,5061,UDP,HTTPS,9702
9703,3128,UDP,ICAP,9703
9704,23,UDP,SIP,9704
9705,5432,UDP,IMAP4,9705
9706,9100,UDP,PGSQL,9706
9707,443,TCP,HTTPS,9707
9708,80,UDP,SNMP,9708
9709,443,TCP,HTTPS,9709
9710,21,UDP,XMPP,9710
9711,161,TCP,IMAP4,9711
9712,443,TCP,IMAP4,9712
9713,21,TCP,HPSERVICE,9713
9714,3128,UDP,SNMP,9714
9715,445,TCP,SSH,9715
9716,6969,TCP,ACMSODA,9716
9717,53,UDP,DNS,9717
9718,10001,UDP,ICAP,9718
9719,993,UDP,TELNET,9719
9720,8080,TCP,ISAKMP,9720
9721,443,UDP,DAAPD,9721
9722,5061,UDP,TELNET,9722
9723,445,UDP,DAAPD,9723
9724,21,UDP,SIP,9724
9725,443,TCP,HTTPS,9725
9726,993,UDP,DAAPD,9726
9727,500,UDP,RDP,9727
9728,3389,TCP,HPSERVICE,9728
9729,5900,TCP,FTP,9729
9730,445,TCP,SSH,9730
9731,443,TCP,HTTPS,9731
9732,138,TCP,SSH,9732
9733,5060,UDP,MSSQL,9733
9734,80,TCP,HTTPS,9734
9735,1344,UDP,MDS,9735
9736,3128,TCP,HPSERVICE,9736
9737,443,UDP,ICAP,9737
9738,8000,TCP,MSSQL,9738
9739,23,TCP,HPSERVICE,9739
9740,1344,UDP,SSH,9740
9741,8080,TCP,ACMSODA,9741
9742,587,UDP,FTP,9742
9743,445,TCP,SSH,9743
9744,443,TCP,HTTPS,9744
9745,8080,UDP,ISAKMP,9745
9746,3689,TCP,ICAP,9746
9747,5060,TCP,IMAP4,9747
9748,138,UDP,HPSERVICE,9748
9749,5432,UDP,ICAP,9749
9750,993,TCP,DNS,9750
9751,21,TCP,HPSERVICE,9751
9752,3389,TCP,MSSQL,9752
9753,5222,TCP,HTTPS,9753
9754,500,UDP,DAAPD,9754
9755,5061,TCP,XMPP,9755
9756,137,TCP,IRDMI,9756
9757,3689,TCP,HPSERVICE,9757
9758,5222,UDP,EMS,9758
9759,23,TCP,VNC,9759
9760,10001,UDP,ICAP,9760
9761,1344,TCP,TELNET,9761
9762,161,TCP,DAAPD,9762
9763,5432,UDP,IMAP4,9763
9764,5900,TCP,MSSQL,9764
9765,500,UDP,DNS,9765
9766,21,TCP,FTP,9766
9767,500,TCP,ICAP,9767
9768,443,TCP,HTTPS,9768
9769,5222,TCP,NETBIOS,9769
9770,80,UDP,SIP,9770
9771,53,UDP,DNS,9771
9772,500,UDP,XMPP,9772
9773,5222,TCP,NETBIOS,9773
9774,137,TCP,ACMSODA,9774
9775,443,TCP,HTTPS,9775
9776,161,UDP,PGSQL,9776
9777,5432,UDP,DNS,9777
9778,53,UDP,FTP,9778
9779,80,TCP,HTTP,9779
9780,53,TCP,XMPP,9780
9781,443,TCP,UBIQUITY,9781
9782,443,TCP,HPSERVICE,9782
9783,80,UDP,NETBIOS,9783
9784,3689,TCP,HTTP,9784
9785,443,TCP,HTTPS,9785
9786,138,UDP,VNC,9786
9787,53,UDP,DNS,9787
9788,8000,UDP,NETBIOS,9788
9789,5222,TCP,XMPP,9789
9790,500,TCP,UBIQUITY,9790
9791,3689,UDP,FTP,9791
9792,445,TCP,IRDMI,9792
9793,5900,UDP,NETBIOS,9793
9794,443,TCP,HTTPS,9794
9795,443,TCP,UBIQUITY,9795
9796,53,UDP,DNS,9796
9797,138,UDP,HPSERVICE,9797
9798,8000,TCP,SIP,9798
9799,22,UDP,TELNET,9799
9800,443,TCP,HTTPS,9800
9801,138,TCP,UBIQUITY,9801
9802,80,TCP,HTTP,9802
9803,1433,TCP,XMPP,9803
9804,10051,UDP,ACMSODA,9804
9805,1344,TCP,TELNET,9805
9806,5432,UDP,ISAKMP,9806
9807,8080,TCP,ACMSODA,9807
9808,443,TCP,HTTPS,9808
9809,10001,UDP,RDP,9809
9810,5061,TCP,ACMSODA,9810
9811,80,TCP,HTTP,9811
9812,443,TCP,HTTPS,9812
9813,161,TCP,DAAPD,9813
9814,5900,TCP,RDP,9814
9815,5900,UDP,MSSQL,9815
9816,5060,UDP,RDP,9816
9817,5060,TCP,HTTP,9817
9818,53,UDP,NETBIOS,9818
9819,8080,TCP,EMS,9819
9820,443,TCP,HTTPS,9820
9821,443,TCP,HTTPS,9821
9822,80,TCP,HPSERVICE,9822
9823,443,TCP,HTTPS,9823
9824,3389,TCP,MDS,9824
9825,5432,UDP,HTTPS,9825
9826,587,UDP,HTTP,9826
9827,3389,UDP,PGSQL,9827
9828,3128,TCP,HPSERVICE,9828
9829,10001,UDP,PGSQL,9829
9830,10051,UDP,MSSQL,9830
9831,5432,UDP,MSSQL,9831
9832,23,TCP,HPSERVICE,9832
9833,443,TCP,HTTPS,9833
9834,3689,TCP,HTTP,9834
9835,443,TCP,IMAP4,9835
9836,137,TCP,ACMSODA,9836
9837,6969,UDP,ZABBIX,9837
9838,10051,UDP,MSSQL,9838
9839,993,TCP,SSH,9839
9840,1433,UDP,XMPP,9840
9841,137,TCP,SSH,9841
9842,80,TCP,HTTP,9842
9843,500,UDP,XMPP,9843
9844,443,TCP,HTTPS,9844
9845,443,TCP,HTTPS,9845
9846,23,TCP,HPSERVICE,9846
9847,500,UDP,SNMP,9847
9848,53,UDP,NETBIOS,9848
9849,5222,UDP,ACMSODA,9849
9850,1344,TCP,EMS,9850
9851,445,TCP,RDP,9851
9852,21,TCP,FTP,9852
9853,5060,TCP,ICAP,9853
9854,80,UDP,EMS,9854
9855,5900,UDP,FTP,9855
9856,53,UDP,DNS,9856
9857,137,TCP,HTTPS,9857
9858,8080,TCP,NETBIOS,9858
9859,6969,TCP,SIP,9859
9860,443,TCP,IMAP4,9860
9861,9100,UDP,MDS,9861
9862,443,TCP,HTTPS,9862
9863,8080,UDP,ISAKMP,9863
9864,443,TCP,HTTPS,9864
9865,3689,TCP,PGSQL,9865
9866,443,TCP,HTTPS,9866
9867,9100,UDP,SSH,9867
9868,10051,UDP,HTTPS,9868
9869,500,UDP,FTP,9869
9870,138,UDP,NETBIOS,9870
9871,1433,TCP,PGSQL,9871
9872,5061,UDP,PGSQL,9872
9873,6969,UDP,RDP,9873
9874,80,TCP,HTTPS,9874
9875,443,TCP,HTTPS,9875
9876,3689,UDP,TELNET,9876
9877,5061,UDP,PGSQL,9877
9878,5432,UDP,HTTPS,9878
9879,1433,TCP,MSSQL,9879
9880,443,TCP,DNS,9880
9881,5060,UDP,RDP,9881
9882,500,UDP,XMPP,9882
9883,443,TCP,HTTPS,9883
9884,10051,TCP,ISAKMP,9884
9885,443,TCP,UBIQUITY,9885
9886,3128,UDP,ICAP,9886
9887,3689,UDP,MDS,9887
9888,53,UDP,FTP,9888
9889,1344,TCP,NETBIOS,9889
9890,443,TCP,UBIQUITY,9890
9891,445,TCP,IRDMI,9891
9892,443,TCP,IMAP4,9892
9893,443,TCP,HTTPS,9893
9894,443,TCP,HTTPS,9894
9895,5432,UDP,VNC,9895
9896,10051,TCP,ISAKMP,9896
9897,21,TCP,EMS,9897
9898,1433,TCP,PGSQL,9898
9899,3689,TCP,SSH,9899
9900,443,TCP,HTTPS,9900
9901,23,TCP,IMAP4,9901
9902,80,TCP,HTTP,9902
9903,5061,TCP,ACMSODA,9903
9904,53,TCP,ACMSODA,9904
9905,587,TCP,SIP,9905
9906,80,UDP,ZABBIX,9906
9907,5222,TCP,ICAP,9907
9908,5060,UDP,TELNET,9908
9909,3689,TCP,SSH,9909
9910,161,UDP,IRDMI,9910
9911,3389,TCP,MSSQL,9911
9912,5061,UDP,HTTPS,9912
9913,80,TCP,HTTP,9913
9914,5061,UDP,TELNET,9914
9915,1433,UDP,ACMSODA,9915
9916,3689,TCP,HTTP,9916
9917,138,TCP,VNC,9917
9918,5432,UDP,ACMSODA,9918
9919,22,TCP,SSH,9919
9920,5060,TCP,ACMSODA,9920
9921,500,TCP,DNS,9921
9922,587,UDP,IRDMI,9922
9923,23,TCP,VNC,9923
9924,1433,UDP,SSH,9924
9925,8080,UDP,FTP,9925
9926,5222,TCP,SNMP,9926
9927,161,UDP,UBIQUITY,9927
9928,80,UDP,ZABBIX,9928
9929,5432,TCP,DAAPD,9929
9930,5060,TCP,NETBIOS,9930
9931,993,UDP,PGSQL,9931
9932,587,UDP,HPSERVICE,9932
9933,500,UDP,DAAPD,9933
9934,443,TCP,VNC,9934
9935,21,TCP,HPSERVICE,9935
9936,23,TCP,HPSERVICE,9936
9937,21,UDP,RDP,9937
9938,1433,UDP,XMPP,9938
9939,21,UDP,RDP,9939
9940,5222,UDP,SSH,9940
9941,443,TCP,HTTPS,9941
9942,9100,TCP,VNC,9942
9943,5432,UDP,IMAP4,9943
9944,21,UDP,ACMSODA,9944
9945,5060,TCP,SIP,9945
9946,5900,UDP,MSSQL,9946
9947,1344,TCP,HPSERVICE,9947
9948,443,UDP,HTTPS,9948
9949,443,TCP,HTTPS,9949
9950,21,TCP,FTP,9950
9951,3389,UDP,ZABBIX,9951
9952,3689,TCP,HPSERVICE,9952
9953,443,TCP,HTTPS,9953
9954,443,TCP,HTTPS,9954
9955,3389,TCP,UBIQUITY,9955
9956,161,UDP,SSH,9956
9957,53,UDP,HTTP,9957
9958,161,UDP,HPSERVICE,9958
9959,53,UDP,XMPP,9959
9960,443,TCP,HTTPS,9960
9961,587,UDP,HPSERVICE,9961
9962,443,TCP,HTTPS,9962
9963,587,TCP,ACMSODA,9963
9964,137,TCP,HTTPS,9964
9965,22,UDP,ISAKMP,9965
9966,445,UDP,IMAP4,9966
9967,53,UDP,TELNET,9967
9968,21,TCP,FTP,9968
9969,10051,UDP,MSSQL,9969
9970,22,UDP,SIP,9970
9971,161,TCP,DAAPD,9971
9972,500,TCP,HTTPS,9972
9973,23,TCP,HPSERVICE,9973
9974,80,UDP,EMS,9974
9975,8080,TCP,ACMSODA,9975
9976,21,UDP,RDP,9976
9977,587,TCP,RDP,9977
9978,23,UDP,FTP,9978
9979,1433,UDP,DAAPD,9979
9980,1433,TCP,EMS,9980
9981,5432,TCP,DAAPD,9981
9982,6969,TCP,IMAP4,9982
9983,22,TCP,HTTP,9983
9984,5900,UDP,HTTP,9984
9985,53,UDP,DNS,9985
9986,5061,TCP,VNC,9986
9987,23,UDP,XMPP,9987
9988,5432,TCP,DAAPD,9988
9989,3689,UDP,SNMP,9989
9990,993,UDP,PGSQL,9990
9991,80,TCP,EMS,9991
9992,443,TCP,HTTPS,9992
9993,138,UDP,ZABBIX,9993
9994,8080,UDP,ISAKMP,9994
9995,1433,TCP,SSH,9995
9996,445,UDP,IMAP4,9996
9997,10001,TCP,MDS,9997
9998,443,TCP,HTTPS,9998
9999,21,UDP,UBIQUITY,9999
10000,23,UDP,SIP,10000
10001,21,UDP,ACMSODA,10001
10002,21,TCP,FTP,10002
10003,21,UDP,SIP,10003
10004,500,UDP,DAAPD,10004
10005,5061,UDP,HTTP,10005
10006,5432,UDP,IMAP4,10006
10007,5060,UDP,MSSQL,10007
10008,5222,TCP,HTTPS,10008
10009,5061,UDP,SNMP,10009
10010,161,TCP,IRDMI,10010
10011,445,UDP,HTTPS,10011
10012,443,TCP,UBIQUITY,10012
10013,22,UDP,SIP,10013
10014,3389,TCP,ACMSODA,10014
10015,5061,UDP,ACMSODA,10015
10016,443,TCP,HTTP,10016
10017,10051,TCP,VNC,10017
10018,3689,UDP,FTP,10018
10019,10001,UDP,SSH,10019
10020,443,TCP,HTTPS,10020
10021,53,UDP,TELNET,10021
10022,443,TCP,HTTPS,10022
10023,10051,UDP,MDS,10023
10024,3689,TCP,ICAP,10024
10025,8080,UDP,TELNET,10025
10026,8000,TCP,ICAP,10026
10027,5061,TCP,FTP,10027
10028,993,UDP,DAAPD,10028
10029,23,TCP,VNC,10029
10030,445,TCP,RDP,10030
10031,445,UDP,DNS,10031
10032,5900,UDP,MDS,10032
10033,993,UDP,SNMP,10033
10034,23,TCP,HPSERVICE,10034
10035,500,UDP,DAAPD,10035
10036,993,UDP,HPSERVICE,10036
10037,5900,TCP,PGSQL,10037
10038,1344,TCP,ISAKMP,10038
10039,443,TCP,HTTPS,10039
10040,3689,UDP,IMAP4,10040
10041,21,TCP,FTP,10041
10042,21,TCP,DAAPD,10042
10043,53,UDP,FTP,10043
10044,5900,UDP,NETBIOS,10044
10045,5061,UDP,TELNET,10045
10046,5432,UDP,ISAKMP,10046
10047,23,TCP,HPSERVICE,10047
10048,443,TCP,HTTPS,10048
10049,8080,UDP,ISAKMP,10049
10050,443,TCP,DAAPD,10050
10051,500,TCP,UBIQUITY,10051
10052,500,UDP,TELNET,10052
10053,443,TCP,HTTPS,10053
10054,161,TCP,DAAPD,10054
10055,3389,TCP,HTTPS,10055
10056,5222,TCP,TELNET,10056
10057,443,TCP,HTTPS,10057
10058,443,UDP,HTTPS,10058
10059,1344,UDP,RDP,10059
10060,21,TCP,EMS,10060
10061,443,TCP,HTTPS,10061
10062,5061,UDP,TELNET,10062
10063,5432,TCP,DAAPD,10063
10064,137,TCP,RDP,10064
10065,500,TCP,IMAP4,10065
10066,8000,TCP,ICAP,10066
10067,138,UDP,VNC,10067
10068,53,UDP,DNS,10068
10069,443,TCP,HTTPS,10069
10070,587,UDP,RDP,10070
10071,8000,TCP,UBIQUITY,10071
10072,443,TCP,HTTPS,10072
10073,22,UDP,SIP,10073
10074,993,UDP,TELNET,10074
10075,8000,TCP,SSH,10075
10076,443,UDP,ACMSODA,10076
10077,1433,TCP,ISAKMP,10077
10078,1344,TCP,TELNET,10078
10079,1344,TCP,TELNET,10079
10080,80,TCP,EMS,10080
10081,5900,TCP,RDP,10081
10082,80,TCP,HTTP,10082
10083,137,TCP,IRDMI,10083
10084,80,TCP,FTP,10084
10085,445,TCP,MDS,10085
10086,3689,UDP,HPSERVICE,10086
10087,53,UDP,DNS,10087
10088,3689,TCP,PGSQL,10088
10089,5061,UDP,SNMP,10089
10090,5060,UDP,NETBIOS,10090
10091,80,UDP,XMPP,10091
10092,80,UDP,ZABBIX,10092
10093,53,UDP,HTTP,10093
10094,993,TCP,NETBIOS,10094
10095,443,TCP,HTTPS,10095
10096,500,UDP,NETBIOS,10096
10097,3689,UDP,MDS,10097
10098,445,TCP,TELNET,10098
10099,500,TCP,PGSQL,10099
10100,22,TCP,VNC,10100
10101,3128,UDP,ZABBIX,10101
10102,21,UDP,VNC,10102
10103,443,TCP,HTTPS,10103
10104,10001,TCP,EMS,10104
10105,1433,UDP,ACMSODA,10105
10106,443,TCP,HTTPS,10106
10107,8080,UDP,TELNET,10107
10108,5061,UDP,SNMP,10108
10109,161,TCP,IRDMI,10109
10110,53,UDP,DNS,10110
10111,21,TCP,EMS,10111
10112,443,TCP,HTTPS,10112
10113,21,TCP,ACMSODA,10113
10114,5060,TCP,HTTPS,10114
10115,6969,UDP,DNS,10115
10116,6969,TCP,ZABBIX,10116
10117,8000,TCP,MSSQL,10117
10118,5432,UDP,HTTPS,10118
10119,443,UDP,HTTPS,10119
10120,443,TCP,HTTPS,10120
10121,21,TCP,FTP,10121
10122,587,TCP,ACMSODA,10122
10123,137,UDP,VNC,10123
10124,53,UDP,NETBIOS,10124
10125,443,TCP,HTTPS,10125
10126,53,UDP,DNS,10126
10127,1344,TCP,UBIQUITY,10127
10128,3128,TCP,UBIQUITY,10128
10129,5060,TCP,MDS,10129
10130,3689,TCP,HPSERVICE,10130
10131,500,TCP,UBIQUITY,10131
10132,1344,TCP,UBIQUITY,10132
10133,80,UDP,ZABBIX,10133
10134,138,UDP,NETBIOS,10134
10135,5060,TCP,IMAP4,10135
10136,1344,TCP,UBIQUITY,10136
10137,5061,UDP,TELNET,10137
10138,10001,UDP,SNMP,10138
10139,22,UDP,TELNET,10139
10140,3389,UDP,RDP,10140
10141,5222,TCP,EMS,10141
10142,5222,TCP,EMS,10142
10143,5432,UDP,HTTPS,10143
10144,5900,TCP,PGSQL,10144
10145,8000,TCP,UBIQUITY,10145
10146,443,TCP,HTTPS,10146
10147,21,TCP,FTP,10147
10148,9100,UDP,DAAPD,10148
10149,443,TCP,HTTPS,10149
10150,8000,UDP,NETBIOS,10150
10151,10051,UDP,ACMSODA,10151
10152,8000,TCP,MSSQL,10152
10153,445,UDP,DNS,10153
10154,5222,UDP,SSH,10154
10155,21,TCP,FTP,10155
10156,3128,TCP,HTTP,10156
10157,3689,TCP,PGSQL,10157
10158,445,UDP,IMAP4,10158
10159,23,TCP,HPSERVICE,10159
10160,5432,UDP,MSSQL,10160
10161,3689,UDP,HPSERVICE,10161
10162,5900,UDP,MSSQL,10162
10163,5432,UDP,ISAKMP,10163
10164,5900,TCP,MSSQL,10164
10165,1433,UDP,ZABBIX,10165
10166,21,TCP,IMAP4,10166
10167,443,TCP,HTTPS,10167
10168,138,TCP,ACMSODA,10168
10169,587,UDP,HTTP,10169
10170,5060,TCP,HPSERVICE,10170
10171,500,UDP,XMPP,10171
10172,5900,TCP,FTP,10172
10173,8000,TCP,SSH,10173
10174,22,UDP,UBIQUITY,10174
10175,80,TCP,HTTP,10175
10176,3689,TCP,HPSERVICE,10176
10177,138,TCP,SSH,10177
10178,5900,UDP,EMS,10178
10179,443,TCP,HTTPS,10179
10180,9100,TCP,SSH,10180
10181,443,TCP,HTTPS,10181
10182,443,UDP,DAAPD,10182
10183,5900,UDP,DAAPD,10183
10184,500,UDP,XMPP,10184
10185,5432,UDP,MSSQL,10185
10186,1433,UDP,EMS,10186
10187,5060,UDP,RDP,10187
10188,8080,UDP,ISAKMP,10188
10189,8080,UDP,SNMP,10189
10190,445,UDP,DNS,10190
10191,10001,TCP,MDS,10191
10192,1344,TCP,TELNET,10192
10193,23,TCP,VNC,10193
10194,1433,TCP,DAAPD,10194
10195,500,UDP,DNS,10195
10196,23,UDP,MDS,10196
10197,5061,TCP,IMAP4,10197
10198,443,TCP,HTTPS,10198
10199,993,UDP,PGSQL,10199
10200,8000,UDP,HPSERVICE,10200
10201,5222,TCP,ICAP,10201
10202,500,UDP,DNS,10202
10203,443,TCP,HTTPS,10203
10204,23,TCP,EMS,10204
10205,1344,UDP,ICAP,10205
10206,5432,UDP,RDP,10206
10207,1433,TCP,EMS,10207
10208,445,TCP,EMS,10208
10209,10051,UDP,VNC,10209
10210,443,TCP,HTTPS,10210
10211,6969,TCP,IMAP4,10211
10212,1344,UDP,RDP,10212
10213,8000,TCP,SSH,10213
10214,8080,UDP,ACMSODA,10214
10215,5060,UDP,EMS,10215
10216,10051,TCP,ZABBIX,10216
10217,137,UDP,HTTPS,10217
10218,587,TCP,TELNET,10218
10219,8000,TCP,MSSQL,10219
10220,443,TCP,HTTPS,10220
10221,161,TCP,RDP,10221
10222,80,UDP,HTTP,10222
10223,10051,TCP,SIP,10223
10224,1433,TCP,IMAP4,10224
10225,3689,TCP,ICAP,10225
10226,53,UDP,DNS,10226
10227,443,TCP,HTTPS,10227
10228,5432,UDP,DNS,10228
10229,161,UDP,TELNET,10229
10230,10001,UDP,SSH,10230
10231,5432,UDP,DNS,10231
10232,53,UDP,ZABBIX,10232
10233,138,TCP,ACMSODA,10233
10234,80,TCP,PGSQL,10234
10235,443,UDP,HTTPS,10235
10236,22,UDP,ISAKMP,10236
10237,23,TCP,VNC,10237
10238,23,UDP,MDS,10238
10239,10001,UDP,ICAP,10239
10240,443,TCP,HTTPS,10240
10241,445,UDP,DAAPD,10241
10242,3128,UDP,SNMP,10242
10243,3128,UDP,HPSERVICE,10243
10244,80,TCP,FTP,10244
10245,443,UDP,MDS,10245
10246,5900,UDP,NETBIOS,10246
10247,445,UDP,HTTPS,10247
10248,21,UDP,MSSQL,10248
10249,443,TCP,HTTP,10249
10250,5060,UDP,DAAPD,10250
10251,3389,UDP,SNMP,10251
10252,1344,UDP,TELNET,10252
10253,3128,TCP,HPSERVICE,10253
10254,9100,TCP,SSH,10254
10255,10051,UDP,HPSERVICE,10255
10256,161,UDP,SIP,10256
10257,445,UDP,DNS,10257
10258,993,TCP,DNS,10258
10259,443,TCP,HTTPS,10259
10260,500,TCP,PGSQL,10260
10261,3689,UDP,TELNET,10261
10262,445,TCP,EMS,10262
10263,5900,UDP,FTP,10263
10264,6969,TCP,HTTPS,10264
10265,137,TCP,HTTPS,10265
10266,3128,TCP,HTTP,10266
10267,8000,UDP,HTTP,10267
10268,161,UDP,UBIQUITY,10268
10269,5432,UDP,ACMSODA,10269
10270,500,TCP,IMAP4,10270
10271,443,TCP,HTTPS,10271
10272,21,UDP,XMPP,10272
10273,21,UDP,ACMSODA,10273
10274,443,TCP,HTTPS,10274
10275,161,TCP,TELNET,10275
10276,500,TCP,PGSQL,10276
10277,3689,UDP,FTP,10277
10278,23,UDP,MDS,10278
10279,5900,UDP,HTTP,10279
10280,1344,TCP,TELNET,10280
10281,5432,TCP,XMPP,10281
10282,587,UDP,FTP,10282
10283,993,UDP,PGSQL,10283
10284,80,TCP,EMS,10284
10285,161,TCP,DAAPD,10285
10286,443,TCP,HTTPS,10286
10287,23,TCP,HPSERVICE,10287
10288,80,TCP,FTP,10288
10289,5060,TCP,ACMSODA,10289
10290,993,TCP,PGSQL,10290
10291,1344,TCP,UBIQUITY,10291
10292,993,TCP,NETBIOS,10292
10293,3689,UDP,UBIQUITY,10293
10294,443,TCP,HTTPS,10294
10295,6969,UDP,DAAPD,10295
10296,500,TCP,DNS,10296
10297,587,UDP,HTTP,10297
10298,6969,UDP,HTTP,10298
10299,443,TCP,HTTPS,10299
10300,9100,UDP,IRDMI,10300
10301,5432,UDP,ACMSODA,10301
10302,587,UDP,IRDMI,10302
10303,443,TCP,HTTPS,10303
10304,1433,TCP,HTTPS,10304
10305,993,UDP,PGSQL,10305
10306,1344,UDP,DAAPD,10306
10307,5432,TCP,HPSERVICE,10307
10308,21,TCP,EMS,10308
10309,443,TCP,HTTPS,10309
10310,8080,TCP,ACMSODA,10310
10311,443,TCP,HTTPS,10311
10312,993,UDP,PGSQL,10312
10313,500,UDP,DAAPD,10313
10314,10001,UDP,HTTP,10314
10315,443,TCP,HTTPS,10315
10316,5060,UDP,TELNET,10316
10317,3128,UDP,ICAP,10317
10318,3689,TCP,PGSQL,10318
10319,443,TCP,HTTPS,10319
10320,443,TCP,HTTPS,10320
10321,10001,UDP,FTP,10321
10322,53,UDP,DNS,10322
10323,500,UDP,DNS,10323
10324,23,UDP,SIP,10324
10325,443,TCP,UBIQUITY,10325
10326,137,TCP,HTTPS,10326
10327,993,UDP,PGSQL,10327
10328,23,TCP,DNS,10328
10329,3689,UDP,UBIQUITY,10329
10330,443,TCP,UBIQUITY,10330
10331,21,UDP,VNC,10331
10332,10001,UDP,RDP,10332
10333,1433,UDP,ACMSODA,10333
10334,5222,TCP,XMPP,10334
10335,138,UDP,NETBIOS,10335
10336,80,UDP,ZABBIX,10336
10337,445,TCP,PGSQL,10337
10338,161,UDP,FTP,10338
10339,6969,UDP,SNMP,10339
10340,53,UDP,DNS,10340
10341,53,UDP,DNS,10341
10342,5061,UDP,TELNET,10342
10343,22,TCP,ZABBIX,10343
10344,53,UDP,DNS,10344
10345,3128,UDP,IRDMI,10345
10346,137,TCP,HTTPS,10346
10347,53,UDP,DNS,10347
10348,5061,TCP,ACMSODA,10348
10349,443,TCP,HTTPS,10349
10350,445,TCP,RDP,10350
10351,5432,UDP,IMAP4,10351
10352,443,TCP,HTTPS,10352
10353,3689,TCP,PGSQL,10353
10354,138,TCP,IRDMI,10354
10355,993,UDP,RDP,10355
10356,500,TCP,DNS,10356
10357,3128,UDP,SNMP,10357
10358,137,TCP,IRDMI,10358
10359,5060,TCP,NETBIOS,10359
10360,5222,TCP,EMS,10360
10361,23,TCP,HPSERVICE,10361
10362,3689,TCP,PGSQL,10362
10363,80,UDP,ZABBIX,10363
10364,1433,TCP,EMS,10364
10365,443,TCP,HTTPS,10365
10366,5900,UDP,TELNET,10366
10367,443,TCP,HTTPS,10367
10368,137,TCP,XMPP,10368
10369,23,UDP,MDS,10369
10370,443,TCP,HTTPS,10370
10371,8080,UDP,FTP,10371
10372,10051,UDP,ISAKMP,10372
10373,21,UDP,XMPP,10373
10374,1433,TCP,DNS,10374
10375,443,TCP,UBIQUITY,10375
10376,443,TCP,HTTPS,10376
10377,443,TCP,HTTPS,10377
10378,1344,UDP,MDS,10378
10379,8000,TCP,UBIQUITY,10379
10380,161,UDP,UBIQUITY,10380
10381,443,TCP,HTTPS,10381
10382,5060,TCP,ICAP,10382
10383,80,TCP,HTTP,10383
10384,500,TCP,SSH,10384
10385,993,TCP,RDP,10385
10386,23,TCP,EMS,10386
10387,22,TCP,SSH,10387
10388,5432,UDP,DNS,10388
10389,443,TCP,HTTPS,10389
10390,500,TCP,PGSQL,10390
10391,1433,TCP,EMS,10391
10392,443,TCP,HTTPS,10392
10393,993,UDP,DAAPD,10393
10394,443,TCP,HTTPS,10394
10395,1433,TCP,EMS,10395
10396,5222,TCP,EMS,10396
10397,3689,TCP,ICAP,10397
10398,23,UDP,TELNET,10398
10399,5900,TCP,PGSQL,10399
10400,80,UDP,ZABBIX,10400
10401,138,UDP,VNC,10401
10402,9100,TCP,FTP,10402
10403,80,TCP,HTTP,10403
10404,9100,TCP,FTP,10404
10405,1433,TCP,MSSQL,10405
10406,5900,TCP,RDP,10406
10407,161,UDP,UBIQUITY,10407
10408,3689,UDP,UBIQUITY,10408
10409,5222,TCP,XMPP,10409
10410,993,TCP,PGSQL,10410
10411,53,UDP,DNS,10411
10412,8080,UDP,XMPP,10412
10413,9100,TCP,PGSQL,10413
10414,10051,TCP,SIP,10414
10415,5432,TCP,PGSQL,10415
10416,500,TCP,IMAP4,10416
10417,10001,TCP,HPSERVICE,10417
10418,443,TCP,HTTPS,10418
10419,3689,UDP,FTP,10419
10420,443,TCP,HTTPS,10420
10421,993,UDP,TELNET,10421
10422,80,UDP,SNMP,10422
10423,5432,TCP,RDP,10423
10424,10051,UDP,MSSQL,10424
10425,80,UDP,NETBIOS,10425
10426,3389,TCP,IRDMI,10426
10427,993,TCP,RDP,10427
10428,443,TCP,UBIQUITY,10428
10429,137,UDP,UBIQUITY,10429
10430,500,UDP,VNC,10430
10431,3689,TCP,PGSQL,10431
10432,23,TCP,HPSERVICE,10432
10433,1344,UDP,HTTPS,10433
10434,22,TCP,IMAP4,10434
10435,500,TCP,SSH,10435
10436,3128,TCP,SSH,10436
10437,443,TCP,HTTPS,10437
10438,161,UDP,HPSERVICE,10438
10439,587,TCP,RDP,10439
10440,1433,TCP,PGSQL,10440
10441,500,TCP,PGSQL,10441
10442,443,TCP,HTTPS,10442
10443,5222,TCP,HTTPS,10443
10444,161,UDP,UBIQUITY,10444
10445,9100,TCP,SNMP,10445
10446,5432,UDP,ISAKMP,10446
10447,1433,UDP,ZABBIX,10447
10448,10051,TCP,SIP,10448
10449,445,UDP,DNS,10449
10450,1344,UDP,ICAP,10450
10451,80,UDP,XMPP,10451
10452,993,TCP,IMAP4,10452
10453,5432,UDP,ACMSODA,10453
10454,3689,UDP,UBIQUITY,10454
10455,443,TCP,UBIQUITY,10455
10456,1433,UDP,MSSQL,10456
10457,21,TCP,VNC,10457
10458,23,UDP,FTP,10458
10459,6969,TCP,IMAP4,10459
10460,3389,UDP,IRDMI,10460
10461,10051,UDP,PGSQL,10461
10462,8000,TCP,SIP,10462
10463,3128,UDP,ICAP,10463
10464,53,TCP,MSSQL,10464
10465,3689,TCP,HPSERVICE,10465
10466,5060,UDP,SSH,10466
10467,1344,TCP,UBIQUITY,10467
10468,443,TCP,HTTPS,10468
10469,993,UDP,SNMP,10469
10470,21,TCP,EMS,10470
10471,5432,TCP,DAAPD,10471
10472,5900,UDP,MDS,10472
10473,21,TCP,DAAPD,10473
10474,993,TCP,SSH,10474
10475,443,TCP,UBIQUITY,10475
10476,80,UDP,SNMP,10476
10477,10051,TCP,VNC,10477
10478,53,UDP,XMPP,10478
10479,80,TCP,HPSERVICE,10479
10480,10001,TCP,FTP,10480
10481,500,TCP,IMAP4,10481
10482,161,TCP,IMAP4,10482
10483,1433,TCP,XMPP,10483
10484,10051,UDP,SIP,10484
10485,5900,UDP,MDS,10485
10486,993,UDP,RDP,10486
10487,9100,UDP,PGSQL,10487
10488,445,TCP,PGSQL,10488
10489,161,UDP,SSH,10489
10490,138,UDP,MDS,10490
10491,138,UDP,ZABBIX,10491
10492,80,TCP,FTP,10492
10493,6969,UDP,ZABBIX,10493
10494,8080,TCP,MSSQL,10494
10495,443,TCP,HTTPS,10495
10496,445,UDP,DAAPD,10496
10497,137,TCP,HTTPS,10497
10498,8080,TCP,NETBIOS,10498
10499,587,TCP,ACMSODA,10499
10500,443,TCP,HTTPS,10500
10501,5060,TCP,MDS,10501
10502,443,UDP,IRDMI,10502
10503,80,UDP,SNMP,10503
10504,21,UDP,SIP,10504
10505,10051,UDP,ICAP,10505
10506,1433,UDP,ISAKMP,10506
10507,137,TCP,HTTPS,10507
10508,443,TCP,HTTPS,10508
10509,1433,UDP,MSSQL,10509
10510,5900,TCP,MSSQL,10510
10511,443,TCP,HTTPS,10511
10512,80,UDP,ZABBIX,10512
10513,53,UDP,XMPP,10513
10514,1433,UDP,ACMSODA,10514
10515,445,UDP,TELNET,10515
10516,138,TCP,ACMSODA,10516
10517,3389,TCP,NETBIOS,10517
10518,138,TCP,IRDMI,10518
10519,443,UDP,HTTPS,10519
10520,445,UDP,SIP,10520
10521,443,TCP,HTTPS,10521
10522,21,UDP,FTP,10522
10523,10001,UDP,UBIQUITY,10523
10524,138,UDP,NETBIOS,10524
10525,443,TCP,HTTPS,10525
10526,993,UDP,DAAPD,10526
10527,5432,UDP,HTTPS,10527
10528,587,UDP,XMPP,10528
10529,23,TCP,TELNET,10529
10530,443,TCP,HTTPS,10530
10531,3689,UDP,VNC,10531
10532,5060,TCP,NETBIOS,10532
10533,500,UDP,TELNET,10533
10534,138,TCP,UBIQUITY,10534
10535,443,UDP,MDS,10535
10536,5060,UDP,FTP,10536
10537,5900,UDP,SIP,10537
10538,3389,TCP,HTTPS,10538
10539,443,TCP,HTTPS,10539
10540,137,TCP,HTTPS,10540
10541,5060,TCP,HPSERVICE,10541
10542,8080,TCP,MSSQL,10542
10543,5061,TCP,VNC,10543
10544,1344,UDP,HTTP,10544
10545,445,TCP,SSH,10545
10546,445,UDP,HTTP,10546
10547,443,TCP,HTTPS,10547
10548,22,TCP,HTTP,10548
10549,443,TCP,HTTPS,10549
10550,80,UDP,VNC,10550
10551,23,UDP,SIP,10551
10552,21,TCP,MSSQL,10552
10553,1344,UDP,SSH,10553
10554,443,TCP,HTTPS,10554
10555,443,TCP,HTTPS,10555
10556,8080,UDP,IRDMI,10556
10557,3689,TCP,TELNET,10557
10558,587,UDP,ICAP,10558
10559,21,UDP,ICAP,10559
10560,53,TCP,SNMP,10560
10561,500,TCP,PGSQL,10561
10562,5900,UDP,ICAP,10562
10563,3689,UDP,SSH,10563
10564,5432,UDP,ACMSODA,10564
10565,443,TCP,HTTPS,10565
10566,587,UDP,EMS,10566
10567,587,TCP,SIP,10567
10568,21,TCP,FTP,10568
10569,3689,TCP,PGSQL,10569
10570,587,UDP,IRDMI,10570
10571,53,UDP,DNS,10571
10572,9100,TCP,SNMP,10572
10573,1344,TCP,TELNET,10573
10574,6969,UDP,MDS,10574
10575,10001,UDP,SSH,10575
10576,443,TCP,HTTPS,10576
10577,22,TCP,ACMSODA,10577
10578,5900,TCP,MSSQL,10578
10579,21,UDP,MSSQL,10579
10580,6969,TCP,MDS,10580
10581,1344,UDP,UBIQUITY,10581
10582,161,UDP,VNC,10582
10583,993,UDP,SNMP,10583
10584,443,UDP,HTTPS,10584
10585,500,UDP,XMPP,10585
10586,500,TCP,PGSQL,10586
10587,161,TCP,IMAP4,10587
10588,443,TCP,HTTPS,10588
10589,23,TCP,HPSERVICE,10589
10590,8080,TCP,ACMSODA,10590
10591,5060,UDP,FTP,10591
10592,10051,UDP,SIP,10592
10593,500,UDP,ICAP,10593
10594,5900,UDP,FTP,10594
10595,5060,UDP,FTP,10595
10596,443,TCP,HTTPS,10596
10597,8000,UDP,SIP,10597
10598,5900,TCP,EMS,10598
10599,22,UDP,PGSQL,10599
10600,9100,TCP,IRDMI,10600
10601,23,TCP,RDP,10601
10602,443,TCP,UBIQUITY,10602
10603,443,TCP,HTTPS,10603
10604,3389,TCP,NETBIOS,10604
10605,53,UDP,DNS,10605
10606,53,UDP,DNS,10606
10607,137,TCP,HTTPS,10607
10608,10051,UDP,VNC,10608
10609,80,UDP,ZABBIX,10609
10610,5222,UDP,DNS,10610
10611,500,TCP,PGSQL,10611
10612,1344,UDP,SSH,10612
10613,53,UDP,FTP,10613
10614,443,UDP,MDS,10614
10615,5222,UDP,PGSQL,10615
10616,3389,UDP,NETBIOS,10616
10617,10001,UDP,TELNET,10617
10618,53,UDP,HTTP,10618
10619,5060,TCP,SIP,10619
10620,587,TCP,RDP,10620
10621,138,TCP,IRDMI,10621
10622,21,UDP,HTTPS,10622
10623,161,UDP,VNC,10623
10624,445,UDP,IMAP4,10624
10625,5432,UDP,DNS,10625
10626,1433,TCP,XMPP,10626
10627,993,TCP,RDP,10627
10628,8080,UDP,FTP,10628
10629,21,TCP,VNC,10629
10630,80,UDP,VNC,10630
10631,443,TCP,HTTPS,10631
10632,6969,TCP,SIP,10632
10633,21,UDP,HTTPS,10633
10634,587,TCP,ZABBIX,10634
10635,22,TCP,HTTP,10635
10636,443,TCP,HTTPS,10636
10637,21,UDP,HTTPS,10637
10638,443,TCP,HTTPS,10638
10639,5060,UDP,MDS,10639
10640,5900,UDP,NETBIOS,10640
10641,443,TCP,HTTPS,10641
10642,500,UDP,VNC,10642
10643,161,TCP,MSSQL,10643
10644,9100,TCP,MDS,10644
10645,5222,TCP,SNMP,10645
10646,9100,TCP,FTP,10646
10647,443,TCP,HTTPS,10647
10648,1344,TCP,TELNET,10648
10649,5060,UDP,IMAP4,10649
10650,53,TCP,MSSQL,10650
10651,3389,TCP,IRDMI,10651
10652,443,TCP,HTTPS,10652
10653,587,TCP,MDS,10653
10654,21,UDP,FTP,10654
10655,443,TCP,HTTPS,10655
10656,5432,UDP,IMAP4,10656
10657,10001,UDP,DAAPD,10657
10658,3689,TCP,TELNET,10658
10659,443,TCP,HTTPS,10659
10660,443,TCP,HTTPS,10660
10661,3389,TCP,UBIQUITY,10661
10662,1433,TCP,PGSQL,10662
10663,22,TCP,HTTP,10663
10664,500,UDP,XMPP,10664
10665,993,UDP,TELNET,10665
10666,443,UDP,HTTPS,10666
10667,1433,TCP,EMS,10667
10668,137,UDP,SNMP,10668
10669,443,TCP,HTTPS,10669
10670,10001,UDP,RDP,10670
10671,443,TCP,HTTPS,10671
10672,161,UDP,PGSQL,10672
10673,1433,UDP,MSSQL,10673
10674,587,TCP,RDP,10674
10675,993,TCP,SSH,10675
10676,993,TCP,IMAP4,10676
10677,443,UDP,MDS,10677
10678,138,TCP,DNS,10678
10679,23,TCP,HPSERVICE,10679
10680,21,TCP,FTP,10680
10681,3389,UDP,ZABBIX,10681
10682,587,TCP,NETBIOS,10682
10683,6969,UDP,SNMP,10683
10684,443,TCP,HTTPS,10684
10685,5900,UDP,FTP,10685
10686,5061,TCP,VNC,10686
10687,22,UDP,SNMP,10687
10688,1433,TCP,PGSQL,10688
10689,80,TCP,HTTP,10689
10690,445,UDP,DNS,10690
10691,500,UDP,SNMP,10691
10692,5432,TCP,SSH,10692
10693,443,TCP,HTTPS,10693
10694,53,UDP,DNS,10694
10695,5222,TCP,ICAP,10695
10696,5060,TCP,ICAP,10696
10697,22,UDP,ISAKMP,10697
10698,3389,TCP,FTP,10698
10699,3389,UDP,SNMP,10699
10700,9100,UDP,PGSQL,10700
10701,8000,UDP,HTTP,10701
10702,22,UDP,ISAKMP,10702
10703,5061,TCP,XMPP,10703
10704,8080,UDP,ACMSODA,10704
10705,445,UDP,IMAP4,10705
10706,1344,TCP,HPSERVICE,10706
10707,21,UDP,ACMSODA,10707
10708,21,TCP,FTP,10708
10709,5061,TCP,VNC,10709
10710,993,TCP,RDP,10710
10711,138,TCP,DAAPD,10711
10712,53,UDP,ISAKMP,10712
10713,443,TCP,HTTPS,10713
10714,5900,TCP,PGSQL,10714
10715,443,TCP,HTTPS,10715
10716,443,TCP,HTTPS,10716
10717,161,UDP,PGSQL,10717
10718,443,UDP,IRDMI,10718
10719,80,TCP,FTP,10719
10720,23,UDP,SIP,10720
10721,443,UDP,HPSERVICE,10721
10722,3128,UDP,IMAP4,10722
10723,22,UDP,ACMSODA,10723
10724,8080,UDP,ISAKMP,10724
10725,53,UDP,DNS,10725
10726,10051,UDP,ICAP,10726
10727,10001,TCP,IRDMI,10727
10728,3689,UDP,VNC,10728
10729,5061,TCP,RDP,10729
10730,1344,TCP,TELNET,10730
10731,993,UDP,DAAPD,10731
10732,9100,UDP,PGSQL,10732
10733,9100,UDP,PGSQL,10733
10734,5432,UDP,ICAP,10734
10735,5061,TCP,ICAP,10735
10736,443,TCP,HTTPS,10736
10737,3128,TCP,ACMSODA,10737
10738,6969,UDP,ZABBIX,10738
10739,80,TCP,HTTP,10739
10740,53,UDP,XMPP,10740
10741,53,UDP,DNS,10741
10742,80,TCP,FTP,10742
10743,53,UDP,HTTP,10743
10744,161,TCP,TELNET,10744
10745,22,UDP,VNC,10745
10746,161,TCP,RDP,10746
10747,993,UDP,HPSERVICE,10747
10748,443,TCP,UBIQUITY,10748
10749,445,TCP,PGSQL,10749
10750,5061,TCP,XMPP,10750
10751,587,UDP,IRDMI,10751
10752,22,UDP,VNC,10752
10753,445,UDP,IMAP4,10753
10754,5432,TCP,SSH,10754
10755,9100,UDP,MDS,10755
10756,587,UDP,IRDMI,10756
10757,993,TCP,UBIQUITY,10757
10758,443,TCP,HTTPS,10758
10759,3689,TCP,TELNET,10759
10760,3389,TCP,MSSQL,10760
10761,443,TCP,HTTPS,10761
10762,53,TCP,SNMP,10762
10763,53,UDP,DNS,10763
10764,80,UDP,XMPP,10764
10765,5061,UDP,TELNET,10765
10766,1344,TCP,UBIQUITY,10766
10767,500,TCP,TELNET,10767
10768,443,TCP,HTTPS,10768
10769,10001,TCP,EMS,10769
10770,443,TCP,HTTPS,10770
10771,161,TCP,MSSQL,10771
10772,443,TCP,IMAP4,10772
10773,10051,UDP,SIP,10773
10774,5060,TCP,HTTPS,10774
10775,445,TCP,SSH,10775
10776,1344,UDP,ICAP,10776
10777,21,UDP,SIP,10777
10778,23,TCP,VNC,10778
10779,443,TCP,IRDMI,10779
10780,587,TCP,RDP,10780
10781,8080,TCP,ACMSODA,10781
10782,443,TCP,HTTPS,10782
10783,23,TCP,EMS,10783
10784,5900,UDP,SIP,10784
10785,5432,UDP,MSSQL,10785
10786,443,TCP,HTTPS,10786
10787,443,TCP,HTTPS,10787
10788,5060,TCP,ACMSODA,10788
10789,10051,TCP,VNC,10789
10790,443,TCP,HTTPS,10790
10791,138,TCP,ICAP,10791
10792,993,TCP,ISAKMP,10792
10793,9100,TCP,RDP,10793
10794,10051,TCP,DNS,10794
10795,53,UDP,DNS,10795
10796,443,TCP,HTTPS,10796
10797,80,TCP,FTP,10797
10798,161,UDP,UBIQUITY,10798
10799,3689,UDP,SNMP,10799
10800,22,TCP,SSH,10800
10801,5222,UDP,SSH,10801
10802,6969,UDP,ICAP,10802
10803,3128,UDP,IRDMI,10803
10804,138,TCP,ICAP,10804
10805,3128,TCP,HTTP,10805
10806,161,TCP,XMPP,10806
10807,5432,UDP,HTTPS,10807
10808,21,UDP,SIP,10808
10809,1344,TCP,TELNET,10809
10810,3128,UDP,ICAP,10810
10811,21,TCP,IRDMI,10811
10812,21,TCP,FTP,10812
10813,445,TCP,PGSQL,10813
10814,10051,UDP,ACMSODA,10814
10815,587,TCP,DAAPD,10815
10816,138,TCP,MSSQL,10816
10817,5060,UDP,DAAPD,10817
10818,53,UDP,DNS,10818
10819,993,UDP,SNMP,10819
10820,23,TCP,SNMP,10820
10821,587,TCP,SIP,10821
10822,993,TCP,RDP,10822
10823,5432,TCP,RDP,10823
10824,1433,TCP,MDS,10824
10825,1344,TCP,UBIQUITY,10825
10826,443,TCP,HTTPS,10826
10827,80,UDP,ZABBIX,10827
10828,8080,UDP,ICAP,10828
10829,8080,UDP,FTP,10829
10830,443,TCP,HTTPS,10830
10831,3389,UDP,PGSQL,10831
10832,500,UDP,TELNET,10832
10833,5060,TCP,ICAP,10833
10834,161,UDP,SIP,10834
10835,3128,UDP,ICAP,10835
10836,10001,UDP,DAAPD,10836
10837,10001,TCP,MDS,10837
10838,21,UDP,MSSQL,10838
10839,5061,TCP,PGSQL,10839
10840,1344,UDP,SSH,10840
10841,5222,UDP,PGSQL,10841
10842,10051,UDP,SIP,10842
10843,445,UDP,DNS,10843
10844,53,UDP,MDS,10844
10845,8080,UDP,ISAKMP,10845
10846,993,UDP,SNMP,10846
10847,21,UDP,XMPP,10847
10848,1344,UDP,MDS,10848
10849,443,TCP,HTTPS,10849
10850,5061,TCP,ICAP,10850
10851,80,TCP,HTTP,10851
10852,443,TCP,HTTPS,10852
10853,22,UDP,ISAKMP,10853
10854,21,TCP,FTP,10854
10855,80,TCP,HTTP,10855
10856,5061,UDP,ACMSODA,10856
10857,587,TCP,ACMSODA,10857
10858,21,TCP,HPSERVICE,10858
10859,22,UDP,IMAP4,10859
10860,22,TCP,IMAP4,10860
10861,5432,TCP,VNC,10861
10862,22,UDP,IMAP4,10862
10863,3389,TCP,HPSERVICE,10863
10864,22,TCP,HTTP,10864
10865,443,TCP,HTTPS,10865
10866,5222,TCP,MDS,10866
10867,8080,TCP,FTP,10867
10868,5222,TCP,HTTPS,10868
10869,500,TCP,DNS,10869
10870,3689,UDP,UBIQUITY,10870
10871,443,TCP,HTTPS,10871
10872,80,TCP,HTTPS,10872
10873,80,TCP,HTTP,10873
10874,8000,TCP,SIP,10874
10875,5432,UDP,ISAKMP,10875
10876,500,TCP,PGSQL,10876
10877,443,UDP,HTTPS,10877
10878,5432,TCP,SSH,10878
10879,445,TCP,HPSERVICE,10879
10880,443,UDP,IRDMI,10880
10881,587,TCP,MDS,10881
10882,21,UDP,ICAP,10882
10883,445,UDP,DAAPD,10883
10884,443,TCP,HTTPS,10884
10885,445,UDP,UBIQUITY,10885
10886,138,UDP,HPSERVICE,10886
10887,8000,UDP,UBIQUITY,10887
10888,6969,TCP,IMAP4,10888
10889,5432,TCP,VNC,10889
10890,1344,TCP,DAAPD,10890
10891,5900,TCP,MDS,10891
10892,5060,UDP,MSSQL,10892
10893,1433,TCP,PGSQL,10893
10894,443,TCP,HTTPS,10894
10895,21,UDP,UBIQUITY,10895
10896,3689,UDP,MDS,10896
10897,22,UDP,NETBIOS,10897
10898,53,UDP,ISAKMP,10898
10899,445,TCP,TELNET,10899
10900,443,TCP,HTTPS,10900
10901,1433,TCP,ISAKMP,10901
10902,587,UDP,PGSQL,10902
10903,5060,TCP,HPSERVICE,10903
10904,5060,TCP,ACMSODA,10904
10905,9100,TCP,SSH,10905
10906,9100,UDP,DAAPD,10906
10907,161,TCP,TELNET,10907
10908,5060,TCP,IMAP4,10908
10909,443,TCP,UBIQUITY,10909
10910,53,UDP,NETBIOS,10910
10911,3389,UDP,ZABBIX,10911
10912,80,TCP,HTTP,10912
10913,5060,UDP,RDP,10913
10914,1433,TCP,HTTPS,10914
10915,161,UDP,VNC,10915
10916,53,UDP,DNS,10916
10917,10051,UDP,SIP,10917
10918,1433,UDP,XMPP,10918
10919,443,TCP,UBIQUITY,10919
10920,8000,UDP,UBIQUITY,10920
10921,445,UDP,HTTP,10921
10922,5432,UDP,ACMSODA,10922
10923,3389,TCP,MSSQL,10923
10924,5900,TCP,PGSQL,10924
10925,500,UDP,DNS,10925
10926,80,TCP,FTP,10926
10927,443,TCP,UBIQUITY,10927
10928,443,TCP,ACMSODA,10928
10929,5900,TCP,RDP,10929
10930,22,UDP,SIP,10930
10931,161,UDP,HPSERVICE,10931
10932,53,UDP,DNS,10932
10933,23,UDP,TELNET,10933
10934,23,TCP,HPSERVICE,10934
10935,21,UDP,ACMSODA,10935
10936,8000,TCP,ICAP,10936
10937,500,UDP,DAAPD,10937
10938,6969,UDP,DNS,10938
10939,993,UDP,DAAPD,10939
10940,3389,UDP,SNMP,10940
10941,5060,TCP,NETBIOS,10941
10942,23,TCP,VNC,10942
10943,23,TCP,HPSERVICE,10943
10944,80,UDP,XMPP,10944
10945,5222,UDP,SSH,10945
10946,23,TCP,IMAP4,10946
10947,5060,TCP,IMAP4,10947
10948,8080,TCP,IRDMI,10948
10949,53,UDP,DNS,10949
10950,5061,UDP,PGSQL,10950
10951,5432,TCP,VNC,10951
10952,5900,TCP,FTP,10952
10953,22,TCP,FTP,10953
10954,21,TCP,HPSERVICE,10954
10955,5061,UDP,ACMSODA,10955
10956,443,TCP,HTTPS,10956
10957,443,TCP,HTTPS,10957
10958,23,TCP,VNC,10958
10959,443,UDP,HTTPS,10959
10960,443,UDP,MDS,10960
10961,23,TCP,HPSERVICE,10961
10962,993,UDP,DAAPD,10962
10963,10051,UDP,VNC,10963
10964,587,UDP,IRDMI,10964
10965,6969,TCP,HTTPS,10965
10966,5900,UDP,MDS,10966
10967,80,TCP,IMAP4,10967
10968,443,TCP,HTTPS,10968
10969,587,UDP,RDP,10969
10970,22,TCP,HPSERVICE,10970
10971,5900,UDP,SIP,10971
10972,1344,TCP,NETBIOS,10972
10973,1344,TCP,ISAKMP,10973
10974,21,TCP,FTP,10974
10975,9100,TCP,SSH,10975
10976,5900,UDP,IMAP4,10976
10977,21,UDP,SIP,10977
10978,443,TCP,HTTPS,10978
10979,3128,UDP,ICAP,10979
10980,21,UDP,HTTPS,10980
10981,5060,UDP,FTP,10981
10982,443,TCP,HTTPS,10982
10983,443,TCP,SNMP,10983
10984,5432,UDP,HTTPS,10984
10985,993,UDP,ZABBIX,10985
10986,500,UDP,XMPP,10986
10987,5060,UDP,FTP,10987
10988,161,TCP,DAAPD,10988
10989,21,UDP,XMPP,10989
10990,5432,UDP,IMAP4,10990
10991,21,UDP,RDP,10991
10992,5432,TCP,ZABBIX,10992
10993,6969,TCP,HTTPS,10993
10994,500,UDP,XMPP,10994
10995,161,UDP,SSH,10995
10996,53,UDP,DNS,10996
10997,5432,TCP,ZABBIX,10997
10998,6969,TCP,IMAP4,10998
10999,22,TCP,PGSQL,10999
11000,443,TCP,HTTPS,11000
11001,443,TCP,HTTPS,11001
11002,500,UDP,DNS,11002
11003,443,TCP,IMAP4,11003
11004,3389,TCP,MSSQL,11004
11005,587,TCP,HTTP,11005
11006,5900,UDP,DAAPD,11006
11007,1433,TCP,PGSQL,11007
11008,10001,TCP,HPSERVICE,11008
11009,10001,UDP,FTP,11009
11010,443,TCP,HTTPS,11010
11011,21,UDP,SSH,11011
11012,80,TCP,HPSERVICE,11012
11013,443,TCP,HTTPS,11013
11014,1433,TCP,XMPP,11014
11015,587,UDP,IRDMI,11015
11016,445,UDP,DNS,11016
11017,443,TCP,IRDMI,11017
11018,22,UDP,VNC,11018
11019,500,TCP,DNS,11019
11020,5060,TCP,IMAP4,11020
11021,137,TCP,RDP,11021
11022,138,UDP,ZABBIX,11022
11023,445,UDP,SIP,11023
11024,5061,UDP,ACMSODA,11024
11025,3128,UDP,MSSQL,11025
11026,443,TCP,HTTPS,11026
11027,3128,UDP,ZABBIX,11027
11028,5432,UDP,IMAP4,11028
11029,5432,TCP,SSH,11029
11030,161,UDP,SNMP,11030
11031,3689,TCP,ACMSODA,11031
11032,10001,TCP,HPSERVICE,11032
11033,3128,UDP,IRDMI,11033
11034,6969,TCP,HTTPS,11034
11035,161,TCP,XMPP,11035
11036,1344,TCP,IMAP4,11036
11037,500,UDP,DAAPD,11037
11038,1344,UDP,EMS,11038
11039,10051,TCP,VNC,11039
11040,3128,UDP,ICAP,11040
11041,443,UDP,MDS,11041
11042,5060,UDP,TELNET,11042
11043,8080,TCP,FTP,11043
11044,500,TCP,DNS,11044
11045,5432,TCP,HTTPS,11045
11046,1344,TCP,DAAPD,11046
11047,8000,TCP,SIP,11047
11048,443,TCP,HTTPS,11048
11049,3128,TCP,ACMSODA,11049
11050,3128,UDP,ZABBIX,11050
11051,80,UDP,ZABBIX,11051
11052,22,TCP,SSH,11052
11053,1433,UDP,MSSQL,11053
11054,443,TCP,HTTPS,11054
11055,53,UDP,DNS,11055
11056,445,TCP,RDP,11056
11057,3389,TCP,HPSERVICE,11057
11058,5060,UDP,HTTPS,11058
11059,3689,UDP,HPSERVICE,11059
11060,445,UDP,MDS,11060
11061,443,TCP,HTTPS,11061
11062,587,TCP,ACMSODA,11062
11063,443,TCP,IRDMI,11063
11064,443,UDP,FTP,11064
11065,21,TCP,FTP,11065
11066,161,TCP,IRDMI,11066
11067,500,UDP,DAAPD,11067
11068,443,TCP,HTTPS,11068
11069,21,TCP,EMS,11069
11070,993,UDP,PGSQL,11070
11071,500,TCP,RDP,11071
11072,3389,TCP,IMAP4,11072
11073,1433,TCP,DNS,11073
11074,5060,TCP,ACMSODA,11074
11075,993,UDP,RDP,11075
11076,53,UDP,DNS,11076
11077,10001,TCP,HPSERVICE,11077
11078,21,UDP,MSSQL,11078
11079,443,TCP,HTTPS,11079
11080,138,UDP,ZABBIX,11080
11081,5061,TCP,VNC,11081
11082,443,TCP,HTTPS,11082
11083,138,UDP,IRDMI,11083
11084,443,TCP,DAAPD,11084
11085,5060,UDP,MSSQL,11085
11086,1344,TCP,UBIQUITY,11086
11087,443,TCP,HTTPS,11087
11088,137,TCP,HTTPS,11088
11089,21,UDP,ACMSODA,11089
11090,5061,UDP,SNMP,11090
11091,3389,TCP,UBIQUITY,11091
11092,10051,UDP,ACMSODA,11092
11093,993,UDP,HPSERVICE,11093
11094,21,TCP,VNC,11094
11095,3389,TCP,SSH,11095
11096,161,TCP,IMAP4,11096
11097,8080,UDP,EMS,11097
11098,80,TCP,HTTP,11098
11099,161,TCP,XMPP,11099
11100,5900,TCP,MSSQL,11100
11101,53,UDP,ISAKMP,11101
11102,23,UDP,IRDMI,11102
11103,993,TCP,IMAP4,11103
11104,443,TCP,HTTPS,11104
11105,137,TCP,ISAKMP,11105
11106,500,UDP,DAAPD,11106
11107,53,UDP,NETBIOS,11107
11108,500,UDP,RDP,11108
11109,993,TCP,DNS,11109
11110,161,UDP,VNC,11110
11111,21,UDP,MSSQL,11111
11112,443,TCP,HTTPS,11112
11113,443,TCP,HTTPS,11113
11114,161,UDP,VNC,11114
11115,443,TCP,HTTPS,11115
11116,21,TCP,FTP,11116
11117,22,TCP,HTTPS,11117
11118,5900,UDP,NETBIOS,11118
11119,443,TCP,HTTPS,11119
11120,53,UDP,NETBIOS,11120
11121,445,TCP,SSH,11121
11122,3689,UDP,IMAP4,11122
11123,3689,UDP,SNMP,11123
11124,1433,TCP,PGSQL,11124
11125,23,TCP,FTP,11125
11126,443,TCP,HTTPS,11126
11127,3128,UDP,SNMP,11127
11128,8080,UDP,SSH,11128
11129,445,UDP,IMAP4,11129
11130,443,TCP,HTTPS,11130
11131,993,TCP,PGSQL,11131
11132,161,UDP,FTP,11132
11133,1344,TCP,EMS,11133
11134,443,TCP,UBIQUITY,11134
11135,10051,UDP,VNC,11135
11136,8080,TCP,ACMSODA,11136
11137,9100,UDP,DAAPD,11137
11138,138,TCP,VNC,11138
11139,993,TCP,NETBIOS,11139
11140,21,TCP,FTP,11140
11141,443,TCP,HTTPS,11141
11142,21,TCP,FTP,11142
11143,443,TCP,IRDMI,11143
11144,21,TCP,FTP,11144
11145,993,TCP,RDP,11145
11146,5222,TCP,HTTPS,11146
11147,22,TCP,MSSQL,11147
11148,1344,TCP,UBIQUITY,11148
11149,5060,UDP,PGSQL,11149
11150,1344,UDP,EMS,11150
11151,9100,TCP,IRDMI,11151
11152,9100,UDP,MDS,11152
11153,53,UDP,HTTP,11153
11154,443,TCP,HTTPS,11154
11155,8000,TCP,UBIQUITY,11155
11156,6969,TCP,ZABBIX,11156
11157,443,TCP,HTTPS,11157
11158,443,TCP,HTTPS,11158
11159,8080,UDP,SNMP,11159
11160,993,TCP,DNS,11160
11161,138,TCP,MSSQL,11161
11162,443,TCP,HTTPS,11162
11163,161,TCP,DAAPD,11163
11164,443,TCP,HTTPS,11164
11165,445,TCP,SSH,11165
11166,6969,TCP,ZABBIX,11166
11167,443,TCP,RDP,11167
11168,443,TCP,HTTPS,11168
11169,8080,UDP,TELNET,11169
11170,587,UDP,HTTP,11170
11171,9100,UDP,DNS,11171
11172,138,TCP,RDP,11172
11173,137,TCP,HTTPS,11173
11174,3389,UDP,RDP,11174
11175,10051,UDP,HPSERVICE,11175
11176,445,UDP,IMAP4,11176
11177,5222,UDP,SSH,11177
11178,993,TCP,RDP,11178
11179,5432,UDP,RDP,11179
11180,3689,UDP,SNMP,11180
11181,443,TCP,HTTPS,11181
11182,443,TCP,HTTPS,11182
11183,587,TCP,ZABBIX,11183
11184,500,UDP,DAAPD,11184
11185,3689,TCP,ICAP,11185
11186,23,UDP,FTP,11186
11187,3689,TCP,HPSERVICE,11187
11188,5432,TCP,VNC,11188
11189,161,TCP,TELNET,11189
11190,3389,UDP,RDP,11190
11191,443,TCP,HTTPS,11191
11192,443,TCP,UBIQUITY,11192
11193,587,UDP,HTTP,11193
11194,5222,TCP,SNMP,11194
11195,445,TCP,RDP,11195
11196,445,UDP,SNMP,11196
11197,5060,TCP,ACMSODA,11197
11198,5900,TCP,ZABBIX,11198
11199,443,TCP,TELNET,11199
11200,5900,UDP,NETBIOS,11200
11201,443,TCP,HTTPS,11201
11202,10051,UDP,SIP,11202
11203,21,UDP,SSH,11203
11204,5900,UDP,TELNET,11204
11205,500,UDP,DAAPD,11205
11206,53,UDP,DNS,11206
11207,5222,UDP,PGSQL,11207
11208,3128,UDP,ICAP,11208
11209,9100,UDP,MDS,11209
11210,23,TCP,RDP,11210
11211,6969,TCP,HTTPS,11211
11212,1433,UDP,ZABBIX,11212
11213,1344,TCP,TELNET,11213
11214,5900,UDP,DAAPD,11214
11215,1344,UDP,EMS,11215
11216,5900,UDP,ISAKMP,11216
11217,587,TCP,PGSQL,11217
11218,443,TCP,HTTPS,11218
11219,5432,TCP,SSH,11219
11220,443,UDP,MDS,11220
11221,993,TCP,SSH,11221
11222,8080,TCP,HTTP,11222
11223,53,UDP,DNS,11223
11224,993,TCP,RDP,11224
11225,993,UDP,SNMP,11225
11226,10051,TCP,VNC,11226
11227,10051,UDP,PGSQL,11227
11228,161,UDP,PGSQL,11228
11229,23,TCP,HPSERVICE,11229
11230,443,TCP,HTTPS,11230
11231,443,TCP,HTTPS,11231
11232,3689,UDP,MSSQL,11232
11233,23,TCP,HPSERVICE,11233
11234,137,TCP,HTTPS,11234
11235,21,TCP,IMAP4,11235
11236,21,TCP,FTP,11236
11237,587,UDP,HTTP,11237
11238,23,TCP,RDP,11238
11239,22,UDP,SIP,11239
11240,3689,TCP,PGSQL,11240
11241,993,TCP,SSH,11241
11242,10051,TCP,VNC,11242
11243,9100,TCP,FTP,11243
11244,10051,TCP,ZABBIX,11244
11245,53,UDP,VNC,11245
11246,5061,TCP,VNC,11246
11247,80,UDP,SIP,11247
11248,161,UDP,SSH,11248
11249,443,TCP,HTTPS,11249
11250,5432,UDP,ICAP,11250
11251,8080,TCP,MSSQL,11251
11252,161,TCP,IRDMI,11252
11253,443,TCP,UBIQUITY,11253
11254,5900,UDP,MSSQL,11254
11255,80,UDP,ZABBIX,11255
11256,443,TCP,HTTPS,11256
11257,5060,UDP,DAAPD,11257
11258,21,UDP,SIP,11258
11259,10001,UDP,DAAPD,11259
11260,3128,UDP,ICAP,11260
11261,8080,TCP,MSSQL,11261
11262,1433,TCP,HTTPS,11262
11263,443,TCP,HTTPS,11263
11264,5432,UDP,MSSQL,11264
11265,161,TCP,IRDMI,11265
11266,1344,TCP,TELNET,11266
11267,443,TCP,HTTPS,11267
11268,161,TCP,TELNET,11268
11269,443,TCP,HTTPS,11269
11270,443,TCP,UBIQUITY,11270
11271,10051,TCP,SIP,11271
11272,80,TCP,HTTP,11272
11273,500,UDP,DNS,11273
11274,1433,TCP,EMS,11274
11275,443,TCP,HTTPS,11275
11276,3389,UDP,HTTPS,11276
11277,8000,UDP,HPSERVICE,11277
11278,1344,TCP,IMAP4,11278
11279,53,UDP,MDS,11279
11280,138,TCP,ACMSODA,11280
11281,445,UDP,DNS,11281
11282,443,TCP,HTTPS,11282
11283,10001,UDP,PGSQL,11283
11284,5432,UDP,MSSQL,11284
11285,5432,UDP,IMAP4,11285
11286,161,UDP,UBIQUITY,11286
11287,138,TCP,UBIQUITY,11287
11288,5060,UDP,FTP,11288
11289,8080,UDP,ACMSODA,11289
11290,443,UDP,DAAPD,11290
11291,993,TCP,NETBIOS,11291
11292,8080,TCP,FTP,11292
11293,443,UDP,DAAPD,11293
11294,5900,UDP,TELNET,11294
11295,53,UDP,DNS,11295
11296,445,TCP,EMS,11296
11297,53,TCP,MSSQL,11297
11298,9100,TCP,PGSQL,11298
11299,443,TCP,HTTPS,11299
11300,161,UDP,VNC,11300
11301,10051,UDP,VNC,11301
11302,21,UDP,ACMSODA,11302
11303,443,TCP,HTTPS,11303
11304,3689,UDP,SNMP,11304
11305,445,TCP,TELNET,11305
11306,1433,TCP,DAAPD,11306
11307,5900,UDP,TELNET,11307
11308,500,UDP,HPSERVICE,11308
11309,443,TCP,HTTPS,11309
11310,53,UDP,VNC,11310
11311,8080,UDP,TELNET,11311
11312,138,UDP,VNC,11312
11313,21,UDP,MSSQL,11313
11314,443,TCP,HTTPS,11314
11315,5432,UDP,ICAP,11315
11316,80,UDP,HTTP,11316
11317,443,TCP,HTTPS,11317
11318,8080,UDP,FTP,11318
11319,443,TCP,HTTPS,11319
11320,993,UDP,TELNET,11320
11321,3389,UDP,HTTPS,11321
11322,10001,UDP,HTTP,11322
11323,5222,TCP,SNMP,11323
11324,587,UDP,XMPP,11324
11325,443,TCP,HTTPS,11325
11326,500,TCP,DNS,11326
11327,1433,UDP,DAAPD,11327
11328,9100,TCP,SNMP,11328
11329,3389,UDP,IRDMI,11329
11330,5900,TCP,FTP,11330
11331,23,TCP,HPSERVICE,11331
11332,443,TCP,HTTPS,11332
11333,3128,UDP,HPSERVICE,11333
11334,500,TCP,DNS,11334
11335,3689,UDP,IMAP4,11335
11336,1344,TCP,ISAKMP,11336
11337,9100,TCP,MDS,11337
11338,8080,UDP,SIP,11338
11339,5900,TCP,ZABBIX,11339
11340,22,TCP,HPSERVICE,11340
11341,5432,UDP,MSSQL,11341
11342,22,TCP,ZABBIX,11342
11343,5060,TCP,NETBIOS,11343
11344,443,TCP,HTTPS,11344
11345,21,TCP,FTP,11345
11346,3128,UDP,IMAP4,11346
11347,5222,UDP,SSH,11347
11348,3128,TCP,ACMSODA,11348
11349,5222,TCP,ICAP,11349
11350,10001,UDP,SNMP,11350
11351,993,UDP,PGSQL,11351
11352,53,UDP,DNS,11352
11353,443,TCP,HTTPS,11353
11354,5900,TCP,MDS,11354
11355,587,UDP,IRDMI,11355
11356,80,TCP,HPSERVICE,11356
11357,161,UDP,SSH,11357
11358,161,UDP,VNC,11358
11359,500,UDP,TELNET,11359
11360,22,TCP,ZABBIX,11360
11361,443,TCP,HTTPS,11361
11362,22,TCP,UBIQUITY,11362
11363,443,TCP,HTTPS,11363
11364,5432,UDP,RDP,11364
11365,587,UDP,TELNET,11365
11366,5222,UDP,EMS,11366
11367,8080,TCP,MSSQL,11367
11368,161,TCP,DAAPD,11368
11369,587,UDP,EMS,11369
11370,80,TCP,HTTP,11370
11371,3689,TCP,HTTP,11371
11372,5900,TCP,ZABBIX,11372
11373,23,UDP,FTP,11373
11374,5060,TCP,ACMSODA,11374
11375,500,UDP,XMPP,11375
11376,137,TCP,ACMSODA,11376
11377,443,TCP,HTTPS,11377
11378,3128,UDP,ICAP,11378
11379,137,TCP,HTTPS,11379
11380,5060,UDP,HTTPS,11380
11381,443,TCP,HTTPS,11381
11382,587,TCP,PGSQL,11382
11383,53,UDP,ISAKMP,11383
11384,161,TCP,IRDMI,11384
11385,443,TCP,HTTPS,11385
11386,80,TCP,HTTP,11386
11387,1344,UDP,ICAP,11387
11388,80,TCP,HTTP,11388
11389,21,UDP,SIP,11389
11390,1344,TCP,TELNET,11390
11391,993,UDP,TELNET,11391
11392,8000,UDP,DNS,11392
11393,3689,TCP,FTP,11393
11394,80,TCP,HTTPS,11394
11395,500,UDP,RDP,11395
11396,587,TCP,RDP,11396
11397,993,UDP,HPSERVICE,11397
11398,443,TCP,HTTPS,11398
11399,443,TCP,HTTPS,11399
11400,3689,UDP,IMAP4,11400
11401,8000,TCP,SSH,11401
11402,445,TCP,SSH,11402
11403,9100,UDP,MDS,11403
11404,23,TCP,HPSERVICE,11404
11405,9100,TCP,FTP,11405
11406,5432,TCP,RDP,11406
11407,443,TCP,HTTPS,11407
11408,500,TCP,IMAP4,11408
11409,161,TCP,MSSQL,11409
11410,10051,UDP,HTTPS,11410
11411,587,UDP,IRDMI,11411
11412,80,TCP,FTP,11412
11413,443,TCP,HTTPS,11413
11414,1433,TCP,EMS,11414
11415,587,TCP,MDS,11415
11416,53,UDP,ISAKMP,11416
11417,1433,UDP,HPSERVICE,11417
11418,500,UDP,DAAPD,11418
11419,443,UDP,HTTPS,11419
11420,23,TCP,HPSERVICE,11420
11421,443,TCP,HTTPS,11421
11422,9100,TCP,VNC,11422
11423,161,TCP,TELNET,11423
11424,443,TCP,HTTPS,11424
11425,5222,TCP,ICAP,11425
11426,587,UDP,RDP,11426
11427,3389,UDP,HTTPS,11427
11428,21,UDP,ACMSODA,11428
11429,80,UDP,XMPP,11429
11430,21,TCP,FTP,11430
11431,443,TCP,HTTPS,11431
11432,23,TCP,HPSERVICE,11432
11433,587,UDP,TELNET,11433
11434,8080,UDP,FTP,11434
11435,443,TCP,HTTPS,11435
11436,5900,UDP,MSSQL,11436
11437,23,UDP,MDS,11437
11438,8080,TCP,MSSQL,11438
11439,587,TCP,SIP,11439
11440,445,TCP,HPSERVICE,11440
11441,137,TCP,HTTPS,11441
11442,80,TCP,PGSQL,11442
11443,137,TCP,MSSQL,11443
11444,5222,TCP,SNMP,11444
11445,1433,TCP,UBIQUITY,11445
11446,587,TCP,RDP,11446
11447,53,TCP,SNMP,11447
11448,3689,UDP,VNC,11448
11449,443,TCP,HTTPS,11449
11450,10051,UDP,ACMSODA,11450
11451,5900,TCP,RDP,11451
11452,80,TCP,FTP,11452
11453,443,TCP,VNC,11453
11454,500,TCP,DNS,11454
11455,22,UDP,TELNET,11455
11456,443,TCP,HTTPS,11456
11457,21,TCP,IRDMI,11457
11458,10051,UDP,SIP,11458
11459,445,UDP,DNS,11459
11460,443,TCP,HTTPS,11460
11461,5060,UDP,PGSQL,11461
11462,1344,TCP,TELNET,11462
11463,161,TCP,MSSQL,11463
11464,993,UDP,TELNET,11464
11465,3128,UDP,ICAP,11465
11466,6969,UDP,UBIQUITY,11466
11467,443,TCP,HTTPS,11467
11468,137,TCP,RDP,11468
11469,443,TCP,HTTPS,11469
11470,23,TCP,HTTP,11470
11471,445,TCP,IRDMI,11471
11472,3389,TCP,MSSQL,11472
11473,53,UDP,HTTP,11473
11474,443,TCP,HTTPS,11474
11475,3689,TCP,FTP,11475
11476,21,UDP,SSH,11476
11477,993,UDP,PGSQL,11477
11478,3128,UDP,ICAP,11478
11479,23,UDP,MDS,11479
11480,8000,TCP,SSH,11480
11481,443,TCP,RDP,11481
11482,138,TCP,IRDMI,11482
11483,5900,UDP,TELNET,11483
11484,3689,TCP,HPSERVICE,11484
11485,1433,TCP,VNC,11485
11486,1344,UDP,ICAP,11486
11487,445,TCP,PGSQL,11487
11488,6969,TCP,ISAKMP,11488
11489,80,UDP,ZABBIX,11489
11490,6969,UDP,RDP,11490
11491,23,TCP,HPSERVICE,11491
11492,500,UDP,XMPP,11492
11493,8080,UDP,ACMSODA,11493
11494,443,TCP,SNMP,11494
11495,5900,UDP,ICAP,11495
11496,1433,UDP,ZABBIX,11496
11497,5060,TCP,IMAP4,11497
11498,3128,UDP,ICAP,11498
11499,587,UDP,IRDMI,11499
11500,21,UDP,RDP,11500
11501,443,TCP,HTTPS,11501
11502,500,TCP,DNS,11502
11503,80,UDP,ZABBIX,11503
11504,5432,TCP,SSH,11504
11505,5060,UDP,TELNET,11505
11506,23,TCP,HTTP,11506
11507,5900,TCP,FTP,11507
11508,21,UDP,ICAP,11508
11509,53,TCP,SNMP,11509
11510,445,UDP,UBIQUITY,11510
11511,3128,TCP,SNMP,11511
11512,161,TCP,TELNET,11512
11513,443,TCP,HTTPS,11513
11514,1433,TCP,UBIQUITY,11514
11515,1433,UDP,SSH,11515
11516,5222,UDP,SSH,11516
11517,137,UDP,IRDMI,11517
11518,5060,TCP,ACMSODA,11518
11519,445,UDP,HTTP,11519
11520,53,UDP,DNS,11520
11521,587,UDP,IMAP4,11521
11522,445,UDP,IMAP4,11522
11523,993,TCP,UBIQUITY,11523
11524,993,UDP,TELNET,11524
11525,137,TCP,RDP,11525
11526,3389,UDP,IRDMI,11526
11527,80,TCP,HTTP,11527
11528,443,TCP,HTTPS,11528
11529,5432,UDP,ICAP,11529
11530,53,UDP,DNS,11530
11531,3128,UDP,SNMP,11531
11532,3128,TCP,HTTP,11532
11533,443,TCP,HTTPS,11533
11534,21,UDP,SIP,11534
11535,8000,UDP,NETBIOS,11535
11536,993,TCP,DNS,11536
11537,587,UDP,FTP,11537
11538,443,TCP,HTTPS,11538
11539,10051,TCP,ZABBIX,11539
11540,443,TCP,HTTPS,11540
11541,3128,UDP,ICAP,11541
11542,161,UDP,SSH,11542
11543,5060,UDP,TELNET,11543
11544,5900,TCP,MSSQL,11544
11545,443,TCP,HTTPS,11545
11546,993,UDP,TELNET,11546
11547,993,UDP,TELNET,11547
11548,21,TCP,VNC,11548
11549,137,TCP,MSSQL,11549
11550,5432,UDP,ACMSODA,11550
11551,5900,UDP,TELNET,11551
11552,993,TCP,NETBIOS,11552
11553,5432,UDP,HTTPS,11553
11554,500,UDP,DAAPD,11554
11555,5222,UDP,DNS,11555
11556,443,TCP,IMAP4,11556
11557,5060,UDP,EMS,11557
11558,5432,UDP,HTTPS,11558
11559,5432,UDP,IMAP4,11559
11560,1344,TCP,TELNET,11560
11561,137,TCP,IRDMI,11561
11562,1433,UDP,ACMSODA,11562
11563,80,UDP,ZABBIX,11563
11564,587,TCP,RDP,11564
11565,587,UDP,IRDMI,11565
11566,80,TCP,HTTP,11566
11567,443,TCP,HTTPS,11567
11568,500,TCP,ICAP,11568
11569,5222,UDP,MDS,11569
11570,137,TCP,HTTPS,11570
11571,1433,UDP,XMPP,11571
11572,80,TCP,HTTP,11572
11573,8080,UDP,TELNET,11573
11574,138,TCP,MSSQL,11574
11575,53,TCP,SNMP,11575
11576,23,TCP,HPSERVICE,11576
11577,3389,TCP,ACMSODA,11577
11578,22,TCP,VNC,11578
11579,6969,UDP,DNS,11579
11580,443,TCP,HTTPS,11580
11581,22,UDP,NETBIOS,11581
11582,53,UDP,VNC,11582
11583,1344,TCP,TELNET,11583
11584,587,TCP,PGSQL,11584
11585,445,TCP,MDS,11585
11586,1344,UDP,ICAP,11586
11587,5060,TCP,HTTPS,11587
11588,5060,UDP,MSSQL,11588
11589,443,UDP,HTTPS,11589
11590,5432,UDP,ACMSODA,11590
11591,500,TCP,UBIQUITY,11591
11592,587,UDP,EMS,11592
11593,993,UDP,DAAPD,11593
11594,3689,TCP,HTTP,11594
11595,21,TCP,ACMSODA,11595
11596,8000,TCP,UBIQUITY,11596
11597,53,UDP,DNS,11597
11598,10051,UDP,VNC,11598
11599,22,TCP,SSH,11599
11600,10051,UDP,ICAP,11600
11601,10001,UDP,FTP,11601
11602,6969,TCP,XMPP,11602
11603,161,UDP,TELNET,11603
11604,80,TCP,PGSQL,11604
11605,443,TCP,TELNET,11605
11606,443,TCP,HTTPS,11606
11607,993,TCP,SNMP,11607
11608,445,UDP,DAAPD,11608
11609,3689,TCP,SIP,11609
11610,5900,UDP,SIP,11610
11611,443,TCP,RDP,11611
11612,587,UDP,TELNET,11612
11613,10001,TCP,HPSERVICE,11613
11614,5432,UDP,MSSQL,11614
11615,443,TCP,HTTPS,11615
11616,5222,UDP,EMS,11616
11617,138,TCP,ISAKMP,11617
11618,3389,TCP,IRDMI,11618
11619,445,TCP,MSSQL,11619
11620,5900,UDP,HTTP,11620
11621,10001,TCP,MDS,11621
11622,137,UDP,IMAP4,11622
11623,1433,TCP,HTTPS,11623
11624,443,UDP,IRDMI,11624
11625,1433,UDP,DAAPD,11625
11626,587,UDP,ISAKMP,11626
11627,6969,UDP,DNS,11627
11628,5432,UDP,ISAKMP,11628
11629,5900,TCP,PGSQL,11629
11630,443,TCP,HTTPS,11630
11631,22,UDP,PGSQL,11631
11632,5222,UDP,SSH,11632
11633,53,UDP,VNC,11633
11634,500,TCP,SSH,11634
11635,443,UDP,HTTPS,11635
11636,445,UDP,IMAP4,11636
11637,5900,UDP,SSH,11637
11638,443,TCP,HTTPS,11638
11639,21,TCP,FTP,11639
11640,500,TCP,DNS,11640
11641,1344,UDP,SSH,11641
11642,10001,TCP,ISAKMP,11642
11643,5900,UDP,SIP,11643
11644,80,UDP,ZABBIX,11644
11645,138,TCP,UBIQUITY,11645
11646,5900,UDP,MSSQL,11646
11647,9100,TCP,SSH,11647
11648,5222,UDP,SSH,11648
11649,138,TCP,IRDMI,11649
11650,993,TCP,NETBIOS,11650
11651,3128,UDP,ICAP,11651
11652,443,TCP,HTTPS,11652
11653,993,TCP,UBIQUITY,11653
11654,443,TCP,HTTPS,11654
11655,23,UDP,MDS,11655
11656,443,TCP,HPSERVICE,11656
11657,1433,UDP,ZABBIX,11657
11658,137,TCP,RDP,11658
11659,445,TCP,HPSERVICE,11659
11660,3389,UDP,SNMP,11660
11661,22,TCP,UBIQUITY,11661
11662,21,UDP,ACMSODA,11662
11663,137,UDP,UBIQUITY,11663
11664,1344,TCP,EMS,11664
11665,53,UDP,NETBIOS,11665
11666,23,TCP,HPSERVICE,11666
11667,53,TCP,SNMP,11667
11668,138,UDP,ZABBIX,11668
11669,21,TCP,VNC,11669
11670,21,TCP,FTP,11670
11671,5432,UDP,MSSQL,11671
11672,138,TCP,ICAP,11672
11673,53,TCP,MSSQL,11673
11674,8080,TCP,ZABBIX,11674
11675,3389,UDP,NETBIOS,11675
11676,443,TCP,HTTPS,11676
11677,80,UDP,ZABBIX,11677
11678,993,UDP,TELNET,11678
11679,1344,TCP,NETBIOS,11679
11680,1344,TCP,NETBIOS,11680
11681,80,TCP,HTTP,11681
11682,993,TCP,UBIQUITY,11682
11683,445,TCP,EMS,11683
11684,500,TCP,SIP,11684
11685,53,UDP,DNS,11685
11686,443,TCP,IRDMI,11686
11687,3389,TCP,SSH,11687
11688,443,TCP,HTTPS,11688
11689,10051,UDP,SIP,11689
11690,1433,TCP,UBIQUITY,11690
11691,443,TCP,HTTPS,11691
11692,1344,UDP,MDS,11692
11693,53,UDP,ZABBIX,11693
11694,80,TCP,HTTP,11694
11695,9100,UDP,SIP,11695
11696,5222,TCP,ICAP,11696
11697,443,TCP,HTTPS,11697
11698,500,UDP,DAAPD,11698
11699,1344,TCP,TELNET,11699
11700,9100,UDP,IRDMI,11700
11701,443,TCP,HTTPS,11701
11702,1433,UDP,ZABBIX,11702
11703,3128,UDP,ICAP,11703
11704,80,TCP,HTTP,11704
11705,587,TCP,RDP,11705
11706,8000,UDP,TELNET,11706
11707,443,TCP,HTTPS,11707
11708,3689,TCP,ACMSODA,11708
11709,21,UDP,ACMSODA,11709
11710,53,TCP,ACMSODA,11710
11711,161,TCP,TELNET,11711
11712,138,UDP,IRDMI,11712
11713,1433,UDP,ACMSODA,11713
11714,53,UDP,ISAKMP,11714
11715,443,TCP,HTTPS,11715
11716,443,TCP,HTTPS,11716
11717,500,UDP,SNMP,11717
11718,3128,UDP,ICAP,11718
11719,445,UDP,MDS,11719
11720,3689,TCP,HPSERVICE,11720
11721,993,TCP,DNS,11721
11722,443,TCP,HTTPS,11722
11723,21,UDP,ACMSODA,11723
11724,5060,TCP,ACMSODA,11724
11725,443,TCP,HTTPS,11725
11726,5900,UDP,ICAP,11726
11727,23,UDP,SIP,11727
11728,3128,UDP,ZABBIX,11728
11729,22,TCP,MSSQL,11729
11730,161,TCP,HTTPS,11730
11731,443,TCP,HTTPS,11731
11732,8080,UDP,ISAKMP,11732
11733,500,UDP,DNS,11733
11734,53,UDP,HTTP,11734
11735,5061,TCP,VNC,11735
11736,80,UDP,SIP,11736
11737,1344,UDP,EMS,11737
11738,5060,UDP,MSSQL,11738
11739,21,UDP,ACMSODA,11739
11740,443,TCP,HTTPS,11740
11741,137,TCP,MSSQL,11741
11742,8000,UDP,PGSQL,11742
11743,5432,UDP,DNS,11743
11744,53,TCP,HTTPS,11744
11745,161,TCP,IMAP4,11745
11746,3689,TCP,TELNET,11746
11747,500,TCP,PGSQL,11747
11748,5432,UDP,ISAKMP,11748
11749,1344,TCP,IMAP4,11749
11750,138,TCP,ACMSODA,11750
11751,1344,UDP,TELNET,11751
11752,21,TCP,FTP,11752
11753,3128,UDP,ICAP,11753
11754,443,TCP,DNS,11754
11755,3689,UDP,HTTP,11755
11756,8080,UDP,HTTP,11756
11757,53,UDP,NETBIOS,11757
11758,443,TCP,HTTPS,11758
11759,53,UDP,TELNET,11759
11760,5061,TCP,VNC,11760
11761,53,UDP,XMPP,11761
11762,500,TCP,SIP,11762
11763,5432,UDP,MSSQL,11763
11764,443,TCP,HTTPS,11764
11765,23,TCP,HPSERVICE,11765
11766,8080,TCP,FTP,11766
11767,21,TCP,FTP,11767
11768,500,UDP,TELNET,11768
11769,137,TCP,XMPP,11769
11770,138,TCP,HTTP,11770
11771,21,TCP,DAAPD,11771
11772,3389,UDP,SIP,11772
11773,993,TCP,FTP,11773
11774,5060,UDP,MSSQL,11774
11775,8000,UDP,NETBIOS,11775
11776,5061,TCP,XMPP,11776
11777,993,TCP,NETBIOS,11777
11778,5432,TCP,RDP,11778
11779,161,UDP,SSH,11779
11780,5432,UDP,IMAP4,11780
11781,1344,UDP,HTTP,11781
11782,1433,UDP,ZABBIX,11782
11783,53,UDP,XMPP,11783
11784,21,TCP,XMPP,11784
11785,6969,UDP,ZABBIX,11785
11786,3128,TCP,SSH,11786
11787,500,TCP,PGSQL,11787
11788,5900,TCP,IRDMI,11788
11789,5432,UDP,MSSQL,11789
11790,3389,UDP,NETBIOS,11790
11791,443,TCP,HTTPS,11791
11792,138,TCP,IRDMI,11792
11793,443,TCP,HTTPS,11793
11794,443,TCP,HTTPS,11794
11795,587,TCP,UBIQUITY,11795
11796,443,TCP,HTTPS,11796
11797,53,UDP,ZABBIX,11797
11798,5900,UDP,ICAP,11798
11799,443,TCP,HTTPS,11799
11800,80,UDP,SNMP,11800
11801,3389,TCP,EMS,11801
11802,80,TCP,HTTP,11802
11803,500,TCP,UBIQUITY,11803
11804,80,UDP,ZABBIX,11804
11805,8000,UDP,HPSERVICE,11805
11806,5061,UDP,HTTPS,11806
11807,1344,TCP,IMAP4,11807
11808,5432,UDP,DNS,11808
11809,5061,UDP,PGSQL,11809
11810,5432,TCP,RDP,11810
11811,138,TCP,ACMSODA,11811
11812,23,TCP,HPSERVICE,11812
11813,5900,TCP,PGSQL,11813
11814,443,TCP,HTTPS,11814
11815,443,TCP,HTTPS,11815
11816,443,TCP,HTTPS,11816
11817,443,TCP,HTTPS,11817
11818,53,UDP,DNS,11818
11819,1433,TCP,VNC,11819
11820,587,TCP,DAAPD,11820
11821,53,UDP,DNS,11821
11822,445,TCP,MDS,11822
11823,1344,UDP,ICAP,11823
11824,993,UDP,TELNET,11824
11825,161,TCP,MSSQL,11825
11826,5222,UDP,SSH,11826
11827,5432,TCP,DAAPD,11827
11828,22,TCP,UBIQUITY,11828
11829,5432,UDP,HTTPS,11829
11830,5900,UDP,MDS,11830
11831,137,TCP,ACMSODA,11831
11832,137,TCP,PGSQL,11832
11833,1344,UDP,SSH,11833
11834,5222,UDP,SSH,11834
11835,23,TCP,VNC,11835
11836,137,UDP,SNMP,11836
11837,5432,TCP,DAAPD,11837
11838,3689,TCP,ICAP,11838
11839,443,TCP,HTTPS,11839
11840,445,UDP,HTTP,11840
11841,80,TCP,HTTP,11841
11842,445,UDP,DNS,11842
11843,3389,TCP,HTTPS,11843
11844,5432,UDP,ACMSODA,11844
11845,80,TCP,HTTP,11845
11846,443,TCP,RDP,11846
11847,80,TCP,HTTP,11847
11848,138,TCP,ACMSODA,11848
11849,21,TCP,FTP,11849
11850,993,TCP,PGSQL,11850
11851,161,UDP,SSH,11851
11852,161,TCP,MSSQL,11852
11853,443,TCP,HTTPS,11853
11854,53,UDP,DNS,11854
11855,6969,TCP,IMAP4,11855
11856,443,TCP,HTTPS,11856
11857,443,TCP,HTTPS,11857
11858,23,TCP,VNC,11858
11859,993,TCP,IMAP4,11859
11860,5060,UDP,MSSQL,11860
11861,445,TCP,SSH,11861
11862,137,TCP,ISAKMP,11862
11863,21,UDP,ACMSODA,11863
11864,22,TCP,UBIQUITY,11864
11865,587,TCP,RDP,11865
11866,21,TCP,HPSERVICE,11866
11867,138,TCP,DNS,11867
11868,6969,TCP,IMAP4,11868
11869,443,TCP,HTTPS,11869
11870,53,UDP,HTTP,11870
11871,500,TCP,PGSQL,11871
11872,1344,TCP,NETBIOS,11872
11873,443,TCP,HTTPS,11873
11874,443,TCP,HTTPS,11874
11875,443,TCP,HTTPS,11875
11876,443,TCP,HTTPS,11876
11877,3389,UDP,IRDMI,11877
11878,5061,TCP,PGSQL,11878
11879,5432,UDP,MSSQL,11879
11880,1344,UDP,EMS,11880
11881,443,UDP,ISAKMP,11881
11882,137,TCP,XMPP,11882
11883,21,TCP,EMS,11883
11884,161,TCP,TELNET,11884
11885,5900,TCP,ZABBIX,11885
11886,5432,TCP,ACMSODA,11886
11887,3389,UDP,PGSQL,11887
11888,1433,TCP,EMS,11888
11889,993,TCP,DNS,11889
11890,1433,TCP,MDS,11890
11891,8000,TCP,UBIQUITY,11891
11892,10051,UDP,DNS,11892
11893,5900,UDP,ICAP,11893
11894,21,UDP,ACMSODA,11894
11895,443,UDP,DAAPD,11895
11896,22,UDP,VNC,11896
11897,5432,TCP,SSH,11897
11898,161,TCP,IMAP4,11898
11899,53,UDP,HTTP,11899
11900,6969,TCP,IMAP4,11900
11901,993,TCP,NETBIOS,11901
11902,500,TCP,IMAP4,11902
11903,587,UDP,HPSERVICE,11903
11904,445,UDP,MDS,11904
11905,6969,TCP,HTTPS,11905
11906,443,TCP,HTTPS,11906
11907,6969,TCP,IMAP4,11907
11908,9100,TCP,FTP,11908
11909,5222,UDP,SSH,11909
11910,443,TCP,HPSERVICE,11910
11911,137,UDP,HTTPS,11911
11912,443,TCP,HTTPS,11912
11913,443,TCP,HTTPS,11913
11914,10001,UDP,SSH,11914
11915,3689,TCP,HPSERVICE,11915
11916,10001,UDP,HTTP,11916
11917,10051,TCP,ISAKMP,11917
11918,5432,UDP,ACMSODA,11918
11919,443,TCP,HTTPS,11919
11920,80,TCP,HTTP,11920
11921,445,UDP,IMAP4,11921
11922,10001,UDP,HTTPS,11922
11923,500,UDP,XMPP,11923
11924,500,UDP,TELNET,11924
11925,5061,TCP,IMAP4,11925
11926,443,TCP,HTTPS,11926
11927,6969,TCP,EMS,11927
11928,1344,UDP,EMS,11928
11929,8000,UDP,ZABBIX,11929
11930,1344,TCP,IMAP4,11930
11931,5060,TCP,ACMSODA,11931
11932,443,TCP,HTTPS,11932
11933,5900,UDP,SSH,11933
11934,22,UDP,VNC,11934
11935,23,TCP,HPSERVICE,11935
11936,3389,UDP,PGSQL,11936
11937,137,TCP,SSH,11937
11938,10001,TCP,ZABBIX,11938
11939,10051,UDP,SIP,11939
11940,22,UDP,PGSQL,11940
11941,443,TCP,UBIQUITY,11941
11942,5222,TCP,ICAP,11942
11943,3689,UDP,XMPP,11943
11944,443,TCP,HTTPS,11944
11945,1433,TCP,IMAP4,11945
11946,443,TCP,HTTPS,11946
11947,23,TCP,HPSERVICE,11947
11948,443,TCP,HTTPS,11948
11949,5060,UDP,MSSQL,11949
11950,443,TCP,HTTPS,11950
11951,53,UDP,XMPP,11951
11952,10001,TCP,FTP,11952
11953,21,UDP,SIP,11953
11954,443,TCP,HTTPS,11954
11955,443,TCP,HTTPS,11955
11956,443,TCP,HTTPS,11956
11957,443,TCP,IMAP4,11957
11958,21,UDP,RDP,11958
11959,500,UDP,SNMP,11959
11960,445,TCP,RDP,11960
11961,80,TCP,HTTPS,11961
11962,1344,TCP,TELNET,11962
11963,3389,TCP,MSSQL,11963
11964,443,TCP,UBIQUITY,11964
11965,3389,UDP,PGSQL,11965
11966,3389,TCP,SSH,11966
11967,5060,TCP,ACMSODA,11967
11968,1433,UDP,SNMP,11968
11969,10001,UDP,RDP,11969
11970,3128,UDP,MSSQL,11970
11971,6969,TCP,ICAP,11971
11972,5900,UDP,ISAKMP,11972
11973,53,UDP,VNC,11973
11974,443,TCP,RDP,11974
11975,500,UDP,XMPP,11975
11976,1344,TCP,DAAPD,11976
11977,8080,UDP,SIP,11977
11978,8000,TCP,HTTPS,11978
11979,10051,UDP,PGSQL,11979
11980,80,TCP,MSSQL,11980
11981,443,TCP,UBIQUITY,11981
11982,587,UDP,EMS,11982
11983,21,UDP,ICAP,11983
11984,993,UDP,TELNET,11984
11985,443,TCP,HTTPS,11985
11986,53,UDP,XMPP,11986
11987,53,UDP,NETBIOS,11987
11988,5900,UDP,HTTP,11988
11989,443,UDP,HPSERVICE,11989
11990,443,TCP,HTTPS,11990
11991,138,UDP,ZABBIX,11991
11992,1344,TCP,TELNET,11992
11993,10001,UDP,ICAP,11993
11994,1433,TCP,EMS,11994
11995,5061,UDP,SNMP,11995
11996,8080,TCP,FTP,11996
11997,1433,TCP,XMPP,11997
11998,445,UDP,HTTP,11998
11999,21,TCP,EMS,11999
12000,138,TCP,ACMSODA,12000
12001,443,TCP,HTTPS,12001
12002,443,UDP,IRDMI,12002
12003,1344,UDP,EMS,12003
12004,443,TCP,HTTPS,12004
12005,443,TCP,HTTPS,12005
12006,5900,UDP,TELNET,12006
12007,5900,UDP,FTP,12007
12008,993,TCP,NETBIOS,12008
12009,10001,TCP,MDS,12009
12010,5900,UDP,MDS,12010
12011,3128,UDP,ICAP,12011
12012,1344,TCP,TELNET,12012
12013,5060,TCP,IMAP4,12013
12014,5222,UDP,SSH,12014
12015,443,TCP,HTTPS,12015
12016,53,UDP,ZABBIX,12016
12017,443,TCP,HTTPS,12017
12018,21,UDP,ACMSODA,12018
12019,10001,UDP,ZABBIX,12019
12020,53,UDP,DNS,12020
12021,5060,UDP,MSSQL,12021
12022,23,TCP,RDP,12022
12023,8000,TCP,ICAP,12023
12024,22,TCP,ZABBIX,12024
12025,3128,TCP,SNMP,12025
12026,1344,UDP,DAAPD,12026
12027,21,UDP,RDP,12027
12028,161,UDP,SSH,12028
12029,587,TCP,PGSQL,12029
12030,5432,UDP,DNS,12030
12031,5061,UDP,HTTPS,12031
12032,993,UDP,DAAPD,12032
12033,5061,UDP,TELNET,12033
12034,138,TCP,VNC,12034
12035,5432,UDP,NETBIOS,12035
12036,445,UDP,DAAPD,12036
12037,21,UDP,XMPP,12037
12038,138,TCP,IRDMI,12038
12039,138,UDP,MDS,12039
12040,138,UDP,IMAP4,12040
12041,5432,TCP,ZABBIX,12041
12042,161,TCP,IRDMI,12042
12043,500,UDP,DAAPD,12043
12044,993,UDP,TELNET,12044
12045,1433,TCP,IMAP4,12045
12046,53,UDP,DNS,12046
12047,5432,UDP,MSSQL,12047
12048,500,UDP,VNC,12048
12049,1344,TCP,DAAPD,12049
12050,443,TCP,UBIQUITY,12050
12051,23,TCP,HPSERVICE,12051
12052,443,TCP,HTTPS,12052
12053,443,TCP,HTTPS,12053
12054,8080,TCP,MSSQL,12054
12055,10051,UDP,MDS,12055
12056,21,TCP,IRDMI,12056
12057,5060,TCP,ICAP,12057
12058,8080,UDP,HTTP,12058
12059,161,TCP,DAAPD,12059
12060,443,TCP,HTTPS,12060
12061,3128,UDP,HPSERVICE,12061
12062,3689,TCP,TELNET,12062
12063,443,TCP,HTTPS,12063
12064,5061,TCP,XMPP,12064
12065,1344,TCP,DAAPD,12065
12066,993,UDP,DAAPD,12066
12067,80,TCP,IMAP4,12067
12068,445,UDP,HTTPS,12068
12069,10051,UDP,SSH,12069
12070,9100,UDP,DNS,12070
12071,587,UDP,EMS,12071
12072,161,TCP,XMPP,12072
12073,137,TCP,MDS,12073
12074,5900,TCP,FTP,12074
12075,443,TCP,HTTPS,12075
12076,5900,TCP,EMS,12076
12077,5060,TCP,HTTPS,12077
12078,443,UDP,HTTPS,12078
12079,3128,TCP,ACMSODA,12079
12080,443,TCP,IMAP4,12080
12081,21,UDP,MSSQL,12081
12082,993,UDP,RDP,12082
12083,445,UDP,IMAP4,12083
12084,443,TCP,HTTPS,12084
12085,6969,UDP,MSSQL,12085
12086,21,TCP,FTP,12086
12087,443,TCP,IRDMI,12087
12088,443,TCP,HTTPS,12088
12089,443,TCP,HTTPS,12089
12090,137,TCP,IRDMI,12090
12091,3389,TCP,IMAP4,12091
12092,5060,TCP,HPSERVICE,12092
12093,3128,TCP,HTTP,12093
12094,5900,UDP,MDS,12094
12095,1344,TCP,DAAPD,12095
12096,443,TCP,HTTPS,12096
12097,1433,TCP,PGSQL,12097
12098,3389,TCP,NETBIOS,12098
12099,443,TCP,HTTPS,12099
12100,5061,TCP,VNC,12100
12101,500,TCP,IMAP4,12101
12102,10051,UDP,SSH,12102
12103,21,UDP,XMPP,12103
12104,3689,UDP,FTP,12104
12105,53,UDP,DNS,12105
12106,8080,UDP,FTP,12106
12107,5900,UDP,ISAKMP,12107
12108,1344,UDP,SSH,12108
12109,22,UDP,TELNET,12109
12110,1433,TCP,EMS,12110
12111,1344,UDP,UBIQUITY,12111
12112,8000,TCP,UBIQUITY,12112
12113,137,UDP,DNS,12113
12114,1344,TCP,TELNET,12114
12115,21,TCP,VNC,12115
12116,5060,TCP,NETBIOS,12116
12117,3689,TCP,ACMSODA,12117
12118,80,TCP,HTTPS,12118
12119,587,UDP,IRDMI,12119
12120,5061,UDP,ACMSODA,12120
12121,1433,UDP,XMPP,12121
12122,1433,UDP,ACMSODA,12122
12123,23,UDP,SNMP,12123
12124,8000,TCP,MSSQL,12124
12125,3689,TCP,TELNET,12125
12126,23,TCP,HPSERVICE,12126
12127,5060,TCP,HPSERVICE,12127
12128,443,TCP,HTTPS,12128
12129,443,TCP,HTTPS,12129
12130,5900,UDP,MSSQL,12130
12131,3689,UDP,FTP,12131
12132,161,UDP,VNC,12132
12133,5060,TCP,MDS,12133
12134,587,UDP,HTTP,12134
12135,10051,UDP,PGSQL,12135
12136,993,UDP,HPSERVICE,12136
12137,3389,TCP,MSSQL,12137
12138,6969,TCP,HTTPS,12138
12139,8000,TCP,SIP,12139
12140,5900,UDP,SSH,12140
12141,500,UDP,NETBIOS,12141
12142,5060,TCP,ACMSODA,12142
12143,3389,UDP,MSSQL,12143
12144,5060,UDP,TELNET,12144
12145,443,UDP,ISAKMP,12145
12146,587,UDP,XMPP,12146
12147,3389,TCP,NETBIOS,12147
12148,5900,TCP,RDP,12148
12149,5061,UDP,PGSQL,12149
12150,443,TCP,HTTP,12150
12151,3689,UDP,HPSERVICE,12151
12152,9100,TCP,RDP,12152
12153,1433,TCP,HTTPS,12153
12154,10001,TCP,IRDMI,12154
12155,137,TCP,ACMSODA,12155
12156,443,TCP,IRDMI,12156
12157,3389,TCP,IMAP4,12157
12158,1344,TCP,IMAP4,12158
12159,500,TCP,IMAP4,12159
12160,587,UDP,HTTP,12160
12161,9100,UDP,PGSQL,12161
12162,53,UDP,DNS,12162
12163,5061,UDP,DNS,12163
12164,445,TCP,PGSQL,12164
12165,8080,UDP,FTP,12165
12166,500,TCP,DNS,12166
12167,53,UDP,DNS,12167
12168,443,UDP,HTTPS,12168
12169,443,TCP,HTTPS,12169
12170,80,TCP,FTP,12170
12171,80,TCP,HTTP,12171
12172,443,UDP,SNMP,12172
12173,1344,TCP,TELNET,12173
12174,6969,TCP,ZABBIX,12174
12175,443,TCP,HTTPS,12175
12176,80,UDP,XMPP,12176
12177,53,UDP,DNS,12177
12178,1344,TCP,NETBIOS,12178
12179,23,TCP,FTP,12179
12180,6969,TCP,ISAKMP,12180
12181,3689,UDP,SSH,12181
12182,80,TCP,HTTP,12182
12183,587,UDP,RDP,12183
12184,8000,UDP,UBIQUITY,12184
12185,5900,UDP,MSSQL,12185
12186,6969,UDP,ZABBIX,12186
12187,8080,UDP,ISAKMP,12187
12188,3689,UDP,FTP,12188
12189,443,TCP,UBIQUITY,12189
12190,10001,UDP,DAAPD,12190
12191,443,TCP,HTTPS,12191
12192,138,UDP,ZABBIX,12192
12193,445,TCP,SSH,12193
12194,8080,UDP,PGSQL,12194
12195,53,UDP,DNS,12195
12196,21,UDP,VNC,12196
12197,993,UDP,DAAPD,12197
12198,443,TCP,HTTPS,12198
12199,10051,UDP,ISAKMP,12199
12200,5060,TCP,NETBIOS,12200
12201,5432,UDP,HTTPS,12201
12202,443,TCP,HTTPS,12202
12203,443,TCP,HTTPS,12203
12204,53,UDP,DNS,12204
12205,80,UDP,XMPP,12205
12206,6969,TCP,SNMP,12206
12207,1433,TCP,PGSQL,12207
12208,9100,UDP,MDS,12208
12209,8000,UDP,SIP,12209
12210,445,TCP,MDS,12210
12211,9100,UDP,SNMP,12211
12212,23,UDP,SIP,12212
12213,1344,UDP,TELNET,12213
12214,161,TCP,IMAP4,12214
12215,1344,TCP,IMAP4,12215
12216,10001,UDP,PGSQL,12216
12217,443,TCP,HTTPS,12217
12218,53,UDP,DNS,12218
12219,5432,TCP,DAAPD,12219
12220,5061,UDP,PGSQL,12220
12221,443,TCP,HTTPS,12221
12222,161,UDP,VNC,12222
12223,161,TCP,IMAP4,12223
12224,443,TCP,HTTPS,12224
12225,10051,UDP,HTTPS,12225
12226,587,UDP,ISAKMP,12226
12227,3689,UDP,MDS,12227
12228,80,TCP,FTP,12228
12229,161,UDP,UBIQUITY,12229
12230,587,UDP,IRDMI,12230
12231,1433,TCP,PGSQL,12231
12232,23,UDP,MDS,12232
12233,23,UDP,MDS,12233
12234,21,UDP,SIP,12234
12235,1433,TCP,HTTPS,12235
12236,10051,TCP,SIP,12236
12237,21,TCP,FTP,12237
12238,21,TCP,FTP,12238
12239,1433,TCP,XMPP,12239
12240,5060,TCP,ACMSODA,12240
12241,21,UDP,ACMSODA,12241
12242,993,TCP,NETBIOS,12242
12243,8000,UDP,HTTP,12243
12244,5432,UDP,DNS,12244
12245,161,UDP,SSH,12245
12246,5900,UDP,SIP,12246
12247,443,TCP,HTTPS,12247
12248,500,UDP,ICAP,12248
12249,3689,UDP,HPSERVICE,12249
12250,1433,UDP,ISAKMP,12250
12251,80,UDP,VNC,12251
12252,993,UDP,TELNET,12252
12253,53,UDP,VNC,12253
12254,3689,TCP,HTTP,12254
12255,22,TCP,UBIQUITY,12255
12256,8000,UDP,NETBIOS,12256
12257,3689,TCP,TELNET,12257
12258,443,UDP,MDS,12258
12259,23,TCP,DAAPD,12259
12260,80,TCP,IMAP4,12260
12261,1344,TCP,TELNET,12261
12262,6969,UDP,DAAPD,12262
12263,500,TCP,DNS,12263
12264,161,TCP,DAAPD,12264
12265,8080,TCP,ACMSODA,12265
12266,22,UDP,PGSQL,12266
12267,5060,UDP,MSSQL,12267
12268,500,UDP,VNC,12268
12269,5061,TCP,MDS,12269
12270,10001,UDP,SNMP,12270
12271,5222,UDP,SSH,12271
12272,10051,TCP,ISAKMP,12272
12273,1433,TCP,XMPP,12273
12274,161,TCP,DAAPD,12274
12275,53,UDP,HTTP,12275
12276,445,TCP,EMS,12276
12277,443,UDP,IRDMI,12277
12278,53,UDP,ZABBIX,12278
12279,23,UDP,MDS,12279
12280,10051,UDP,SIP,12280
12281,80,TCP,EMS,12281
12282,500,UDP,HPSERVICE,12282
12283,8080,UDP,ISAKMP,12283
12284,80,TCP,HPSERVICE,12284
12285,1433,UDP,XMPP,12285
12286,6969,TCP,RDP,12286
12287,22,UDP,SIP,12287
12288,993,TCP,PGSQL,12288
12289,5432,UDP,MSSQL,12289
12290,1344,UDP,SSH,12290
12291,53,UDP,DNS,12291
12292,80,TCP,HTTP,12292
12293,5060,UDP,PGSQL,12293
12294,21,UDP,SIP,12294
12295,138,UDP,HPSERVICE,12295
12296,445,UDP,HTTP,12296
12297,445,UDP,HTTP,12297
12298,138,TCP,ACMSODA,12298
12299,3689,TCP,PGSQL,12299
12300,445,UDP,DNS,12300
12301,5060,UDP,EMS,12301
12302,5432,UDP,HTTPS,12302
12303,5060,UDP,TELNET,12303
12304,53,UDP,FTP,12304
12305,80,UDP,SIP,12305
12306,10001,UDP,SSH,12306
12307,993,TCP,IMAP4,12307
12308,5900,UDP,MDS,12308
12309,3689,TCP,HPSERVICE,12309
12310,443,UDP,FTP,12310
12311,993,TCP,RDP,12311
12312,993,TCP,DNS,12312
12313,5060,UDP,MSSQL,12313
12314,5900,UDP,MSSQL,12314
12315,8080,TCP,ACMSODA,12315
12316,445,UDP,DAAPD,12316
12317,53,UDP,ZABBIX,12317
12318,587,UDP,IRDMI,12318
12319,10001,TCP,MDS,12319
12320,23,UDP,FTP,12320
12321,138,TCP,ICAP,12321
12322,443,TCP,HTTPS,12322
12323,443,TCP,HTTPS,12323
12324,3689,UDP,VNC,12324
12325,443,UDP,UBIQUITY,12325
12326,5432,UDP,HTTPS,12326
12327,10051,UDP,MSSQL,12327
12328,9100,UDP,MDS,12328
12329,23,UDP,SIP,12329
12330,1433,UDP,XMPP,12330
12331,53,UDP,NETBIOS,12331
12332,3689,UDP,HTTP,12332
12333,3689,TCP,ICAP,12333
12334,1344,TCP,IMAP4,12334
12335,22,TCP,FTP,12335
12336,8080,TCP,EMS,12336
12337,3389,TCP,MSSQL,12337
12338,53,UDP,DNS,12338
12339,443,TCP,HTTPS,12339
12340,443,TCP,HTTPS,12340
12341,500,TCP,FTP,12341
12342,138,TCP,IRDMI,12342
12343,1344,UDP,SSH,12343
12344,5900,UDP,TELNET,12344
12345,443,TCP,HTTPS,12345
12346,3128,TCP,HPSERVICE,12346
12347,443,TCP,HTTPS,12347
12348,443,TCP,HTTPS,12348
12349,5060,UDP,DAAPD,12349
12350,1433,TCP,PGSQL,12350
12351,1344,TCP,UBIQUITY,12351
12352,23,TCP,HPSERVICE,12352
12353,5432,UDP,ACMSODA,12353
12354,993,TCP,HTTP,12354
12355,3389,TCP,SSH,12355
12356,3389,UDP,NETBIOS,12356
12357,6969,TCP,HTTPS,12357
12358,8000,TCP,ICAP,12358
12359,445,TCP,SSH,12359
12360,443,TCP,HTTPS,12360
12361,6969,TCP,ZABBIX,12361
12362,8080,UDP,ACMSODA,12362
12363,445,UDP,DNS,12363
12364,993,TCP,PGSQL,12364
12365,21,UDP,SIP,12365
12366,10051,UDP,SIP,12366
12367,445,UDP,MDS,12367
12368,5060,UDP,TELNET,12368
12369,23,TCP,HPSERVICE,12369
12370,5900,UDP,TELNET,12370
12371,443,TCP,HTTPS,12371
12372,443,TCP,UBIQUITY,12372
12373,10051,TCP,UBIQUITY,12373
12374,443,TCP,HTTPS,12374
12375,6969,TCP,HTTPS,12375
12376,6969,TCP,HTTPS,12376
12377,5432,UDP,IMAP4,12377
12378,443,TCP,HTTPS,12378
12379,443,TCP,HTTPS,12379
12380,80,UDP,SNMP,12380
12381,443,UDP,HTTPS,12381
12382,3128,UDP,ICAP,12382
12383,3128,TCP,ACMSODA,12383
12384,10051,TCP,SIP,12384
12385,6969,TCP,ZABBIX,12385
12386,443,TCP,HTTPS,12386
12387,587,UDP,IRDMI,12387
12388,80,TCP,EMS,12388
12389,445,UDP,HTTPS,12389
12390,5222,TCP,MDS,12390
12391,138,UDP,HPSERVICE,12391
12392,161,UDP,IRDMI,12392
12393,21,UDP,FTP,12393
12394,5222,TCP,HTTPS,12394
12395,445,TCP,TELNET,12395
12396,9100,TCP,MDS,12396
12397,80,TCP,HTTP,12397
12398,5900,UDP,MDS,12398
12399,443,TCP,HTTPS,12399
12400,53,UDP,DNS,12400
12401,443,TCP,HTTPS,12401
12402,53,UDP,DNS,12402
12403,5432,TCP,ZABBIX,12403
12404,80,TCP,HTTP,12404
12405,3389,UDP,SNMP,12405
12406,22,TCP,HTTP,12406
12407,8080,TCP,DAAPD,12407
12408,5432,UDP,DNS,12408
12409,10051,TCP,ZABBIX,12409
12410,3128,UDP,ICAP,12410
12411,22,TCP,HTTP,12411
12412,5060,TCP,NETBIOS,12412
12413,5900,UDP,UBIQUITY,12413
12414,21,TCP,IMAP4,12414
12415,10051,UDP,RDP,12415
12416,10051,UDP,SIP,12416
12417,138,TCP,SSH,12417
12418,443,TCP,HTTPS,12418
12419,3389,TCP,SSH,12419
12420,445,UDP,HTTPS,12420
12421,1344,UDP,TELNET,12421
12422,445,TCP,TELNET,12422
12423,5432,UDP,DNS,12423
12424,8000,UDP,SIP,12424
12425,3689,TCP,HPSERVICE,12425
12426,3389,TCP,EMS,12426
12427,161,UDP,DNS,12427
12428,5432,TCP,XMPP,12428
12429,80,UDP,SNMP,12429
12430,587,TCP,RDP,12430
12431,500,UDP,DAAPD,12431
12432,21,UDP,XMPP,12432
12433,22,UDP,PGSQL,12433
12434,138,TCP,VNC,12434
12435,21,TCP,HPSERVICE,12435
12436,1433,UDP,ZABBIX,12436
12437,5432,UDP,ISAKMP,12437
12438,5222,UDP,ICAP,12438
12439,5900,UDP,UBIQUITY,12439
12440,138,UDP,NETBIOS,12440
12441,1433,UDP,ACMSODA,12441
12442,80,TCP,HTTP,12442
12443,8000,UDP,HTTP,12443
12444,5900,TCP,MDS,12444
12445,80,UDP,XMPP,12445
12446,443,TCP,HTTPS,12446
12447,138,UDP,IRDMI,12447
12448,10001,UDP,TELNET,12448
12449,443,TCP,HTTPS,12449
12450,443,TCP,DNS,12450
12451,53,UDP,DNS,12451
12452,21,UDP,SIP,12452
12453,3128,TCP,HTTP,12453
12454,445,UDP,UBIQUITY,12454
12455,80,UDP,HTTP,12455
12456,3128,TCP,IMAP4,12456
12457,53,UDP,DNS,12457
12458,22,UDP,SIP,12458
12459,1344,TCP,NETBIOS,12459
12460,138,UDP,HPSERVICE,12460
12461,8000,UDP,NETBIOS,12461
12462,137,TCP,XMPP,12462
12463,3689,UDP,VNC,12463
12464,8000,TCP,ICAP,12464
12465,443,UDP,ICAP,12465
12466,21,UDP,ACMSODA,12466
12467,10051,UDP,ACMSODA,12467
12468,443,TCP,HTTPS,12468
12469,443,TCP,HTTPS,12469
12470,23,TCP,VNC,12470
12471,443,TCP,HTTPS,12471
12472,21,UDP,ICAP,12472
12473,3389,UDP,IRDMI,12473
12474,5900,UDP,MDS,12474
12475,22,UDP,SIP,12475
12476,3689,UDP,UBIQUITY,12476
12477,161,TCP,IRDMI,12477
12478,587,UDP,IRDMI,12478
12479,8080,UDP,HTTP,12479
12480,443,TCP,HTTPS,12480
12481,21,TCP,FTP,12481
12482,21,UDP,XMPP,12482
12483,22,UDP,SIP,12483
12484,21,UDP,HTTPS,12484
12485,22,TCP,HTTPS,12485
12486,445,UDP,UBIQUITY,12486
12487,445,TCP,MDS,12487
12488,9100,UDP,SNMP,12488
12489,3128,TCP,HTTP,12489
12490,9100,UDP,PGSQL,12490
12491,443,TCP,HTTPS,12491
12492,1433,TCP,XMPP,12492
12493,8080,UDP,TELNET,12493
12494,53,TCP,ACMSODA,12494
12495,22,TCP,VNC,12495
12496,10051,UDP,SSH,12496
12497,8000,TCP,MSSQL,12497
12498,5432,TCP,DAAPD,12498
12499,443,TCP,HTTPS,12499
12500,5061,UDP,TELNET,12500
12501,443,TCP,HTTP,12501
12502,5060,UDP,FTP,12502
12503,21,UDP,RDP,12503
12504,53,UDP,FTP,12504
12505,587,UDP,ISAKMP,12505
12506,138,UDP,MDS,12506
12507,10051,UDP,PGSQL,12507
12508,445,TCP,IRDMI,12508
12509,1344,TCP,HTTPS,12509
12510,10051,TCP,ISAKMP,12510
12511,445,UDP,SIP,12511
12512,1344,UDP,PGSQL,12512
12513,445,TCP,MSSQL,12513
12514,21,UDP,SIP,12514
12515,23,UDP,SIP,12515
12516,80,TCP,HPSERVICE,12516
12517,5900,TCP,ZABBIX,12517
12518,3389,UDP,SNMP,12518
12519,161,TCP,DAAPD,12519
12520,10051,UDP,MSSQL,12520
12521,587,UDP,XMPP,12521
12522,1433,TCP,VNC,12522
12523,3128,TCP,SNMP,12523
12524,5900,TCP,RDP,12524
12525,443,TCP,DAAPD,12525
12526,5432,UDP,ISAKMP,12526
12527,53,UDP,NETBIOS,12527
12528,5900,TCP,MSSQL,12528
12529,5222,TCP,EMS,12529
12530,137,TCP,HTTPS,12530
12531,443,UDP,DAAPD,12531
12532,500,UDP,DAAPD,12532
12533,443,TCP,UBIQUITY,12533
12534,23,TCP,IMAP4,12534
12535,22,TCP,VNC,12535
12536,3128,TCP,SNMP,12536
12537,8000,UDP,UBIQUITY,12537
12538,500,TCP,PGSQL,12538
12539,1344,TCP,TELNET,12539
12540,993,TCP,DNS,12540
12541,80,UDP,SNMP,12541
12542,8080,UDP,ACMSODA,12542
12543,443,TCP,HTTPS,12543
12544,138,TCP,ICAP,12544
12545,21,TCP,EMS,12545
12546,500,TCP,SIP,12546
12547,1344,TCP,TELNET,12547
12548,5060,UDP,RDP,12548
12549,3389,TCP,IMAP4,12549
12550,3128,UDP,ICAP,12550
12551,10001,TCP,EMS,12551
12552,21,TCP,FTP,12552
12553,10051,UDP,SIP,12553
12554,5222,TCP,EMS,12554
12555,443,UDP,ACMSODA,12555
12556,443,TCP,HTTPS,12556
12557,137,TCP,DAAPD,12557
12558,445,TCP,MDS,12558
12559,9100,TCP,IMAP4,12559
12560,587,UDP,IMAP4,12560
12561,21,UDP,SSH,12561
12562,53,UDP,DNS,12562
12563,443,TCP,HTTPS,12563
12564,500,UDP,DAAPD,12564
12565,1433,UDP,ACMSODA,12565
12566,23,TCP,HPSERVICE,12566
12567,53,UDP,DNS,12567
12568,587,UDP,IRDMI,12568
12569,53,UDP,DNS,12569
12570,443,TCP,HTTPS,12570
12571,443,TCP,UBIQUITY,12571
12572,500,UDP,SNMP,12572
12573,993,TCP,DNS,12573
12574,80,UDP,SIP,12574
12575,5900,UDP,TELNET,12575
12576,80,UDP,HTTP,12576
12577,23,UDP,SIP,12577
12578,3389,UDP,SNMP,12578
12579,21,TCP,FTP,12579
12580,53,TCP,MSSQL,12580
12581,161,TCP,IMAP4,12581
12582,138,TCP,ICAP,12582
12583,53,UDP,DNS,12583
12584,80,TCP,HTTP,12584
12585,161,UDP,PGSQL,12585
12586,500,TCP,PGSQL,12586
12587,137,TCP,PGSQL,12587
12588,8000,TCP,ICAP,12588
12589,8080,TCP,ZABBIX,12589
12590,5222,TCP,SIP,12590
12591,443,TCP,HTTPS,12591
12592,53,UDP,DNS,12592
12593,21,UDP,RDP,12593
12594,1433,UDP,EMS,12594
12595,3389,TCP,ACMSODA,12595
12596,161,TCP,TELNET,12596
12597,53,UDP,DNS,12597
12598,443,TCP,HTTPS,12598
12599,443,TCP,HTTPS,12599
12600,5222,TCP,HTTPS,12600
12601,80,UDP,IRDMI,12601
12602,21,TCP,MSSQL,12602
12603,6969,TCP,ZABBIX,12603
12604,3389,TCP,HPSERVICE,12604
12605,21,UDP,HTTPS,12605
12606,443,TCP,DAAPD,12606
12607,443,TCP,HTTPS,12607
12608,53,TCP,MSSQL,12608
12609,21,UDP,HTTPS,12609
12610,161,TCP,DAAPD,12610
12611,993,UDP,PGSQL,12611
12612,5222,UDP,SSH,12612
12613,1344,UDP,ICAP,12613
12614,993,UDP,TELNET,12614
12615,5432,UDP,DNS,12615
12616,9100,TCP,FTP,12616
12617,3689,UDP,MSSQL,12617
12618,445,UDP,IMAP4,12618
12619,993,UDP,TELNET,12619
12620,80,TCP,HTTP,12620
12621,80,UDP,ZABBIX,12621
12622,22,UDP,MSSQL,12622
12623,53,TCP,MSSQL,12623
12624,443,UDP,MDS,12624
12625,22,UDP,TELNET,12625
12626,5900,UDP,ICAP,12626
12627,3389,TCP,ACMSODA,12627
12628,443,TCP,HTTPS,12628
12629,443,TCP,UBIQUITY,12629
12630,993,TCP,DNS,12630
12631,3689,UDP,SNMP,12631
12632,3128,UDP,IMAP4,12632
12633,1344,TCP,IMAP4,12633
12634,443,TCP,HTTPS,12634
12635,5432,UDP,DNS,12635
12636,443,TCP,HTTPS,12636
12637,8000,UDP,SIP,12637
12638,9100,TCP,SNMP,12638
12639,3128,TCP,ACMSODA,12639
12640,8000,TCP,MSSQL,12640
12641,3689,TCP,HPSERVICE,12641
12642,22,TCP,HTTP,12642
12643,587,TCP,RDP,12643
12644,138,TCP,XMPP,12644
12645,8080,UDP,TELNET,12645
12646,5222,UDP,PGSQL,12646
12647,5060,UDP,FTP,12647
12648,137,UDP,XMPP,12648
12649,5900,UDP,ISAKMP,12649
12650,3689,TCP,ACMSODA,12650
12651,10051,UDP,SIP,12651
12652,53,UDP,DNS,12652
12653,587,TCP,RDP,12653
12654,21,TCP,MDS,12654
12655,138,TCP,IRDMI,12655
12656,443,UDP,HTTPS,12656
12657,1433,UDP,XMPP,12657
12658,21,TCP,FTP,12658
12659,5061,UDP,TELNET,12659
12660,993,TCP,SSH,12660
12661,587,UDP,HTTP,12661
12662,138,UDP,PGSQL,12662
12663,53,UDP,DNS,12663
12664,80,UDP,SIP,12664
12665,443,TCP,HTTPS,12665
12666,3389,TCP,IMAP4,12666
12667,53,UDP,DNS,12667
12668,23,TCP,HPSERVICE,12668
12669,22,TCP,VNC,12669
12670,3689,TCP,HTTP,12670
12671,443,TCP,HTTPS,12671
12672,80,TCP,HTTP,12672
12673,8000,UDP,HTTP,12673
12674,1344,TCP,NETBIOS,12674
12675,500,TCP,SSH,12675
12676,3389,TCP,MSSQL,12676
12677,5222,TCP,HTTPS,12677
12678,8080,UDP,XMPP,12678
12679,22,TCP,IMAP4,12679
12680,5432,UDP,ICAP,12680
12681,443,TCP,HTTPS,12681
12682,500,TCP,SSH,12682
12683,443,TCP,HTTPS,12683
12684,5432,TCP,PGSQL,12684
12685,1433,TCP,SNMP,12685
12686,443,TCP,HTTP,12686
12687,5900,TCP,PGSQL,12687
12688,1344,TCP,TELNET,12688
12689,443,TCP,HTTPS,12689
12690,21,TCP,FTP,12690
12691,3689,UDP,TELNET,12691
12692,9100,TCP,RDP,12692
12693,500,UDP,RDP,12693
12694,3128,UDP,MSSQL,12694
12695,80,TCP,HTTP,12695
12696,1433,TCP,SSH,12696
12697,5900,TCP,FTP,12697
12698,5060,TCP,IRDMI,12698
12699,500,UDP,DAAPD,12699
12700,80,UDP,ZABBIX,12700
12701,22,TCP,VNC,12701
12702,6969,TCP,ZABBIX,12702
12703,161,TCP,SSH,12703
12704,53,UDP,DNS,12704
12705,3689,UDP,FTP,12705
12706,443,TCP,HTTPS,12706
12707,3689,UDP,VNC,12707
12708,443,TCP,HTTPS,12708
12709,23,UDP,FTP,12709
12710,5060,TCP,MDS,12710
12711,21,UDP,MSSQL,12711
12712,1344,UDP,ICAP,12712
12713,1344,TCP,NETBIOS,12713
12714,443,TCP,HTTPS,12714
12715,443,UDP,ISAKMP,12715
12716,5900,UDP,EMS,12716
12717,5432,UDP,RDP,12717
12718,443,TCP,DNS,12718
12719,9100,TCP,IRDMI,12719
12720,21,TCP,FTP,12720
12721,443,TCP,HTTPS,12721
12722,5900,TCP,RDP,12722
12723,993,TCP,DNS,12723
12724,587,TCP,ACMSODA,12724
12725,22,UDP,XMPP,12725
12726,500,TCP,RDP,12726
12727,23,TCP,VNC,12727
12728,5432,TCP,HTTPS,12728
12729,5222,UDP,SSH,12729
12730,500,UDP,TELNET,12730
12731,8080,UDP,IRDMI,12731
12732,5900,TCP,EMS,12732
12733,21,UDP,RDP,12733
12734,5900,TCP,MDS,12734
12735,5060,TCP,HPSERVICE,12735
12736,1344,TCP,TELNET,12736
12737,21,UDP,FTP,12737
12738,443,UDP,DAAPD,12738
12739,443,TCP,HTTPS,12739
12740,443,TCP,HTTPS,12740
12741,443,TCP,HTTPS,12741
12742,5060,UDP,FTP,12742
12743,3689,TCP,ICAP,12743
12744,138,UDP,IRDMI,12744
12745,138,UDP,IRDMI,12745
12746,3689,UDP,MSSQL,12746
12747,3128,TCP,ACMSODA,12747
12748,22,TCP,HTTP,12748
12749,445,TCP,SSH,12749
12750,8000,TCP,MSSQL,12750
12751,443,TCP,UBIQUITY,12751
12752,1433,TCP,IMAP4,12752
12753,3689,UDP,VNC,12753
12754,3689,UDP,FTP,12754
12755,443,TCP,UBIQUITY,12755
12756,5060,TCP,ACMSODA,12756
12757,53,UDP,ISAKMP,12757
12758,443,TCP,HTTPS,12758
12759,443,TCP,HTTPS,12759
12760,21,TCP,EMS,12760
12761,53,UDP,DNS,12761
12762,443,TCP,HTTPS,12762
12763,443,TCP,HTTPS,12763
12764,80,UDP,HTTP,12764
12765,6969,TCP,IMAP4,12765
12766,5222,UDP,PGSQL,12766
12767,8080,UDP,ISAKMP,12767
12768,8000,TCP,SSH,12768
12769,1344,TCP,HPSERVICE,12769
12770,5222,UDP,SSH,12770
12771,443,TCP,HTTPS,12771
12772,5222,UDP,EMS,12772
12773,5222,UDP,ZABBIX,12773
12774,6969,UDP,ICAP,12774
12775,5432,UDP,ISAKMP,12775
12776,9100,UDP,SNMP,12776
12777,21,TCP,FTP,12777
12778,445,TCP,HPSERVICE,12778
12779,5060,UDP,MDS,12779
12780,500,TCP,PGSQL,12780
12781,9100,TCP,SNMP,12781
12782,10051,UDP,VNC,12782
12783,23,TCP,HPSERVICE,12783
12784,443,TCP,HTTPS,12784
12785,161,TCP,TELNET,12785
12786,443,UDP,HTTPS,12786
12787,10051,UDP,SIP,12787
12788,443,TCP,HTTPS,12788
12789,500,TCP,SIP,12789
12790,3128,UDP,ICAP,12790
12791,445,TCP,SSH,12791
12792,500,UDP,DNS,12792
12793,1433,UDP,ZABBIX,12793
12794,443,TCP,HTTPS,12794
12795,443,TCP,HTTPS,12795
12796,5432,UDP,HTTPS,12796
12797,443,TCP,RDP,12797
12798,21,TCP,EMS,12798
12799,80,UDP,ZABBIX,12799
12800,443,TCP,HTTPS,12800
12801,3128,TCP,SSH,12801
12802,587,TCP,MDS,12802
12803,21,UDP,UBIQUITY,12803
12804,1433,TCP,IMAP4,12804
12805,1344,TCP,TELNET,12805
12806,587,TCP,MDS,12806
12807,3128,UDP,ICAP,12807
12808,22,TCP,HTTP,12808
12809,1344,TCP,UBIQUITY,12809
12810,587,TCP,ZABBIX,12810
12811,443,TCP,HTTPS,12811
12812,445,TCP,MDS,12812
12813,8080,UDP,ACMSODA,12813
12814,3689,TCP,PGSQL,12814
12815,9100,UDP,DAAPD,12815
12816,443,TCP,SIP,12816
12817,22,UDP,IMAP4,12817
12818,80,UDP,SIP,12818
12819,21,UDP,SIP,12819
12820,21,TCP,FTP,12820
12821,1344,UDP,SSH,12821
12822,53,UDP,FTP,12822
12823,53,UDP,DNS,12823
12824,993,UDP,PGSQL,12824
12825,5061,UDP,ACMSODA,12825
12826,21,UDP,SSH,12826
12827,443,TCP,ACMSODA,12827
12828,443,TCP,UBIQUITY,12828
12829,3689,UDP,FTP,12829
12830,161,UDP,VNC,12830
12831,443,TCP,HTTPS,12831
12832,9100,UDP,PGSQL,12832
12833,23,UDP,SIP,12833
12834,161,TCP,IRDMI,12834
12835,5060,UDP,NETBIOS,12835
12836,5061,UDP,PGSQL,12836
12837,5432,TCP,XMPP,12837
12838,1433,TCP,SSH,12838
12839,3128,UDP,MSSQL,12839
12840,161,UDP,SSH,12840
12841,21,TCP,FTP,12841
12842,443,TCP,DAAPD,12842
12843,5900,UDP,ISAKMP,12843
12844,3689,TCP,TELNET,12844
12845,53,UDP,DNS,12845
12846,53,UDP,XMPP,12846
12847,5222,TCP,EMS,12847
12848,53,UDP,DNS,12848
12849,5060,UDP,FTP,12849
12850,161,TCP,IMAP4,12850
12851,80,UDP,DAAPD,12851
12852,993,TCP,DNS,12852
12853,22,TCP,HTTP,12853
12854,80,UDP,SNMP,12854
12855,443,TCP,HTTPS,12855
12856,22,TCP,MSSQL,12856
12857,443,TCP,HTTPS,12857
12858,5060,TCP,MDS,12858
12859,3689,TCP,XMPP,12859
12860,445,TCP,SSH,12860
12861,443,TCP,HTTPS,12861
12862,500,UDP,RDP,12862
12863,21,UDP,SIP,12863
12864,443,TCP,UBIQUITY,12864
12865,500,UDP,SNMP,12865
12866,443,TCP,HTTPS,12866
12867,3128,UDP,ICAP,12867
12868,137,TCP,HTTPS,12868
12869,23,UDP,MDS,12869
12870,3128,UDP,ICAP,12870
12871,443,TCP,UBIQUITY,12871
12872,443,TCP,HTTPS,12872
12873,53,UDP,ISAKMP,12873
12874,3689,TCP,PGSQL,12874
12875,993,UDP,HPSERVICE,12875
12876,5900,UDP,MDS,12876
12877,5432,UDP,NETBIOS,12877
12878,445,TCP,TELNET,12878
12879,3128,TCP,ACMSODA,12879
12880,1433,TCP,SSH,12880
12881,500,TCP,PGSQL,12881
12882,3389,UDP,IRDMI,12882
12883,5222,UDP,ZABBIX,12883
12884,5432,UDP,RDP,12884
12885,23,TCP,DNS,12885
12886,1344,TCP,UBIQUITY,12886
12887,3689,UDP,SNMP,12887
12888,500,TCP,DNS,12888
12889,23,TCP,HPSERVICE,12889
12890,161,UDP,UBIQUITY,12890
12891,1344,TCP,IMAP4,12891
12892,1433,TCP,VNC,12892
12893,23,TCP,VNC,12893
12894,993,UDP,PGSQL,12894
12895,443,TCP,TELNET,12895
12896,5222,UDP,SSH,12896
12897,6969,UDP,ZABBIX,12897
12898,5432,TCP,RDP,12898
12899,3389,TCP,ACMSODA,12899
12900,22,TCP,MSSQL,12900
12901,5432,UDP,ICAP,12901
12902,161,TCP,MSSQL,12902
12903,443,TCP,SIP,12903
12904,5222,UDP,SSH,12904
12905,445,UDP,DAAPD,12905
12906,137,TCP,RDP,12906
12907,10001,TCP,MDS,12907
12908,5900,TCP,RDP,12908
12909,5900,TCP,MDS,12909
12910,53,UDP,DNS,12910
12911,1433,TCP,SSH,12911
12912,3389,TCP,MDS,12912
12913,993,TCP,DNS,12913
12914,5061,UDP,TELNET,12914
12915,8080,TCP,MSSQL,12915
12916,5900,UDP,ICAP,12916
12917,443,TCP,HTTPS,12917
12918,21,TCP,FTP,12918
12919,1344,TCP,UBIQUITY,12919
12920,10051,TCP,ZABBIX,12920
12921,8000,TCP,SSH,12921
12922,8080,TCP,ZABBIX,12922
12923,23,UDP,IRDMI,12923
12924,3389,TCP,SSH,12924
12925,10001,UDP,SSH,12925
12926,993,UDP,DAAPD,12926
12927,5060,TCP,HTTPS,12927
12928,5060,UDP,TELNET,12928
12929,3128,UDP,IRDMI,12929
12930,443,TCP,HTTPS,12930
12931,21,TCP,FTP,12931
12932,9100,TCP,SSH,12932
12933,5900,UDP,MDS,12933
12934,5900,UDP,NETBIOS,12934
12935,5432,UDP,ISAKMP,12935
12936,21,TCP,FTP,12936
12937,8080,UDP,FTP,12937
12938,5061,UDP,TELNET,12938
12939,5222,TCP,EMS,12939
12940,5060,UDP,FTP,12940
12941,10051,UDP,ICAP,12941
12942,3389,UDP,PGSQL,12942
12943,21,TCP,FTP,12943
12944,8080,UDP,HPSERVICE,12944
12945,993,TCP,NETBIOS,12945
12946,23,TCP,DNS,12946
12947,80,TCP,HTTP,12947
12948,445,TCP,SSH,12948
12949,10051,UDP,MDS,12949
12950,993,UDP,PGSQL,12950
12951,445,TCP,IRDMI,12951
12952,8080,UDP,ICAP,12952
12953,5900,UDP,FTP,12953
12954,443,TCP,HTTPS,12954
12955,23,TCP,VNC,12955
12956,23,UDP,MDS,12956
12957,22,TCP,VNC,12957
12958,21,TCP,FTP,12958
12959,500,TCP,PGSQL,12959
12960,5432,UDP,IMAP4,12960
12961,53,TCP,SNMP,12961
12962,9100,UDP,IRDMI,12962
12963,443,TCP,HTTPS,12963
12964,22,TCP,UBIQUITY,12964
12965,3689,TCP,TELNET,12965
12966,3689,TCP,HPSERVICE,12966
12967,443,TCP,HTTPS,12967
12968,443,TCP,HTTPS,12968
12969,443,TCP,HTTPS,12969
12970,993,TCP,UBIQUITY,12970
12971,138,TCP,SSH,12971
12972,443,TCP,HTTPS,12972
12973,21,UDP,RDP,12973
12974,5900,TCP,ZABBIX,12974
12975,22,UDP,SIP,12975
12976,993,TCP,DNS,12976
12977,137,TCP,RDP,12977
12978,1344,UDP,UBIQUITY,12978
12979,6969,UDP,SNMP,12979
12980,443,TCP,HTTPS,12980
12981,9100,TCP,NETBIOS,12981
12982,5432,TCP,RDP,12982
12983,443,TCP,HTTPS,12983
12984,5060,UDP,MSSQL,12984
12985,5432,UDP,MSSQL,12985
12986,23,TCP,EMS,12986
12987,8000,TCP,ICAP,12987
12988,1433,TCP,VNC,12988
12989,80,TCP,HTTP,12989
12990,23,TCP,DAAPD,12990
12991,137,TCP,RDP,12991
12992,10001,UDP,DAAPD,12992
12993,5061,TCP,SIP,12993
12994,445,UDP,IMAP4,12994
12995,5900,UDP,SIP,12995
12996,3128,UDP,IMAP4,12996
12997,587,UDP,IRDMI,12997
12998,9100,UDP,PGSQL,12998
12999,1433,UDP,ACMSODA,12999
13000,587,TCP,RDP,13000
13001,53,UDP,DNS,13001
13002,1344,TCP,ISAKMP,13002
13003,443,TCP,HTTPS,13003
13004,5222,TCP,ICAP,13004
13005,587,TCP,PGSQL,13005
13006,1433,TCP,IMAP4,13006
13007,22,TCP,HTTP,13007
13008,443,TCP,HTTPS,13008
13009,21,UDP,ACMSODA,13009
13010,1433,UDP,ACMSODA,13010
13011,500,UDP,XMPP,13011
13012,993,UDP,SNMP,13012
13013,80,UDP,NETBIOS,13013
13014,5432,UDP,ACMSODA,13014
13015,5432,TCP,RDP,13015
13016,443,UDP,HTTPS,13016
13017,8080,TCP,MSSQL,13017
13018,8080,UDP,ICAP,13018
13019,3689,UDP,HTTP,13019
13020,993,TCP,NETBIOS,13020
13021,53,UDP,VNC,13021
13022,443,TCP,HTTPS,13022
13023,1344,TCP,NETBIOS,13023
13024,1344,UDP,HTTP,13024
13025,5900,UDP,SIP,13025
13026,443,TCP,UBIQUITY,13026
13027,9100,UDP,SNMP,13027
13028,8080,UDP,UBIQUITY,13028
13029,9100,UDP,PGSQL,13029
13030,993,TCP,FTP,13030
13031,6969,TCP,IMAP4,13031
13032,1344,TCP,EMS,13032
13033,443,TCP,HTTPS,13033
13034,993,TCP,UBIQUITY,13034
13035,443,TCP,HTTPS,13035
13036,23,TCP,VNC,13036
13037,53,UDP,VNC,13037
13038,3128,TCP,SSH,13038
13039,443,TCP,HTTPS,13039
13040,1344,TCP,TELNET,13040
13041,22,TCP,UBIQUITY,13041
13042,80,TCP,HPSERVICE,13042
13043,3389,UDP,RDP,13043
13044,5060,TCP,IRDMI,13044
13045,138,UDP,IRDMI,13045
13046,6969,TCP,HTTPS,13046
13047,6969,UDP,SNMP,13047
13048,5222,TCP,TELNET,13048
13049,3389,UDP,HTTPS,13049
13050,53,TCP,SNMP,13050
13051,1433,UDP,HPSERVICE,13051
13052,21,TCP,FTP,13052
13053,993,UDP,MDS,13053
13054,5061,TCP,VNC,13054
13055,1344,TCP,TELNET,13055
13056,1344,TCP,UBIQUITY,13056
13057,138,UDP,IRDMI,13057
13058,3689,TCP,HPSERVICE,13058
13059,500,UDP,ICAP,13059
13060,3389,TCP,MSSQL,13060
13061,5060,UDP,FTP,13061
13062,5432,TCP,SSH,13062
13063,993,UDP,ISAKMP,13063
13064,443,TCP,HTTPS,13064
13065,161,TCP,IRDMI,13065
13066,138,TCP,SSH,13066
13067,10051,UDP,MDS,13067
13068,137,TCP,PGSQL,13068
13069,5061,UDP,PGSQL,13069
13070,5432,UDP,DNS,13070
13071,5060,TCP,ACMSODA,13071
13072,443,TCP,HTTPS,13072
13073,587,UDP,XMPP,13073
13074,5432,TCP,DAAPD,13074
13075,3389,TCP,MSSQL,13075
13076,1433,TCP,MSSQL,13076
13077,5060,TCP,ACMSODA,13077
13078,6969,UDP,SNMP,13078
13079,6969,TCP,HTTPS,13079
13080,443,TCP,HTTPS,13080
13081,8080,UDP,TELNET,13081
13082,443,TCP,HTTPS,13082
13083,21,UDP,ACMSODA,13083
13084,443,TCP,HTTPS,13084
13085,22,UDP,SIP,13085
13086,6969,TCP,HTTPS,13086
13087,3389,UDP,IRDMI,13087
13088,21,TCP,EMS,13088
13089,5432,TCP,DAAPD,13089
13090,80,UDP,ZABBIX,13090
13091,80,UDP,ZABBIX,13091
13092,80,TCP,HTTP,13092
13093,500,UDP,DAAPD,13093
13094,161,UDP,PGSQL,13094
13095,587,UDP,HTTP,13095
13096,80,TCP,HTTP,13096
13097,443,TCP,HTTPS,13097
13098,1433,TCP,PGSQL,13098
13099,5432,UDP,ISAKMP,13099
13100,161,UDP,TELNET,13100
13101,443,UDP,IRDMI,13101
13102,53,UDP,DNS,13102
13103,9100,TCP,PGSQL,13103
13104,443,UDP,SNMP,13104
13105,80,TCP,FTP,13105
13106,5061,UDP,ACMSODA,13106
13107,161,UDP,UBIQUITY,13107
13108,137,TCP,HTTPS,13108
13109,137,TCP,ACMSODA,13109
13110,587,UDP,EMS,13110
13111,138,UDP,HPSERVICE,13111
13112,5060,UDP,FTP,13112
13113,21,UDP,SIP,13113
13114,161,UDP,VNC,13114
13115,21,TCP,FTP,13115
13116,6969,TCP,ISAKMP,13116
13117,21,TCP,FTP,13117
13118,161,TCP,IMAP4,13118
13119,443,TCP,HTTPS,13119
13120,8080,UDP,ICAP,13120
13121,500,UDP,DNS,13121
13122,10001,UDP,FTP,13122
13123,5900,UDP,DAAPD,13123
13124,8000,TCP,ICAP,13124
13125,161,TCP,IMAP4,13125
13126,443,TCP,UBIQUITY,13126
13127,138,UDP,MDS,13127
13128,3128,UDP,ICAP,13128
13129,3128,UDP,VNC,13129
13130,80,UDP,DAAPD,13130
13131,21,UDP,MSSQL,13131
13132,1344,TCP,HPSERVICE,13132
13133,161,UDP,UBIQUITY,13133
13134,10051,UDP,MDS,13134
13135,53,UDP,DNS,13135
13136,6969,TCP,IMAP4,13136
13137,5060,TCP,NETBIOS,13137
13138,587,TCP,UBIQUITY,13138
13139,3389,TCP,SSH,13139
13140,587,UDP,RDP,13140
13141,587,TCP,MDS,13141
13142,443,TCP,HTTPS,13142
13143,443,TCP,HTTPS,13143
13144,10051,TCP,SIP,13144
13145,587,TCP,PGSQL,13145
13146,6969,TCP,ZABBIX,13146
13147,445,TCP,HPSERVICE,13147
13148,80,TCP,MSSQL,13148
13149,21,UDP,MSSQL,13149
13150,587,UDP,XMPP,13150
13151,138,UDP,HPSERVICE,13151
13152,6969,UDP,MSSQL,13152
13153,53,UDP,DNS,13153
13154,3689,TCP,SSH,13154
13155,587,UDP,HTTP,13155
13156,10051,UDP,VNC,13156
13157,10051,UDP,DNS,13157
13158,5900,TCP,RDP,13158
13159,23,UDP,SIP,13159
13160,10001,UDP,FTP,13160
13161,1433,UDP,HPSERVICE,13161
13162,53,UDP,VNC,13162
13163,443,TCP,HTTPS,13163
13164,53,UDP,DNS,13164
13165,21,UDP,RDP,13165
13166,445,TCP,MSSQL,13166
13167,3689,TCP,PGSQL,13167
13168,138,TCP,DNS,13168
13169,53,UDP,NETBIOS,13169
13170,10051,UDP,ICAP,13170
13171,1433,UDP,ZABBIX,13171
13172,5222,UDP,SSH,13172
13173,445,UDP,HTTP,13173
13174,443,TCP,HTTP,13174
13175,5060,TCP,NETBIOS,13175
13176,993,TCP,NETBIOS,13176
13177,587,UDP,IRDMI,13177
13178,22,TCP,FTP,13178
13179,10051,UDP,HPSERVICE,13179
13180,5432,TCP,VNC,13180
13181,443,UDP,MDS,13181
13182,5432,UDP,MSSQL,13182
13183,80,UDP,ZABBIX,13183
13184,445,TCP,TELNET,13184
13185,443,TCP,HTTPS,13185
13186,8080,UDP,ACMSODA,13186
13187,5060,TCP,ACMSODA,13187
13188,500,UDP,RDP,13188
13189,23,TCP,HPSERVICE,13189
13190,500,UDP,FTP,13190
13191,53,UDP,XMPP,13191
13192,80,UDP,ZABBIX,13192
13193,80,TCP,HTTP,13193
13194,10001,UDP,SSH,13194
13195,3128,UDP,ICAP,13195
13196,21,TCP,FTP,13196
13197,500,TCP,PGSQL,13197
13198,137,TCP,DAAPD,13198
13199,5900,TCP,ZABBIX,13199
13200,137,UDP,VNC,13200
13201,137,TCP,MSSQL,13201
13202,445,UDP,IMAP4,13202
13203,8080,UDP,TELNET,13203
13204,443,UDP,ISAKMP,13204
13205,5061,TCP,MDS,13205
13206,443,TCP,HTTPS,13206
13207,443,TCP,HTTPS,13207
13208,138,UDP,PGSQL,13208
13209,137,UDP,RDP,13209
13210,9100,UDP,DNS,13210
13211,10001,UDP,PGSQL,13211
13212,3389,UDP,SNMP,13212
13213,993,TCP,FTP,13213
13214,3389,TCP,MDS,13214
13215,5222,TCP,XMPP,13215
13216,9100,TCP,IRDMI,13216
13217,993,UDP,FTP,13217
13218,5432,UDP,DNS,13218
13219,443,TCP,HTTPS,13219
13220,10051,UDP,MSSQL,13220
13221,5900,UDP,TELNET,13221
13222,443,TCP,HTTPS,13222
13223,587,UDP,HPSERVICE,13223
13224,443,TCP,HPSERVICE,13224
13225,5060,TCP,ACMSODA,13225
13226,5900,UDP,NETBIOS,13226
13227,5222,UDP,SSH,13227
13228,8000,TCP,UBIQUITY,13228
13229,500,UDP,RDP,13229
13230,23,TCP,HPSERVICE,13230
13231,137,UDP,HTTPS,13231
13232,5060,TCP,MDS,13232
13233,993,UDP,RDP,13233
13234,6969,TCP,UBIQUITY,13234
13235,993,TCP,RDP,13235
13236,5432,UDP,DNS,13236
13237,53,UDP,ISAKMP,13237
13238,53,UDP,DNS,13238
13239,8080,UDP,TELNET,13239
13240,5222,TCP,HTTPS,13240
13241,993,TCP,DNS,13241
13242,161,TCP,IMAP4,13242
13243,21,UDP,MSSQL,13243
13244,5222,TCP,HTTPS,13244
13245,587,UDP,HTTP,13245
13246,53,UDP,DNS,13246
13247,443,TCP,HTTPS,13247
13248,3128,UDP,ICAP,13248
13249,6969,UDP,DNS,13249
13250,3389,TCP,MSSQL,13250
13251,5900,UDP,NETBIOS,13251
13252,21,TCP,FTP,13252
13253,10051,UDP,VNC,13253
13254,53,UDP,DNS,13254
13255,80,UDP,XMPP,13255
13256,138,UDP,IMAP4,13256
13257,5432,UDP,ACMSODA,13257
13258,587,UDP,XMPP,13258
13259,500,TCP,ISAKMP,13259
13260,5060,TCP,ICAP,13260
13261,443,TCP,HTTPS,13261
13262,993,TCP,UBIQUITY,13262
13263,443,TCP,HTTPS,13263
13264,21,TCP,FTP,13264
13265,5060,TCP,MDS,13265
13266,587,TCP,SIP,13266
13267,5900,TCP,PGSQL,13267
13268,5900,UDP,SIP,13268
13269,8080,UDP,ICAP,13269
13270,137,UDP,HTTPS,13270
13271,21,TCP,MSSQL,13271
13272,443,TCP,HTTPS,13272
13273,22,UDP,VNC,13273
13274,443,UDP,ISAKMP,13274
13275,443,TCP,HTTPS,13275
13276,1344,UDP,HTTP,13276
13277,10051,TCP,ISAKMP,13277
13278,8000,UDP,NETBIOS,13278
13279,500,TCP,SIP,13279
13280,6969,TCP,IMAP4,13280
13281,443,TCP,UBIQUITY,13281
13282,500,TCP,PGSQL,13282
13283,8080,UDP,FTP,13283
13284,3689,UDP,FTP,13284
13285,80,TCP,HTTP,13285
13286,6969,UDP,UBIQUITY,13286
13287,138,UDP,UBIQUITY,13287
13288,138,TCP,ICAP,13288
13289,137,TCP,XMPP,13289
13290,5900,UDP,EMS,13290
13291,21,UDP,UBIQUITY,13291
13292,3389,UDP,PGSQL,13292
13293,443,TCP,HTTPS,13293
13294,993,TCP,DNS,13294
13295,993,UDP,TELNET,13295
13296,53,UDP,FTP,13296
13297,5060,TCP,NETBIOS,13297
13298,6969,TCP,SNMP,13298
13299,22,UDP,VNC,13299
13300,10051,UDP,ACMSODA,13300
13301,10051,UDP,ACMSODA,13301
13302,445,UDP,TELNET,13302
13303,53,UDP,DNS,13303
13304,443,TCP,HTTP,13304
13305,161,TCP,VNC,13305
13306,443,TCP,HTTPS,13306
13307,443,TCP,HTTPS,13307
13308,5060,UDP,MSSQL,13308
13309,22,UDP,MSSQL,13309
13310,993,TCP,ISAKMP,13310
13311,8080,TCP,SIP,13311
13312,6969,TCP,DNS,13312
13313,10001,UDP,NETBIOS,13313
13314,5900,UDP,ISAKMP,13314
13315,10001,TCP,MDS,13315
13316,8080,UDP,XMPP,13316
13317,53,TCP,MSSQL,13317
13318,500,TCP,TELNET,13318
13319,443,TCP,VNC,13319
13320,3689,TCP,HTTP,13320
13321,6969,UDP,DAAPD,13321
13322,53,UDP,DNS,13322
13323,161,TCP,DAAPD,13323
13324,5432,TCP,HPSERVICE,13324
13325,5060,UDP,FTP,13325
13326,443,TCP,HTTPS,13326
13327,21,UDP,XMPP,13327
13328,1344,TCP,DAAPD,13328
13329,53,UDP,DNS,13329
13330,22,TCP,UBIQUITY,13330
13331,22,UDP,ISAKMP,13331
13332,5900,TCP,ZABBIX,13332
13333,3128,UDP,IRDMI,13333
13334,443,TCP,HTTPS,13334
13335,500,TCP,PGSQL,13335
13336,53,UDP,DNS,13336
13337,10051,UDP,MSSQL,13337
13338,8000,UDP,HPSERVICE,13338
13339,443,TCP,HTTPS,13339
13340,993,TCP,RDP,13340
13341,443,UDP,MDS,13341
13342,587,UDP,TELNET,13342
13343,161,TCP,TELNET,13343
13344,10051,UDP,ACMSODA,13344
13345,3389,UDP,SNMP,13345
13346,1344,UDP,MDS,13346
13347,161,UDP,DNS,13347
13348,443,TCP,HTTPS,13348
13349,445,TCP,HPSERVICE,13349
13350,53,UDP,DNS,13350
13351,587,TCP,SIP,13351
13352,80,TCP,HTTPS,13352
13353,21,TCP,XMPP,13353
13354,1344,UDP,SSH,13354
13355,443,TCP,HTTPS,13355
13356,161,TCP,TELNET,13356
13357,3389,TCP,MDS,13357
13358,21,UDP,ACMSODA,13358
13359,3689,UDP,VNC,13359
13360,587,TCP,ACMSODA,13360
13361,5061,TCP,PGSQL,13361
13362,443,TCP,HTTPS,13362
13363,5432,TCP,ZABBIX,13363
13364,138,TCP,SSH,13364
13365,10001,UDP,SSH,13365
13366,9100,UDP,SIP,13366
13367,9100,UDP,ZABBIX,13367
13368,5432,TCP,SSH,13368
13369,9100,TCP,IRDMI,13369
13370,6969,TCP,ZABBIX,13370
13371,53,UDP,DNS,13371
13372,5060,TCP,NETBIOS,13372
13373,138,TCP,ICAP,13373
13374,22,TCP,HTTP,13374
13375,500,TCP,HTTPS,13375
13376,587,UDP,HTTP,13376
13377,1433,TCP,PGSQL,13377
13378,21,TCP,IRDMI,13378
13379,53,UDP,DNS,13379
13380,500,TCP,PGSQL,13380
13381,6969,UDP,UBIQUITY,13381
13382,443,TCP,UBIQUITY,13382
13383,993,UDP,TELNET,13383
13384,3128,TCP,ACMSODA,13384
13385,5061,UDP,PGSQL,13385
13386,3689,TCP,HTTP,13386
13387,10001,UDP,RDP,13387
13388,8080,TCP,ZABBIX,13388
13389,443,TCP,HTTPS,13389
13390,443,TCP,HTTPS,13390
13391,500,UDP,DAAPD,13391
13392,5900,UDP,MSSQL,13392
13393,8000,TCP,SSH,13393
13394,3689,TCP,HTTP,13394
13395,9100,TCP,VNC,13395
13396,161,UDP,PGSQL,13396
13397,5060,UDP,EMS,13397
13398,5432,UDP,ACMSODA,13398
13399,80,UDP,ZABBIX,13399
13400,6969,TCP,ZABBIX,13400
13401,443,TCP,HTTPS,13401
13402,5060,UDP,FTP,13402
13403,587,UDP,FTP,13403
13404,443,TCP,HTTPS,13404
13405,137,TCP,ACMSODA,13405
13406,443,TCP,HTTPS,13406
13407,443,TCP,HTTPS,13407
13408,22,UDP,TELNET,13408
13409,443,TCP,HTTPS,13409
13410,443,TCP,HTTPS,13410
13411,21,UDP,MSSQL,13411
13412,1433,TCP,PGSQL,13412
13413,443,TCP,HTTPS,13413
13414,21,UDP,ACMSODA,13414
13415,1344,TCP,TELNET,13415
13416,10051,UDP,ACMSODA,13416
13417,5900,UDP,ICAP,13417
13418,6969,TCP,SNMP,13418
13419,21,UDP,ICAP,13419
13420,443,TCP,HTTPS,13420
13421,10001,UDP,ZABBIX,13421
13422,5222,UDP,ICAP,13422
13423,500,TCP,DNS,13423
13424,138,TCP,IRDMI,13424
13425,3389,TCP,SSH,13425
13426,5432,TCP,HTTPS,13426
13427,587,UDP,IRDMI,13427
13428,5900,TCP,RDP,13428
13429,23,TCP,VNC,13429
13430,21,UDP,SIP,13430
13431,443,TCP,HTTPS,13431
13432,5222,TCP,SIP,13432
13433,3128,UDP,ICAP,13433
13434,587,TCP,ZABBIX,13434
13435,5061,UDP,PGSQL,13435
13436,3389,TCP,SSH,13436
13437,443,TCP,HTTPS,13437
13438,5060,TCP,IRDMI,13438
13439,21,TCP,FTP,13439
13440,5061,UDP,TELNET,13440
13441,161,TCP,IMAP4,13441
13442,9100,TCP,PGSQL,13442
13443,3389,UDP,SNMP,13443
13444,3389,TCP,MSSQL,13444
13445,993,TCP,NETBIOS,13445
13446,443,TCP,HTTPS,13446
13447,993,UDP,PGSQL,13447
13448,138,TCP,ACMSODA,13448
13449,1433,TCP,EMS,13449
13450,5432,UDP,DNS,13450
13451,10051,TCP,ISAKMP,13451
13452,137,TCP,IRDMI,13452
13453,10001,UDP,HTTP,13453
13454,5900,UDP,SSH,13454
13455,53,UDP,DNS,13455
13456,445,TCP,SSH,13456
13457,1433,TCP,DNS,13457
13458,445,UDP,IMAP4,13458
13459,3389,TCP,UBIQUITY,13459
13460,443,TCP,HTTPS,13460
13461,8000,TCP,UBIQUITY,13461
13462,161,UDP,SIP,13462
13463,445,UDP,DNS,13463
13464,53,UDP,NETBIOS,13464
13465,9100,UDP,MDS,13465
13466,6969,TCP,NETBIOS,13466
13467,3389,TCP,SSH,13467
13468,443,TCP,HTTPS,13468
13469,10001,UDP,DAAPD,13469
13470,3389,TCP,SSH,13470
13471,443,TCP,HTTPS,13471
13472,5222,UDP,SSH,13472
13473,443,TCP,HTTPS,13473
13474,3389,TCP,IMAP4,13474
13475,3128,UDP,ZABBIX,13475
13476,443,TCP,HTTPS,13476
13477,500,UDP,RDP,13477
13478,6969,TCP,ISAKMP,13478
13479,1344,TCP,NETBIOS,13479
13480,5432,UDP,RDP,13480
13481,53,UDP,DNS,13481
13482,5432,TCP,RDP,13482
13483,23,TCP,VNC,13483
13484,138,UDP,NETBIOS,13484
13485,1433,TCP,IMAP4,13485
13486,22,TCP,HTTPS,13486
13487,3128,UDP,ICAP,13487
13488,500,UDP,DAAPD,13488
13489,53,TCP,MSSQL,13489
13490,53,UDP,DNS,13490
13491,80,TCP,HTTP,13491
13492,3389,TCP,HTTPS,13492
13493,5061,UDP,ACMSODA,13493
13494,5432,UDP,HTTPS,13494
13495,443,TCP,HTTPS,13495
13496,5061,UDP,ACMSODA,13496
13497,500,TCP,PGSQL,13497
13498,500,UDP,DAAPD,13498
13499,22,TCP,HTTP,13499
13500,161,UDP,UBIQUITY,13500
13501,22,UDP,VNC,13501
13502,5061,TCP,ACMSODA,13502
13503,3128,UDP,IMAP4,13503
13504,5060,TCP,NETBIOS,13504
13505,3128,TCP,HTTP,13505
13506,500,UDP,XMPP,13506
13507,443,TCP,IMAP4,13507
13508,21,UDP,XMPP,13508
13509,5222,UDP,SSH,13509
13510,587,TCP,PGSQL,13510
13511,993,UDP,ISAKMP,13511
13512,10001,UDP,FTP,13512
13513,6969,UDP,DNS,13513
13514,21,UDP,VNC,13514
13515,6969,TCP,SNMP,13515
13516,5432,UDP,HTTPS,13516
13517,5900,TCP,PGSQL,13517
13518,5432,UDP,IMAP4,13518
13519,10001,UDP,RDP,13519
13520,587,TCP,PGSQL,13520
13521,1344,TCP,TELNET,13521
13522,5060,TCP,NETBIOS,13522
13523,5060,UDP,MDS,13523
13524,3689,UDP,XMPP,13524
13525,6969,TCP,ZABBIX,13525
13526,3689,TCP,SSH,13526
13527,587,UDP,FTP,13527
13528,5900,UDP,TELNET,13528
13529,3128,UDP,SNMP,13529
13530,993,UDP,TELNET,13530
13531,6969,TCP,IMAP4,13531
13532,161,UDP,VNC,13532
13533,21,UDP,MSSQL,13533
13534,500,TCP,DNS,13534
13535,443,UDP,UBIQUITY,13535
13536,587,TCP,MDS,13536
13537,9100,TCP,SSH,13537
13538,5432,TCP,DAAPD,13538
13539,5222,UDP,EMS,13539
13540,1344,TCP,UBIQUITY,13540
13541,443,TCP,HTTPS,13541
13542,443,TCP,HTTPS,13542
13543,3389,UDP,SNMP,13543
13544,8080,TCP,ZABBIX,13544
13545,5432,UDP,MSSQL,13545
13546,993,TCP,SSH,13546
13547,8080,UDP,FTP,13547
13548,6969,UDP,DAAPD,13548
13549,445,UDP,TELNET,13549
13550,22,TCP,UBIQUITY,13550
13551,443,TCP,HTTPS,13551
13552,10051,UDP,MDS,13552
13553,5060,TCP,ACMSODA,13553
13554,443,TCP,HTTPS,13554
13555,5432,TCP,DAAPD,13555
13556,993,UDP,TELNET,13556
13557,5432,UDP,MSSQL,13557
13558,1433,TCP,PGSQL,13558
13559,53,UDP,DNS,13559
13560,993,TCP,NETBIOS,13560
13561,21,TCP,FTP,13561
13562,993,TCP,RDP,13562
13563,5061,TCP,VNC,13563
13564,5900,UDP,MSSQL,13564
13565,5900,UDP,SIP,13565
13566,3689,TCP,HTTP,13566
13567,500,TCP,DNS,13567
13568,500,UDP,TELNET,13568
13569,3128,UDP,ZABBIX,13569
13570,3389,UDP,RDP,13570
13571,500,UDP,DAAPD,13571
13572,5900,UDP,NETBIOS,13572
13573,443,TCP,SIP,13573
13574,445,UDP,UBIQUITY,13574
13575,1344,TCP,TELNET,13575
13576,5432,UDP,HTTPS,13576
13577,22,UDP,SIP,13577
13578,1344,TCP,UBIQUITY,13578
13579,443,TCP,HTTPS,13579
13580,5900,TCP,EMS,13580
13581,445,UDP,DNS,13581
13582,993,UDP,ISAKMP,13582
13583,5900,UDP,FTP,13583
13584,1344,TCP,IMAP4,13584
13585,443,TCP,HTTPS,13585
13586,3689,TCP,ACMSODA,13586
13587,1433,TCP,ZABBIX,13587
13588,1433,TCP,UBIQUITY,13588
13589,443,TCP,HTTPS,13589
13590,9100,UDP,MDS,13590
13591,443,UDP,MDS,13591
13592,161,UDP,SIP,13592
13593,993,TCP,NETBIOS,13593
13594,587,TCP,SIP,13594
13595,3128,TCP,SNMP,13595
13596,8080,UDP,FTP,13596
13597,21,UDP,MSSQL,13597
13598,21,TCP,IMAP4,13598
13599,5432,UDP,HTTPS,13599
13600,138,TCP,ACMSODA,13600
13601,443,TCP,HTTPS,13601
13602,8080,UDP,TELNET,13602
13603,5222,TCP,SNMP,13603
13604,445,TCP,EMS,13604
13605,5060,UDP,RDP,13605
13606,137,TCP,IRDMI,13606
13607,6969,UDP,ZABBIX,13607
13608,3128,UDP,ZABBIX,13608
13609,445,UDP,DNS,13609
13610,993,TCP,NETBIOS,13610
13611,161,TCP,IMAP4,13611
13612,10001,TCP,HPSERVICE,13612
13613,21,TCP,EMS,13613
13614,138,UDP,NETBIOS,13614
13615,5900,UDP,NETBIOS,13615
13616,993,TCP,RDP,13616
13617,443,TCP,HTTPS,13617
13618,443,TCP,ACMSODA,13618
13619,993,TCP,RDP,13619
13620,161,UDP,UBIQUITY,13620
13621,80,TCP,HTTPS,13621
13622,6969,UDP,DNS,13622
13623,5222,UDP,SSH,13623
13624,5900,UDP,ISAKMP,13624
13625,443,TCP,HTTPS,13625
13626,161,TCP,RDP,13626
13627,21,TCP,IMAP4,13627
13628,443,TCP,HTTPS,13628
13629,3128,TCP,UBIQUITY,13629
13630,53,UDP,DNS,13630
13631,5900,UDP,SIP,13631
13632,443,TCP,HTTPS,13632
13633,3389,UDP,RDP,13633
13634,1433,TCP,MDS,13634
13635,5900,UDP,SIP,13635
13636,445,UDP,MDS,13636
13637,1433,TCP,EMS,13637
13638,3128,UDP,ZABBIX,13638
13639,10001,UDP,SNMP,13639
13640,5061,TCP,XMPP,13640
13641,8080,UDP,TELNET,13641
13642,53,TCP,SNMP,13642
13643,1344,TCP,NETBIOS,13643
13644,5432,UDP,ISAKMP,13644
13645,443,TCP,HTTPS,13645
13646,3389,TCP,IMAP4,13646
13647,80,UDP,SNMP,13647
13648,443,TCP,RDP,13648
13649,161,UDP,PGSQL,13649
13650,3128,UDP,ICAP,13650
13651,5060,UDP,FTP,13651
13652,443,TCP,HTTPS,13652
13653,5222,UDP,EMS,13653
13654,443,TCP,HTTPS,13654
13655,443,TCP,HTTPS,13655
13656,443,TCP,HTTPS,13656
13657,138,UDP,UBIQUITY,13657
13658,993,UDP,DAAPD,13658
13659,80,UDP,SIP,13659
13660,587,UDP,IRDMI,13660
13661,445,UDP,IMAP4,13661
13662,3689,TCP,TELNET,13662
13663,1344,UDP,MDS,13663
13664,500,TCP,PGSQL,13664
13665,1433,UDP,ACMSODA,13665
13666,443,UDP,HTTPS,13666
13667,443,TCP,HTTPS,13667
13668,5222,UDP,SSH,13668
13669,993,TCP,PGSQL,13669
13670,22,UDP,PGSQL,13670
13671,138,UDP,IMAP4,13671
13672,5432,TCP,RDP,13672
13673,80,TCP,DAAPD,13673
13674,443,TCP,HTTPS,13674
13675,443,TCP,HTTP,13675
13676,993,UDP,ISAKMP,13676
13677,993,TCP,SSH,13677
13678,137,UDP,XMPP,13678
13679,993,TCP,FTP,13679
13680,1344,UDP,MDS,13680
13681,22,UDP,IMAP4,13681
13682,587,UDP,HPSERVICE,13682
13683,443,TCP,HTTPS,13683
13684,5222,UDP,PGSQL,13684
13685,443,TCP,HTTPS,13685
13686,137,UDP,UBIQUITY,13686
13687,53,UDP,DNS,13687
13688,443,TCP,HTTPS,13688
13689,3389,TCP,IMAP4,13689
13690,22,UDP,SIP,13690
13691,10051,UDP,MDS,13691
13692,5222,UDP,RDP,13692
13693,5061,TCP,MDS,13693
13694,80,TCP,FTP,13694
13695,9100,TCP,SSH,13695
13696,10051,UDP,ICAP,13696
13697,21,UDP,XMPP,13697
13698,80,UDP,SNMP,13698
13699,5222,UDP,SSH,13699
13700,5900,UDP,FTP,13700
13701,137,UDP,ZABBIX,13701
13702,587,UDP,EMS,13702
13703,1433,UDP,ACMSODA,13703
13704,443,TCP,HTTPS,13704
13705,5060,UDP,DAAPD,13705
13706,5060,TCP,IMAP4,13706
13707,137,UDP,HTTPS,13707
13708,3689,TCP,ACMSODA,13708
13709,5061,UDP,PGSQL,13709
13710,993,TCP,IMAP4,13710
13711,161,TCP,XMPP,13711
13712,445,TCP,SSH,13712
13713,22,TCP,SSH,13713
13714,23,UDP,IRDMI,13714
13715,1344,UDP,ICAP,13715
13716,5222,UDP,SSH,13716
13717,1433,TCP,IMAP4,13717
13718,1433,TCP,XMPP,13718
13719,21,TCP,FTP,13719
13720,3128,UDP,VNC,13720
13721,587,UDP,HTTP,13721
13722,5060,TCP,MDS,13722
13723,9100,UDP,DAAPD,13723
13724,3689,TCP,ICAP,13724
13725,3689,UDP,SNMP,13725
13726,5900,TCP,RDP,13726
13727,443,TCP,HTTPS,13727
13728,5222,TCP,NETBIOS,13728
13729,587,UDP,EMS,13729
13730,993,UDP,TELNET,13730
13731,137,TCP,MDS,13731
13732,10051,UDP,SIP,13732
13733,23,TCP,HTTP,13733
13734,53,UDP,DNS,13734
13735,80,TCP,HTTP,13735
13736,5060,UDP,HTTPS,13736
13737,993,TCP,NETBIOS,13737
13738,21,UDP,UBIQUITY,13738
13739,21,UDP,XMPP,13739
13740,1344,TCP,HPSERVICE,13740
13741,8080,TCP,NETBIOS,13741
13742,8080,TCP,ZABBIX,13742
13743,21,TCP,ACMSODA,13743
13744,8000,UDP,HTTP,13744
13745,137,TCP,RDP,13745
13746,22,TCP,VNC,13746
13747,5432,UDP,MSSQL,13747
13748,80,UDP,HTTP,13748
13749,137,TCP,IRDMI,13749
13750,161,TCP,RDP,13750
13751,5900,UDP,FTP,13751
13752,8080,UDP,SNMP,13752
13753,138,UDP,ZABBIX,13753
13754,993,TCP,RDP,13754
13755,1344,UDP,PGSQL,13755
13756,80,UDP,HTTP,13756
13757,443,TCP,HTTPS,13757
13758,8080,TCP,ZABBIX,13758
13759,5432,UDP,ISAKMP,13759
13760,3128,UDP,IMAP4,13760
13761,53,UDP,DNS,13761
13762,993,UDP,RDP,13762
13763,3389,UDP,SNMP,13763
13764,5900,UDP,EMS,13764
13765,5061,UDP,TELNET,13765
13766,3128,TCP,HTTP,13766
13767,5432,UDP,MSSQL,13767
13768,3689,UDP,XMPP,13768
13769,80,UDP,HTTP,13769
13770,1344,TCP,TELNET,13770
13771,9100,UDP,DNS,13771
13772,23,TCP,HPSERVICE,13772
13773,161,TCP,IRDMI,13773
13774,8000,TCP,MSSQL,13774
13775,5222,TCP,ICAP,13775
13776,138,UDP,MDS,13776
13777,1433,TCP,EMS,13777
13778,3128,UDP,IMAP4,13778
13779,138,UDP,IRDMI,13779
13780,23,TCP,HPSERVICE,13780
13781,21,TCP,VNC,13781
13782,10001,UDP,ZABBIX,13782
13783,445,UDP,DNS,13783
13784,9100,TCP,SNMP,13784
13785,1433,TCP,UBIQUITY,13785
13786,3128,TCP,HPSERVICE,13786
13787,10001,TCP,MDS,13787
13788,80,UDP,XMPP,13788
13789,993,TCP,NETBIOS,13789
13790,8000,UDP,DNS,13790
13791,138,TCP,VNC,13791
13792,500,UDP,XMPP,13792
13793,10051,TCP,ZABBIX,13793
13794,3689,TCP,SSH,13794
13795,5060,TCP,SNMP,13795
13796,587,UDP,IRDMI,13796
13797,80,UDP,ZABBIX,13797
13798,443,TCP,HTTPS,13798
13799,80,UDP,DAAPD,13799
13800,3389,UDP,SNMP,13800
13801,5222,TCP,SNMP,13801
13802,1433,TCP,EMS,13802
13803,53,UDP,XMPP,13803
13804,1344,TCP,TELNET,13804
13805,80,UDP,SIP,13805
13806,993,UDP,PGSQL,13806
13807,5900,TCP,EMS,13807
13808,443,TCP,HTTPS,13808
13809,10001,TCP,HPSERVICE,13809
13810,53,UDP,DNS,13810
13811,5432,UDP,ICAP,13811
13812,161,UDP,SSH,13812
13813,5060,UDP,FTP,13813
13814,5222,UDP,MDS,13814
13815,3128,UDP,SNMP,13815
13816,8000,TCP,SSH,13816
13817,587,UDP,EMS,13817
13818,8080,TCP,ACMSODA,13818
13819,1433,TCP,ZABBIX,13819
13820,53,UDP,DNS,13820
13821,10051,UDP,SIP,13821
13822,5060,TCP,HPSERVICE,13822
13823,443,TCP,HTTPS,13823
13824,8080,TCP,ACMSODA,13824
13825,445,TCP,RDP,13825
13826,5900,UDP,FTP,13826
13827,161,TCP,DAAPD,13827
13828,3389,TCP,IMAP4,13828
13829,1433,TCP,PGSQL,13829
13830,161,TCP,XMPP,13830
13831,443,TCP,HTTPS,13831
13832,8080,TCP,EMS,13832
13833,161,TCP,IMAP4,13833
13834,1433,TCP,EMS,13834
13835,5900,UDP,ISAKMP,13835
13836,1344,UDP,HTTP,13836
13837,1433,UDP,HPSERVICE,13837
13838,1344,UDP,ICAP,13838
13839,23,TCP,DAAPD,13839
13840,443,TCP,HTTPS,13840
13841,500,TCP,PGSQL,13841
13842,5900,UDP,SIP,13842
13843,1344,UDP,DAAPD,13843
13844,21,TCP,FTP,13844
13845,5432,UDP,MSSQL,13845
13846,587,UDP,IRDMI,13846
13847,443,UDP,FTP,13847
13848,53,UDP,DNS,13848
13849,5060,UDP,MSSQL,13849
13850,5060,TCP,HPSERVICE,13850
13851,500,TCP,DNS,13851
13852,53,UDP,DNS,13852
13853,1344,TCP,IMAP4,13853
13854,53,UDP,DNS,13854
13855,993,TCP,UBIQUITY,13855
13856,5900,UDP,NETBIOS,13856
13857,3128,TCP,SSH,13857
13858,3389,UDP,SIP,13858
13859,161,TCP,IRDMI,13859
13860,1344,UDP,ICAP,13860
13861,443,TCP,HTTPS,13861
13862,138,UDP,ZABBIX,13862
13863,137,TCP,PGSQL,13863
13864,443,TCP,HTTPS,13864
13865,3128,UDP,ICAP,13865
13866,6969,TCP,IMAP4,13866
13867,21,TCP,FTP,13867
13868,21,TCP,FTP,13868
13869,5900,UDP,FTP,13869
13870,5060,TCP,ACMSODA,13870
13871,587,UDP,EMS,13871
13872,443,UDP,UBIQUITY,13872
13873,3689,TCP,ICAP,13873
13874,21,TCP,HPSERVICE,13874
13875,445,UDP,IMAP4,13875
13876,21,TCP,IRDMI,13876
13877,5432,UDP,DNS,13877
13878,21,UDP,ACMSODA,13878
13879,10051,UDP,ICAP,13879
13880,8080,UDP,TELNET,13880
13881,21,TCP,FTP,13881
13882,587,UDP,IMAP4,13882
13883,5222,TCP,EMS,13883
13884,161,UDP,SSH,13884
13885,445,UDP,HTTP,13885
13886,9100,TCP,FTP,13886
13887,22,UDP,VNC,13887
13888,161,TCP,IRDMI,13888
13889,21,UDP,ACMSODA,13889
13890,443,TCP,HTTPS,13890
13891,10001,UDP,SNMP,13891
13892,21,UDP,ACMSODA,13892
13893,22,TCP,HTTP,13893
13894,53,UDP,XMPP,13894
13895,8000,TCP,ICAP,13895
13896,443,TCP,HTTPS,13896
13897,443,TCP,HTTPS,13897
13898,10051,TCP,SIP,13898
13899,1344,UDP,EMS,13899
13900,8080,UDP,ICAP,13900
13901,1433,UDP,SSH,13901
13902,3128,TCP,UBIQUITY,13902
13903,443,TCP,HTTPS,13903
13904,21,TCP,FTP,13904
13905,161,UDP,UBIQUITY,13905
13906,443,TCP,HTTPS,13906
13907,445,UDP,DNS,13907
13908,993,TCP,NETBIOS,13908
13909,80,UDP,HTTP,13909
13910,21,UDP,ACMSODA,13910
13911,53,UDP,MDS,13911
13912,443,UDP,HTTPS,13912
13913,445,UDP,DNS,13913
13914,53,UDP,DNS,13914
13915,53,UDP,DNS,13915
13916,3689,TCP,SSH,13916
13917,587,TCP,MDS,13917
13918,5900,UDP,NETBIOS,13918
13919,5432,UDP,NETBIOS,13919
13920,3389,TCP,ACMSODA,13920
13921,5900,UDP,MSSQL,13921
13922,21,UDP,VNC,13922
13923,3389,TCP,MSSQL,13923
13924,21,TCP,IMAP4,13924
13925,8080,UDP,TELNET,13925
13926,443,UDP,HTTPS,13926
13927,500,UDP,XMPP,13927
13928,445,TCP,SSH,13928
13929,21,TCP,HPSERVICE,13929
13930,21,TCP,IRDMI,13930
13931,3389,TCP,IMAP4,13931
13932,3128,UDP,ZABBIX,13932
13933,80,TCP,FTP,13933
13934,161,TCP,IMAP4,13934
13935,443,TCP,HTTPS,13935
13936,3689,UDP,XMPP,13936
13937,5222,TCP,XMPP,13937
13938,443,TCP,HTTPS,13938
13939,138,TCP,ISAKMP,13939
13940,53,UDP,DNS,13940
13941,3389,UDP,SNMP,13941
13942,1433,UDP,ACMSODA,13942
13943,8000,TCP,SSH,13943
13944,21,TCP,FTP,13944
13945,22,UDP,IMAP4,13945
13946,1433,UDP,XMPP,13946
13947,500,TCP,IMAP4,13947
13948,1433,TCP,HTTPS,13948
13949,10051,UDP,VNC,13949
13950,443,TCP,VNC,13950
13951,9100,TCP,IRDMI,13951
13952,8000,TCP,HTTPS,13952
13953,3128,UDP,MSSQL,13953
13954,161,TCP,SIP,13954
13955,3689,UDP,FTP,13955
13956,10051,UDP,MSSQL,13956
13957,445,UDP,DNS,13957
13958,3389,UDP,IRDMI,13958
13959,1344,TCP,NETBIOS,13959
13960,5222,TCP,ICAP,13960
13961,53,UDP,DNS,13961
13962,443,TCP,HTTPS,13962
13963,1433,TCP,HTTPS,13963
13964,993,UDP,DAAPD,13964
13965,6969,UDP,ZABBIX,13965
13966,8000,UDP,ZABBIX,13966
13967,500,TCP,SSH,13967
13968,500,TCP,IMAP4,13968
13969,53,UDP,DNS,13969
13970,445,TCP,RDP,13970
13971,80,UDP,SIP,13971
13972,443,TCP,HTTPS,13972
13973,5060,TCP,NETBIOS,13973
13974,138,TCP,MSSQL,13974
13975,445,UDP,HTTPS,13975
13976,22,TCP,HTTP,13976
13977,5061,TCP,VNC,13977
13978,5432,TCP,VNC,13978
13979,3128,TCP,ACMSODA,13979
13980,1344,TCP,NETBIOS,13980
13981,5900,UDP,SIP,13981
13982,80,TCP,FTP,13982
13983,443,TCP,HTTPS,13983
13984,9100,TCP,RDP,13984
13985,10001,UDP,SSH,13985
13986,3128,UDP,ICAP,13986
13987,443,TCP,HTTPS,13987
13988,23,UDP,FTP,13988
13989,3389,TCP,SSH,13989
13990,1344,TCP,TELNET,13990
13991,6969,TCP,UBIQUITY,13991
13992,443,TCP,HTTPS,13992
13993,8080,TCP,ZABBIX,13993
13994,23,UDP,FTP,13994
13995,5432,UDP,ISAKMP,13995
13996,443,TCP,IRDMI,13996
13997,5222,UDP,SSH,13997
13998,22,UDP,SIP,13998
13999,500,TCP,DNS,13999
14000,161,UDP,UBIQUITY,14000
14001,23,TCP,HPSERVICE,14001
14002,443,TCP,HTTPS,14002
14003,8000,TCP,SIP,14003
14004,587,TCP,MDS,14004
14005,445,UDP,DNS,14005
14006,500,UDP,RDP,14006
14007,23,TCP,VNC,14007
14008,1344,TCP,IMAP4,14008
14009,137,UDP,HTTPS,14009
14010,8000,TCP,MSSQL,14010
14011,443,TCP,HTTPS,14011
14012,138,UDP,ZABBIX,14012
14013,5432,TCP,RDP,14013
14014,443,TCP,HTTPS,14014
14015,161,TCP,IMAP4,14015
14016,443,TCP,HTTP,14016
14017,1433,TCP,IMAP4,14017
14018,1433,TCP,UBIQUITY,14018
14019,5432,TCP,SSH,14019
14020,21,UDP,UBIQUITY,14020
14021,23,UDP,SIP,14021
14022,6969,UDP,DAAPD,14022
14023,161,UDP,UBIQUITY,14023
14024,80,TCP,HTTPS,14024
14025,993,TCP,RDP,14025
14026,443,TCP,HTTPS,14026
14027,138,UDP,ZABBIX,14027
14028,443,TCP,UBIQUITY,14028
14029,21,TCP,MSSQL,14029
14030,5060,TCP,NETBIOS,14030
14031,587,UDP,ISAKMP,14031
14032,53,UDP,DNS,14032
14033,3689,TCP,SSH,14033
14034,3128,UDP,ICAP,14034
14035,6969,UDP,ZABBIX,14035
14036,443,TCP,HTTPS,14036
14037,443,TCP,RDP,14037
14038,161,TCP,MSSQL,14038
14039,5432,UDP,DNS,14039
14040,443,TCP,HTTPS,14040
14041,5060,UDP,MSSQL,14041
14042,8000,UDP,SIP,14042
14043,587,TCP,RDP,14043
14044,6969,TCP,IMAP4,14044
14045,5432,UDP,ISAKMP,14045
14046,1433,UDP,DAAPD,14046
14047,5061,TCP,PGSQL,14047
14048,9100,TCP,SSH,14048
14049,500,TCP,IMAP4,14049
14050,445,TCP,EMS,14050
14051,22,UDP,VNC,14051
14052,80,TCP,FTP,14052
14053,5900,UDP,HTTP,14053
14054,5900,UDP,MDS,14054
14055,443,TCP,HTTPS,14055
14056,21,UDP,UBIQUITY,14056
14057,445,UDP,IMAP4,14057
14058,443,TCP,HTTPS,14058
14059,10051,UDP,PGSQL,14059
14060,3389,TCP,HTTPS,14060
14061,9100,UDP,ZABBIX,14061
14062,3128,UDP,ICAP,14062
14063,443,TCP,HTTPS,14063
14064,5222,UDP,ACMSODA,14064
14065,443,TCP,UBIQUITY,14065
14066,500,UDP,DNS,14066
14067,993,TCP,PGSQL,14067
14068,587,UDP,HTTP,14068
14069,443,TCP,HTTPS,14069
14070,5900,TCP,MSSQL,14070
14071,8000,TCP,UBIQUITY,14071
14072,5061,TCP,ACMSODA,14072
14073,10051,UDP,VNC,14073
14074,21,TCP,FTP,14074
14075,8000,TCP,MSSQL,14075
14076,443,TCP,HTTPS,14076
14077,23,TCP,HPSERVICE,14077
14078,443,TCP,HTTPS,14078
14079,22,TCP,UBIQUITY,14079
14080,1344,TCP,TELNET,14080
14081,500,UDP,XMPP,14081
14082,161,UDP,VNC,14082
14083,445,UDP,TELNET,14083
14084,5061,UDP,HTTPS,14084
14085,10051,TCP,SIP,14085
14086,21,TCP,VNC,14086
14087,21,TCP,XMPP,14087
14088,21,TCP,IRDMI,14088
14089,587,TCP,RDP,14089
14090,21,TCP,FTP,14090
14091,443,TCP,HTTPS,14091
14092,443,TCP,HTTPS,14092
14093,8000,TCP,SIP,14093
14094,6969,TCP,DNS,14094
14095,443,TCP,HTTPS,14095
14096,443,TCP,IRDMI,14096
14097,10051,TCP,ZABBIX,14097
14098,443,TCP,HTTPS,14098
14099,21,UDP,RDP,14099
14100,5222,UDP,RDP,14100
14101,161,TCP,IRDMI,14101
14102,80,UDP,DAAPD,14102
14103,80,TCP,FTP,14103
14104,6969,TCP,UBIQUITY,14104
14105,5060,TCP,NETBIOS,14105
14106,53,UDP,DNS,14106
14107,10001,TCP,EMS,14107
14108,3689,TCP,HTTP,14108
14109,993,UDP,RDP,14109
14110,5432,UDP,HTTPS,14110
14111,80,TCP,HTTP,14111
14112,21,TCP,MDS,14112
14113,443,TCP,HTTPS,14113
14114,21,UDP,ICAP,14114
14115,443,TCP,HTTPS,14115
14116,5432,TCP,SSH,14116
14117,8080,TCP,ACMSODA,14117
14118,3689,TCP,ICAP,14118
14119,445,UDP,TELNET,14119
14120,8080,UDP,ISAKMP,14120
14121,10051,UDP,PGSQL,14121
14122,53,UDP,ISAKMP,14122
14123,137,UDP,XMPP,14123
14124,80,TCP,FTP,14124
14125,8000,TCP,SSH,14125
14126,10051,UDP,DNS,14126
14127,3689,UDP,UBIQUITY,14127
14128,10051,UDP,SIP,14128
14129,8000,UDP,NETBIOS,14129
14130,5900,UDP,HTTP,14130
14131,5060,TCP,NETBIOS,14131
14132,5060,TCP,NETBIOS,14132
14133,9100,TCP,SSH,14133
14134,137,TCP,HTTPS,14134
14135,445,UDP,HTTPS,14135
14136,8000,UDP,SIP,14136
14137,22,TCP,MSSQL,14137
14138,445,UDP,DNS,14138
14139,443,TCP,HTTPS,14139
14140,5900,TCP,FTP,14140
14141,80,TCP,HTTP,14141
14142,443,TCP,HTTPS,14142
14143,443,TCP,HTTPS,14143
14144,1433,TCP,ISAKMP,14144
14145,445,UDP,TELNET,14145
14146,1433,UDP,ZABBIX,14146
14147,8000,UDP,SIP,14147
14148,443,TCP,UBIQUITY,14148
14149,500,UDP,DNS,14149
14150,5432,UDP,NETBIOS,14150
14151,5222,TCP,ICAP,14151
14152,443,TCP,HTTPS,14152
14153,138,TCP,SSH,14153
14154,5061,TCP,MDS,14154
14155,5060,UDP,FTP,14155
14156,993,UDP,TELNET,14156
14157,10051,UDP,VNC,14157
14158,1344,TCP,TELNET,14158
14159,3128,UDP,SNMP,14159
14160,5222,TCP,NETBIOS,14160
14161,161,UDP,IRDMI,14161
14162,5432,UDP,ISAKMP,14162
14163,443,TCP,HTTPS,14163
14164,5900,TCP,RDP,14164
14165,138,TCP,ACMSODA,14165
14166,10001,TCP,MDS,14166
14167,53,UDP,DNS,14167
14168,443,TCP,HTTPS,14168
14169,993,UDP,DAAPD,14169
14170,10001,TCP,MDS,14170
14171,23,TCP,DNS,14171
14172,587,TCP,ACMSODA,14172
14173,21,UDP,SSH,14173
14174,500,UDP,TELNET,14174
14175,5900,UDP,TELNET,14175
14176,23,UDP,SIP,14176
14177,3689,UDP,VNC,14177
14178,5060,TCP,SIP,14178
14179,587,UDP,HTTP,14179
14180,5432,UDP,ISAKMP,14180
14181,3128,UDP,ICAP,14181
14182,500,TCP,DNS,14182
14183,1344,UDP,HTTP,14183
14184,5060,UDP,SSH,14184
14185,53,UDP,ZABBIX,14185
14186,443,TCP,HTTPS,14186
14187,5432,TCP,DAAPD,14187
14188,10051,UDP,ISAKMP,14188
14189,5061,TCP,RDP,14189
14190,5432,UDP,MSSQL,14190
14191,22,UDP,VNC,14191
14192,443,TCP,HTTPS,14192
14193,5222,TCP,XMPP,14193
14194,161,UDP,SSH,14194
14195,6969,UDP,DNS,14195
14196,3689,UDP,IRDMI,14196
14197,443,TCP,UBIQUITY,14197
14198,443,TCP,HTTPS,14198
14199,443,TCP,HTTPS,14199
14200,5900,TCP,MDS,14200
14201,445,TCP,SSH,14201
14202,8080,UDP,TELNET,14202
14203,3389,TCP,SSH,14203
14204,138,TCP,VNC,14204
14205,3689,TCP,TELNET,14205
14206,5432,UDP,ACMSODA,14206
14207,53,UDP,NETBIOS,14207
14208,5222,TCP,FTP,14208
14209,5060,UDP,HTTPS,14209
14210,80,UDP,SNMP,14210
14211,21,UDP,ACMSODA,14211
14212,22,UDP,VNC,14212
14213,21,UDP,XMPP,14213
14214,80,TCP,FTP,14214
14215,5061,UDP,TELNET,14215
14216,80,TCP,FTP,14216
14217,8080,UDP,XMPP,14217
14218,443,TCP,HTTPS,14218
14219,443,TCP,HTTPS,14219
14220,1344,TCP,EMS,14220
14221,445,TCP,MSSQL,14221
14222,1344,UDP,MDS,14222
14223,10051,TCP,ISAKMP,14223
14224,3689,TCP,EMS,14224
14225,443,TCP,HTTPS,14225
14226,5060,TCP,NETBIOS,14226
14227,8080,UDP,HTTP,14227
14228,5061,UDP,TELNET,14228
14229,443,UDP,HTTPS,14229
14230,3389,TCP,SSH,14230
14231,22,TCP,SSH,14231
14232,443,TCP,HTTPS,14232
14233,161,TCP,XMPP,14233
14234,5222,TCP,HTTPS,14234
14235,443,UDP,IRDMI,14235
14236,22,UDP,VNC,14236
14237,5432,TCP,DAAPD,14237
14238,993,UDP,PGSQL,14238
14239,21,UDP,ACMSODA,14239
14240,9100,UDP,PGSQL,14240
14241,443,TCP,HTTPS,14241
14242,21,TCP,FTP,14242
14243,5900,UDP,MDS,14243
14244,23,TCP,HPSERVICE,14244
14245,443,TCP,HTTPS,14245
14246,80,UDP,SIP,14246
14247,53,TCP,SNMP,14247
14248,9100,UDP,DAAPD,14248
14249,138,TCP,ACMSODA,14249
14250,5432,UDP,ISAKMP,14250
14251,10051,UDP,HTTPS,14251
14252,8080,UDP,ZABBIX,14252
14253,23,TCP,HPSERVICE,14253
14254,3389,UDP,NETBIOS,14254
14255,23,TCP,HPSERVICE,14255
14256,587,UDP,IRDMI,14256
14257,5061,UDP,TELNET,14257
14258,443,TCP,HTTPS,14258
14259,5060,TCP,HPSERVICE,14259
14260,443,TCP,UBIQUITY,14260
14261,443,TCP,UBIQUITY,14261
14262,443,TCP,HTTPS,14262
14263,443,TCP,HTTPS,14263
14264,53,UDP,ISAKMP,14264
14265,10051,UDP,MSSQL,14265
14266,22,TCP,UBIQUITY,14266
14267,5900,UDP,EMS,14267
14268,3389,UDP,IRDMI,14268
14269,5432,UDP,ISAKMP,14269
14270,5222,UDP,ACMSODA,14270
14271,993,TCP,IMAP4,14271
14272,138,TCP,MSSQL,14272
14273,10001,TCP,HPSERVICE,14273
14274,500,TCP,SIP,14274
14275,5432,UDP,ISAKMP,14275
14276,443,TCP,HTTPS,14276
14277,443,TCP,UBIQUITY,14277
14278,10051,UDP,MSSQL,14278
14279,445,UDP,DAAPD,14279
14280,5432,TCP,RDP,14280
14281,5900,UDP,MSSQL,14281
14282,5432,TCP,DAAPD,14282
14283,10001,UDP,FTP,14283
14284,587,TCP,PGSQL,14284
14285,443,TCP,HTTPS,14285
14286,23,UDP,SIP,14286
14287,137,TCP,FTP,14287
14288,1433,TCP,EMS,14288
14289,9100,TCP,PGSQL,14289
14290,9100,TCP,FTP,14290
14291,3389,UDP,ZABBIX,14291
14292,5060,TCP,SIP,14292
14293,3389,UDP,SNMP,14293
14294,10051,TCP,VNC,14294
14295,53,UDP,DNS,14295
14296,6969,TCP,IMAP4,14296
14297,23,TCP,HPSERVICE,14297
14298,443,TCP,HTTPS,14298
14299,3689,UDP,TELNET,14299
14300,10001,UDP,FTP,14300
14301,445,UDP,HTTP,14301
14302,3128,UDP,IRDMI,14302
14303,993,TCP,IMAP4,14303
14304,443,TCP,HTTPS,14304
14305,445,UDP,UBIQUITY,14305
14306,500,UDP,SNMP,14306
14307,443,TCP,HTTPS,14307
14308,5061,TCP,MDS,14308
14309,137,TCP,MDS,14309
14310,5060,TCP,NETBIOS,14310
14311,21,TCP,HPSERVICE,14311
14312,500,TCP,IMAP4,14312
14313,443,TCP,HTTPS,14313
14314,5060,TCP,NETBIOS,14314
14315,993,UDP,RDP,14315
14316,9100,TCP,SSH,14316
14317,3128,TCP,HPSERVICE,14317
14318,6969,TCP,HTTPS,14318
14319,10051,TCP,ISAKMP,14319
14320,587,TCP,RDP,14320
14321,587,TCP,RDP,14321
14322,5432,UDP,MSSQL,14322
14323,23,TCP,HPSERVICE,14323
14324,443,TCP,HTTPS,14324
14325,443,TCP,HTTPS,14325
14326,5900,TCP,RDP,14326
14327,21,UDP,UBIQUITY,14327
14328,5061,TCP,XMPP,14328
14329,1344,TCP,TELNET,14329
14330,80,UDP,RDP,14330
14331,8080,TCP,FTP,14331
14332,443,TCP,HTTPS,14332
14333,3689,UDP,MSSQL,14333
14334,443,TCP,HTTPS,14334
14335,587,UDP,IRDMI,14335
14336,5060,UDP,MDS,14336
14337,10051,TCP,ISAKMP,14337
14338,3389,TCP,IMAP4,14338
14339,445,UDP,DAAPD,14339
14340,500,UDP,RDP,14340
14341,5900,UDP,SSH,14341
14342,443,TCP,HTTPS,14342
14343,445,UDP,TELNET,14343
14344,993,TCP,PGSQL,14344
14345,137,TCP,HTTPS,14345
14346,5900,UDP,TELNET,14346
14347,3389,UDP,SNMP,14347
14348,23,TCP,HPSERVICE,14348
14349,5060,TCP,HTTPS,14349
14350,1344,TCP,TELNET,14350
14351,22,TCP,UBIQUITY,14351
14352,1433,TCP,MSSQL,14352
14353,80,TCP,FTP,14353
14354,6969,TCP,ZABBIX,14354
14355,443,TCP,HTTPS,14355
14356,21,UDP,MSSQL,14356
14357,22,TCP,UBIQUITY,14357
14358,5432,UDP,ACMSODA,14358
14359,10051,UDP,DNS,14359
14360,8080,UDP,TELNET,14360
14361,5060,UDP,FTP,14361
14362,80,TCP,HTTP,14362
14363,443,TCP,HTTPS,14363
14364,161,UDP,TELNET,14364
14365,80,TCP,HTTPS,14365
14366,443,TCP,UBIQUITY,14366
14367,138,TCP,SSH,14367
14368,443,UDP,FTP,14368
14369,1344,TCP,IMAP4,14369
14370,23,TCP,HPSERVICE,14370
14371,137,UDP,SNMP,14371
14372,1433,TCP,HTTPS,14372
14373,5900,TCP,EMS,14373
14374,3389,TCP,HTTPS,14374
14375,22,TCP,HPSERVICE,14375
14376,5432,UDP,ISAKMP,14376
14377,9100,UDP,PGSQL,14377
14378,161,UDP,FTP,14378
14379,1344,UDP,ICAP,14379
14380,53,UDP,DNS,14380
14381,443,TCP,UBIQUITY,14381
14382,137,TCP,HTTPS,14382
14383,445,TCP,HPSERVICE,14383
14384,5061,UDP,DNS,14384
14385,53,UDP,DNS,14385
14386,993,UDP,MDS,14386
14387,5222,TCP,HTTPS,14387
14388,5432,UDP,ACMSODA,14388
14389,443,TCP,HTTPS,14389
14390,1344,TCP,TELNET,14390
14391,993,TCP,NETBIOS,14391
14392,3389,TCP,IRDMI,14392
14393,21,UDP,MSSQL,14393
14394,3128,UDP,ICAP,14394
14395,80,TCP,PGSQL,14395
14396,21,UDP,SIP,14396
14397,5432,UDP,ACMSODA,14397
14398,443,TCP,HTTPS,14398
14399,80,UDP,SNMP,14399
14400,8080,UDP,FTP,14400
14401,5060,UDP,TELNET,14401
14402,8080,TCP,DAAPD,14402
14403,445,TCP,ACMSODA,14403
14404,23,TCP,HPSERVICE,14404
14405,137,TCP,HTTPS,14405
14406,138,UDP,PGSQL,14406
14407,3689,UDP,MDS,14407
14408,1344,UDP,SSH,14408
14409,3389,TCP,HTTPS,14409
14410,587,UDP,ISAKMP,14410
14411,23,TCP,HPSERVICE,14411
14412,3689,UDP,HPSERVICE,14412
14413,5900,UDP,DAAPD,14413
14414,5060,UDP,DAAPD,14414
14415,5900,TCP,MSSQL,14415
14416,23,TCP,FTP,14416
14417,53,UDP,DNS,14417
14418,161,TCP,IMAP4,14418
14419,5432,UDP,ACMSODA,14419
14420,443,TCP,HTTPS,14420
14421,5061,UDP,HTTPS,14421
14422,5900,TCP,IRDMI,14422
14423,5900,UDP,TELNET,14423
14424,443,TCP,HTTPS,14424
14425,5900,TCP,RDP,14425
14426,22,UDP,SIP,14426
14427,22,UDP,PGSQL,14427
14428,443,TCP,UBIQUITY,14428
14429,3128,TCP,UBIQUITY,14429
14430,138,TCP,ACMSODA,14430
14431,22,TCP,HPSERVICE,14431
14432,500,UDP,VNC,14432
14433,5222,TCP,ICAP,14433
14434,443,UDP,SNMP,14434
14435,587,TCP,PGSQL,14435
14436,21,UDP,FTP,14436
14437,443,UDP,IRDMI,14437
14438,8080,TCP,FTP,14438
14439,5222,TCP,EMS,14439
14440,3389,UDP,PGSQL,14440
14441,993,TCP,RDP,14441
14442,80,TCP,HTTP,14442
14443,443,TCP,HTTPS,14443
14444,3128,TCP,HTTP,14444
14445,993,UDP,DAAPD,14445
14446,23,UDP,SIP,14446
14447,161,UDP,TELNET,14447
14448,443,TCP,HTTPS,14448
14449,10051,UDP,MSSQL,14449
14450,8080,TCP,EMS,14450
14451,587,UDP,RDP,14451
14452,500,UDP,XMPP,14452
14453,3128,TCP,SSH,14453
14454,6969,TCP,HTTPS,14454
14455,137,UDP,RDP,14455
14456,21,TCP,IRDMI,14456
14457,993,UDP,TELNET,14457
14458,5432,UDP,MSSQL,14458
14459,9100,TCP,RDP,14459
14460,3389,TCP,IMAP4,14460
14461,5222,TCP,NETBIOS,14461
14462,443,TCP,HTTPS,14462
14463,500,TCP,PGSQL,14463
14464,3128,UDP,ICAP,14464
14465,22,TCP,HTTP,14465
14466,5060,UDP,TELNET,14466
14467,1433,TCP,ISAKMP,14467
14468,5060,TCP,EMS,14468
14469,8080,TCP,EMS,14469
14470,1433,UDP,EMS,14470
14471,137,TCP,ACMSODA,14471
14472,6969,UDP,ZABBIX,14472
14473,5432,UDP,MSSQL,14473
14474,137,TCP,DAAPD,14474
14475,500,UDP,DAAPD,14475
14476,587,TCP,ACMSODA,14476
14477,1344,TCP,UBIQUITY,14477
14478,5432,UDP,IMAP4,14478
14479,21,TCP,ACMSODA,14479
14480,21,TCP,HPSERVICE,14480
14481,993,UDP,TELNET,14481
14482,500,TCP,DNS,14482
14483,443,TCP,HTTPS,14483
14484,161,TCP,IRDMI,14484
14485,993,UDP,TELNET,14485
14486,5432,UDP,ISAKMP,14486
14487,8000,UDP,NETBIOS,14487
14488,161,TCP,TELNET,14488
14489,53,UDP,ISAKMP,14489
14490,8000,TCP,SIP,14490
14491,3128,UDP,ICAP,14491
14492,500,UDP,DAAPD,14492
14493,1344,TCP,IMAP4,14493
14494,445,UDP,SNMP,14494
14495,500,UDP,RDP,14495
14496,53,UDP,DNS,14496
14497,443,TCP,UBIQUITY,14497
14498,1433,TCP,UBIQUITY,14498
14499,21,TCP,HPSERVICE,14499
14500,161,TCP,IRDMI,14500
14501,3389,TCP,NETBIOS,14501
14502,500,TCP,IMAP4,14502
14503,443,UDP,DAAPD,14503
14504,993,TCP,IMAP4,14504
14505,587,TCP,SIP,14505
14506,3689,UDP,SNMP,14506
14507,5061,TCP,XMPP,14507
14508,138,TCP,UBIQUITY,14508
14509,5060,TCP,NETBIOS,14509
14510,445,TCP,MDS,14510
14511,6969,UDP,ICAP,14511
14512,5432,UDP,ISAKMP,14512
14513,5060,TCP,ICAP,14513
14514,161,UDP,SSH,14514
14515,443,TCP,HTTPS,14515
14516,3689,TCP,SSH,14516
14517,443,TCP,HTTPS,14517
14518,5900,UDP,NETBIOS,14518
14519,5900,TCP,RDP,14519
14520,8080,UDP,TELNET,14520
14521,5061,UDP,TELNET,14521
14522,80,UDP,RDP,14522
14523,9100,TCP,SSH,14523
14524,5432,TCP,VNC,14524
14525,10051,UDP,SIP,14525
14526,3389,TCP,SSH,14526
14527,587,TCP,RDP,14527
14528,22,TCP,HTTP,14528
14529,5061,TCP,ICAP,14529
14530,138,UDP,IRDMI,14530
14531,443,TCP,HTTPS,14531
14532,53,UDP,DNS,14532
14533,993,UDP,FTP,14533
14534,22,TCP,PGSQL,14534
14535,5061,TCP,XMPP,14535
14536,10001,UDP,PGSQL,14536
14537,993,TCP,RDP,14537
14538,5432,TCP,SSH,14538
14539,137,TCP,PGSQL,14539
14540,500,UDP,SNMP,14540
14541,1433,UDP,ACMSODA,14541
14542,1433,TCP,IMAP4,14542
14543,10051,UDP,MSSQL,14543
14544,5222,TCP,HTTPS,14544
14545,10001,UDP,TELNET,14545
14546,1433,TCP,MSSQL,14546
14547,443,TCP,HTTPS,14547
14548,10001,UDP,SSH,14548
14549,443,UDP,ACMSODA,14549
14550,443,TCP,RDP,14550
14551,3128,UDP,ICAP,14551
14552,161,UDP,SSH,14552
14553,500,UDP,TELNET,14553
14554,137,TCP,HTTPS,14554
14555,5432,UDP,IMAP4,14555
14556,443,TCP,HTTPS,14556
14557,5222,TCP,NETBIOS,14557
14558,5222,TCP,SNMP,14558
14559,587,UDP,HTTP,14559
14560,5060,UDP,EMS,14560
14561,53,UDP,DNS,14561
14562,445,TCP,MDS,14562
14563,5222,UDP,SSH,14563
14564,53,UDP,NETBIOS,14564
14565,500,UDP,FTP,14565
14566,3128,UDP,ICAP,14566
14567,587,TCP,PGSQL,14567
14568,138,TCP,MSSQL,14568
14569,22,TCP,MSSQL,14569
14570,445,TCP,HPSERVICE,14570
14571,500,UDP,DAAPD,14571
14572,5061,TCP,XMPP,14572
14573,993,TCP,NETBIOS,14573
14574,161,TCP,DAAPD,14574
14575,23,TCP,VNC,14575
14576,1344,TCP,TELNET,14576
14577,3128,UDP,HPSERVICE,14577
14578,6969,TCP,HTTPS,14578
14579,5900,TCP,PGSQL,14579
14580,53,UDP,DNS,14580
14581,22,UDP,SIP,14581
14582,1433,TCP,XMPP,14582
14583,443,UDP,HTTPS,14583
14584,22,UDP,SIP,14584
14585,445,TCP,TELNET,14585
14586,9100,UDP,IRDMI,14586
14587,23,TCP,RDP,14587
14588,23,UDP,SIP,14588
14589,443,TCP,HTTPS,14589
14590,5432,UDP,MSSQL,14590
14591,5432,UDP,ICAP,14591
14592,443,TCP,HTTPS,14592
14593,3689,UDP,TELNET,14593
14594,443,TCP,UBIQUITY,14594
14595,138,UDP,NETBIOS,14595
14596,500,UDP,XMPP,14596
14597,5060,UDP,HTTPS,14597
14598,8080,TCP,ACMSODA,14598
14599,5222,TCP,ICAP,14599
14600,5900,UDP,MSSQL,14600
14601,445,TCP,SSH,14601
14602,6969,TCP,IMAP4,14602
14603,443,TCP,HTTPS,14603
14604,500,TCP,IMAP4,14604
14605,443,TCP,HTTPS,14605
14606,443,TCP,HTTPS,14606
14607,3689,UDP,TELNET,14607
14608,443,TCP,HTTPS,14608
14609,5432,UDP,DNS,14609
14610,500,UDP,TELNET,14610
14611,1433,TCP,ISAKMP,14611
14612,443,TCP,HTTPS,14612
14613,1344,UDP,UBIQUITY,14613
14614,3689,TCP,HPSERVICE,14614
14615,5432,UDP,IMAP4,14615
14616,443,TCP,HTTPS,14616
14617,22,TCP,HTTPS,14617
14618,443,TCP,HTTPS,14618
14619,443,TCP,HTTPS,14619
14620,22,UDP,ACMSODA,14620
14621,5900,UDP,MDS,14621
14622,445,TCP,HPSERVICE,14622
14623,8000,TCP,SIP,14623
14624,161,TCP,IMAP4,14624
14625,161,UDP,UBIQUITY,14625
14626,1433,TCP,ZABBIX,14626
14627,21,UDP,ICAP,14627
14628,1344,UDP,SSH,14628
14629,5432,TCP,DAAPD,14629
14630,3128,TCP,HTTP,14630
14631,3689,TCP,ACMSODA,14631
14632,445,UDP,IMAP4,14632
14633,161,TCP,TELNET,14633
14634,10001,UDP,PGSQL,14634
14635,8000,UDP,HTTP,14635
14636,53,UDP,DNS,14636
14637,5432,UDP,HTTPS,14637
14638,5060,UDP,TELNET,14638
14639,443,TCP,HTTPS,14639
14640,5222,TCP,HTTPS,14640
14641,5222,UDP,PGSQL,14641
14642,5432,UDP,IMAP4,14642
14643,8080,TCP,MSSQL,14643
14644,53,UDP,ZABBIX,14644
14645,10051,UDP,DNS,14645
14646,22,UDP,SNMP,14646
14647,53,UDP,DNS,14647
14648,443,TCP,UBIQUITY,14648
14649,80,UDP,DAAPD,14649
14650,9100,UDP,DAAPD,14650
14651,5900,UDP,SIP,14651
14652,10001,UDP,FTP,14652
14653,53,UDP,DNS,14653
14654,443,TCP,HTTPS,14654
14655,443,TCP,HTTPS,14655
14656,587,UDP,XMPP,14656
14657,443,TCP,HTTPS,14657
14658,5060,TCP,NETBIOS,14658
14659,5900,UDP,UBIQUITY,14659
14660,10001,TCP,EMS,14660
14661,443,TCP,HTTPS,14661
14662,445,TCP,HTTP,14662
14663,443,TCP,HTTPS,14663
14664,3689,UDP,MSSQL,14664
14665,443,TCP,UBIQUITY,14665
14666,23,TCP,VNC,14666
14667,500,UDP,DAAPD,14667
14668,22,TCP,SSH,14668
14669,161,UDP,SSH,14669
14670,5900,TCP,MSSQL,14670
14671,10001,UDP,PGSQL,14671
14672,53,UDP,ISAKMP,14672
14673,443,UDP,MDS,14673
14674,3689,TCP,ACMSODA,14674
14675,3689,UDP,XMPP,14675
14676,10001,TCP,IRDMI,14676
14677,137,TCP,IRDMI,14677
14678,8080,UDP,TELNET,14678
14679,443,TCP,HTTPS,14679
14680,21,TCP,FTP,14680
14681,9100,UDP,DAAPD,14681
14682,443,UDP,HTTPS,14682
14683,443,TCP,HTTPS,14683
14684,1433,UDP,MSSQL,14684
14685,443,TCP,HTTPS,14685
14686,138,UDP,IRDMI,14686
14687,6969,TCP,ZABBIX,14687
14688,5900,UDP,TELNET,14688
14689,9100,UDP,PGSQL,14689
14690,22,UDP,IMAP4,14690
14691,5061,TCP,VNC,14691
14692,443,TCP,HTTPS,14692
14693,8000,TCP,SSH,14693
14694,1433,TCP,SSH,14694
14695,443,TCP,HTTPS,14695
14696,8000,UDP,PGSQL,14696
14697,1344,TCP,UBIQUITY,14697
14698,443,TCP,UBIQUITY,14698
14699,8000,TCP,MSSQL,14699
14700,21,UDP,MSSQL,14700
14701,443,TCP,HTTPS,14701
14702,23,TCP,HPSERVICE,14702
14703,10001,UDP,ICAP,14703
14704,445,UDP,IMAP4,14704
14705,5061,UDP,HTTPS,14705
14706,1433,UDP,EMS,14706
14707,587,UDP,FTP,14707
14708,445,UDP,IMAP4,14708
14709,10051,UDP,MSSQL,14709
14710,80,UDP,SNMP,14710
14711,5222,TCP,SNMP,14711
14712,443,TCP,HTTPS,14712
14713,443,UDP,HTTPS,14713
14714,6969,UDP,DAAPD,14714
14715,1344,TCP,IMAP4,14715
14716,22,UDP,IRDMI,14716
14717,3389,TCP,HTTPS,14717
14718,8080,UDP,ISAKMP,14718
14719,3389,TCP,SSH,14719
14720,3689,UDP,UBIQUITY,14720
14721,8080,UDP,TELNET,14721
14722,5432,UDP,HTTPS,14722
14723,161,TCP,DAAPD,14723
14724,10001,UDP,RDP,14724
14725,3128,UDP,ZABBIX,14725
14726,443,TCP,HTTPS,14726
14727,10051,TCP,UBIQUITY,14727
14728,5222,TCP,SIP,14728
14729,5432,UDP,RDP,14729
14730,443,TCP,HTTPS,14730
14731,500,UDP,TELNET,14731
14732,587,UDP,ISAKMP,14732
14733,161,UDP,TELNET,14733
14734,8080,UDP,SSH,14734
14735,3128,TCP,HTTP,14735
14736,138,UDP,VNC,14736
14737,6969,TCP,NETBIOS,14737
14738,5061,TCP,MDS,14738
14739,443,TCP,HTTPS,14739
14740,21,UDP,ACMSODA,14740
14741,3389,TCP,MDS,14741
14742,8080,UDP,SNMP,14742
14743,443,UDP,FTP,14743
14744,21,UDP,RDP,14744
14745,21,TCP,HPSERVICE,14745
14746,500,TCP,ISAKMP,14746
14747,21,UDP,ICAP,14747
14748,137,UDP,XMPP,14748
14749,5061,TCP,XMPP,14749
14750,443,UDP,HTTPS,14750
14751,443,TCP,HTTPS,14751
14752,443,TCP,HTTPS,14752
14753,8000,UDP,SIP,14753
14754,5900,UDP,MDS,14754
14755,443,TCP,HTTPS,14755
14756,443,UDP,MDS,14756
14757,161,UDP,SSH,14757
14758,443,UDP,HTTPS,14758
14759,80,UDP,SNMP,14759
14760,1344,TCP,TELNET,14760
14761,3128,UDP,ZABBIX,14761
14762,993,UDP,DAAPD,14762
14763,23,UDP,SIP,14763
14764,1344,TCP,NETBIOS,14764
14765,53,TCP,MSSQL,14765
14766,993,TCP,UBIQUITY,14766
14767,1344,TCP,NETBIOS,14767
14768,80,TCP,FTP,14768
14769,1344,UDP,MDS,14769
14770,5432,UDP,RDP,14770
14771,443,TCP,RDP,14771
14772,8080,UDP,ICAP,14772
14773,21,TCP,FTP,14773
14774,443,TCP,RDP,14774
14775,1433,UDP,SSH,14775
14776,21,UDP,RDP,14776
14777,23,TCP,HPSERVICE,14777
14778,23,TCP,HPSERVICE,14778
14779,5222,UDP,EMS,14779
14780,443,TCP,VNC,14780
14781,445,TCP,RDP,14781
14782,993,UDP,DAAPD,14782
14783,1433,TCP,EMS,14783
14784,443,TCP,HTTPS,14784
14785,10001,UDP,FTP,14785
14786,21,UDP,UBIQUITY,14786
14787,1344,TCP,TELNET,14787
14788,80,TCP,DAAPD,14788
14789,53,UDP,DNS,14789
14790,5900,UDP,TELNET,14790
14791,3128,TCP,HTTP,14791
14792,1433,TCP,SSH,14792
14793,443,TCP,HTTPS,14793
14794,21,TCP,EMS,14794
14795,587,UDP,FTP,14795
14796,993,UDP,TELNET,14796
14797,443,TCP,HTTPS,14797
14798,161,UDP,VNC,14798
14799,6969,TCP,ZABBIX,14799
14800,22,UDP,SIP,14800
14801,138,TCP,IRDMI,14801
14802,587,UDP,IRDMI,14802
14803,80,TCP,HTTP,14803
14804,1344,TCP,TELNET,14804
14805,993,UDP,TELNET,14805
14806,3689,UDP,FTP,14806
14807,9100,UDP,ZABBIX,14807
14808,445,TCP,HPSERVICE,14808
14809,993,UDP,TELNET,14809
14810,3689,TCP,PGSQL,14810
14811,5432,UDP,MSSQL,14811
14812,1433,TCP,XMPP,14812
14813,161,TCP,HTTPS,14813
14814,138,UDP,PGSQL,14814
14815,443,TCP,HTTPS,14815
14816,1344,TCP,NETBIOS,14816
14817,80,TCP,FTP,14817
14818,587,UDP,EMS,14818
14819,138,TCP,MSSQL,14819
14820,5432,TCP,DAAPD,14820
14821,445,UDP,IMAP4,14821
14822,80,UDP,ZABBIX,14822
14823,5060,TCP,FTP,14823
14824,993,TCP,RDP,14824
14825,10051,UDP,MSSQL,14825
14826,1344,TCP,ISAKMP,14826
14827,138,TCP,MSSQL,14827
14828,137,TCP,ISAKMP,14828
14829,22,TCP,MSSQL,14829
14830,1433,UDP,ACMSODA,14830
14831,10001,TCP,HPSERVICE,14831
14832,21,UDP,HTTPS,14832
14833,993,TCP,DNS,14833
14834,22,TCP,VNC,14834
14835,587,TCP,RDP,14835
14836,1344,UDP,ICAP,14836
14837,587,UDP,XMPP,14837
14838,53,UDP,DNS,14838
14839,3689,UDP,FTP,14839
14840,5900,UDP,SIP,14840
14841,443,UDP,IRDMI,14841
14842,3389,UDP,SNMP,14842
14843,8000,TCP,SSH,14843
14844,993,UDP,ZABBIX,14844
14845,8080,UDP,FTP,14845
14846,500,TCP,DNS,14846
14847,5432,UDP,ICAP,14847
14848,8000,UDP,NETBIOS,14848
14849,3389,TCP,HTTPS,14849
14850,443,TCP,HTTPS,14850
14851,21,UDP,ACMSODA,14851
14852,53,UDP,XMPP,14852
14853,1433,TCP,MSSQL,14853
14854,5222,TCP,EMS,14854
14855,443,TCP,HTTP,14855
14856,5060,TCP,ACMSODA,14856
14857,8000,TCP,ICAP,14857
14858,53,UDP,DNS,14858
14859,993,TCP,DNS,14859
14860,3689,UDP,FTP,14860
14861,21,UDP,MSSQL,14861
14862,53,UDP,DNS,14862
14863,21,UDP,ICAP,14863
14864,1433,UDP,MSSQL,14864
14865,10051,TCP,SIP,14865
14866,6969,TCP,SNMP,14866
14867,80,TCP,DAAPD,14867
14868,1344,UDP,RDP,14868
14869,138,UDP,HPSERVICE,14869
14870,10001,UDP,FTP,14870
14871,445,UDP,UBIQUITY,14871
14872,5432,TCP,XMPP,14872
14873,8080,TCP,ZABBIX,14873
14874,5900,UDP,MSSQL,14874
14875,5060,TCP,MDS,14875
14876,138,TCP,XMPP,14876
14877,993,TCP,RDP,14877
14878,1433,UDP,ZABBIX,14878
14879,8000,UDP,PGSQL,14879
14880,443,UDP,DAAPD,14880
14881,10001,UDP,ZABBIX,14881
14882,3128,UDP,ZABBIX,14882
14883,587,TCP,ACMSODA,14883
14884,443,TCP,UBIQUITY,14884
14885,5061,UDP,ACMSODA,14885
14886,6969,UDP,ZABBIX,14886
14887,22,TCP,MSSQL,14887
14888,443,TCP,ACMSODA,14888
14889,443,TCP,HTTPS,14889
14890,500,TCP,PGSQL,14890
14891,6969,TCP,ZABBIX,14891
14892,587,TCP,MDS,14892
14893,5060,TCP,MDS,14893
14894,500,TCP,SIP,14894
14895,1344,TCP,NETBIOS,14895
14896,993,UDP,DAAPD,14896
14897,5060,TCP,IRDMI,14897
14898,21,UDP,MSSQL,14898
14899,3128,TCP,SSH,14899
14900,5900,UDP,DAAPD,14900
14901,1433,TCP,PGSQL,14901
14902,22,TCP,UBIQUITY,14902
14903,21,UDP,MSSQL,14903
14904,138,UDP,ZABBIX,14904
14905,993,UDP,PGSQL,14905
14906,1433,UDP,SSH,14906
14907,5061,TCP,VNC,14907
14908,80,UDP,SNMP,14908
14909,993,TCP,DNS,14909
14910,21,TCP,FTP,14910
14911,5222,UDP,PGSQL,14911
14912,5061,TCP,IMAP4,14912
14913,587,TCP,RDP,14913
14914,3128,UDP,IRDMI,14914
14915,1344,TCP,ISAKMP,14915
14916,443,TCP,HTTPS,14916
14917,3689,UDP,SNMP,14917
14918,500,UDP,DAAPD,14918
14919,443,TCP,HTTPS,14919
14920,1433,UDP,XMPP,14920
14921,161,TCP,IRDMI,14921
14922,1344,TCP,NETBIOS,14922
14923,53,UDP,XMPP,14923
14924,3689,TCP,TELNET,14924
14925,22,TCP,UBIQUITY,14925
14926,3128,TCP,SNMP,14926
14927,443,TCP,HTTPS,14927
14928,5900,UDP,MDS,14928
14929,53,UDP,DNS,14929
14930,6969,TCP,ICAP,14930
14931,5061,UDP,DNS,14931
14932,8000,UDP,SIP,14932
14933,1433,TCP,PGSQL,14933
14934,161,TCP,TELNET,14934
14935,443,UDP,ISAKMP,14935
14936,6969,TCP,IMAP4,14936
14937,443,TCP,HTTPS,14937
14938,443,TCP,UBIQUITY,14938
14939,1344,TCP,IMAP4,14939
14940,137,TCP,RDP,14940
14941,8000,TCP,UBIQUITY,14941
14942,1344,UDP,UBIQUITY,14942
14943,9100,UDP,DAAPD,14943
14944,3389,TCP,HTTPS,14944
14945,3128,UDP,IRDMI,14945
14946,137,TCP,HTTPS,14946
14947,445,UDP,DNS,14947
14948,23,TCP,HPSERVICE,14948
14949,8080,UDP,ICAP,14949
14950,443,TCP,UBIQUITY,14950
14951,137,UDP,HTTPS,14951
14952,10051,TCP,ISAKMP,14952
14953,80,UDP,NETBIOS,14953
14954,443,TCP,HTTPS,14954
14955,23,TCP,IMAP4,14955
14956,443,TCP,HTTPS,14956
14957,500,TCP,TELNET,14957
14958,6969,TCP,IMAP4,14958
14959,6969,UDP,RDP,14959
14960,6969,UDP,MSSQL,14960
14961,22,UDP,NETBIOS,14961
14962,5060,TCP,IMAP4,14962
14963,6969,TCP,ISAKMP,14963
14964,8000,TCP,DNS,14964
14965,443,TCP,HTTPS,14965
14966,23,UDP,MDS,14966
14967,5900,UDP,DAAPD,14967
14968,10051,TCP,ISAKMP,14968
14969,5060,TCP,ICAP,14969
14970,1433,TCP,UBIQUITY,14970
14971,9100,TCP,RDP,14971
14972,443,TCP,HTTPS,14972
14973,993,TCP,DNS,14973
14974,21,TCP,FTP,14974
14975,443,TCP,HTTPS,14975
14976,3689,UDP,VNC,14976
14977,443,TCP,HTTPS,14977
14978,23,UDP,SIP,14978
14979,22,UDP,ACMSODA,14979
14980,1433,UDP,ACMSODA,14980
14981,445,TCP,IRDMI,14981
14982,5900,UDP,SIP,14982
14983,22,TCP,ZABBIX,14983
14984,5061,TCP,ICAP,14984
14985,80,UDP,ZABBIX,14985
14986,9100,UDP,ZABBIX,14986
14987,161,TCP,IRDMI,14987
14988,80,TCP,HTTP,14988
14989,443,TCP,HTTPS,14989
14990,443,TCP,HTTPS,14990
14991,993,TCP,SSH,14991
14992,500,TCP,RDP,14992
14993,6969,TCP,IMAP4,14993
14994,80,TCP,PGSQL,14994
14995,587,TCP,MDS,14995
14996,80,TCP,HTTP,14996
14997,993,TCP,HTTP,14997
14998,8080,TCP,MSSQL,14998
14999,137,TCP,HTTPS,14999
15000,5432,TCP,HTTPS,15000
15001,80,TCP,HTTP,15001
15002,3689,TCP,FTP,15002
15003,137,TCP,XMPP,15003
15004,53,UDP,DNS,15004
15005,21,UDP,SSH,15005
15006,993,TCP,HTTP,15006
15007,6969,UDP,ZABBIX,15007
15008,443,TCP,HTTPS,15008
15009,5432,UDP,ISAKMP,15009
15010,3128,UDP,VNC,15010
15011,22,UDP,VNC,15011
15012,10001,UDP,SSH,15012
15013,21,UDP,XMPP,15013
15014,5432,TCP,DAAPD,15014
15015,443,TCP,UBIQUITY,15015
15016,5060,UDP,RDP,15016
15017,80,UDP,ZABBIX,15017
15018,3128,UDP,ICAP,15018
15019,443,TCP,UBIQUITY,15019
15020,5432,UDP,RDP,15020
15021,1344,UDP,MDS,15021
15022,138,UDP,MDS,15022
15023,5900,UDP,HTTP,15023
15024,9100,TCP,RDP,15024
15025,10051,UDP,ACMSODA,15025
15026,80,UDP,NETBIOS,15026
15027,443,TCP,HTTPS,15027
15028,443,TCP,HTTPS,15028
15029,10001,UDP,PGSQL,15029
15030,1433,UDP,ACMSODA,15030
15031,22,UDP,TELNET,15031
15032,5222,UDP,SSH,15032
15033,5060,TCP,ACMSODA,15033
15034,993,UDP,DAAPD,15034
15035,22,UDP,ISAKMP,15035
15036,161,TCP,TELNET,15036
15037,10001,UDP,SSH,15037
15038,443,TCP,HTTPS,15038
15039,5432,UDP,NETBIOS,15039
15040,443,UDP,HTTPS,15040
15041,443,TCP,HTTPS,15041
15042,21,UDP,RDP,15042
15043,161,UDP,TELNET,15043
15044,21,UDP,XMPP,15044
15045,5432,TCP,DAAPD,15045
15046,445,UDP,DAAPD,15046
15047,21,TCP,MSSQL,15047
15048,80,UDP,NETBIOS,15048
15049,80,TCP,HTTP,15049
15050,443,TCP,SIP,15050
15051,1344,TCP,TELNET,15051
15052,21,TCP,FTP,15052
15053,21,TCP,IRDMI,15053
15054,137,UDP,XMPP,15054
15055,443,TCP,HTTPS,15055
15056,443,TCP,HTTPS,15056
15057,587,TCP,ACMSODA,15057
15058,1344,TCP,ISAKMP,15058
15059,445,UDP,IMAP4,15059
15060,1344,TCP,NETBIOS,15060
15061,3128,UDP,IMAP4,15061
15062,5061,TCP,VNC,15062
15063,8000,TCP,MSSQL,15063
15064,587,TCP,RDP,15064
15065,500,UDP,DAAPD,15065
15066,993,TCP,NETBIOS,15066
15067,137,TCP,XMPP,15067
15068,5222,UDP,SSH,15068
15069,993,UDP,PGSQL,15069
15070,21,UDP,ACMSODA,15070
15071,5900,UDP,HTTP,15071
15072,5060,TCP,ACMSODA,15072
15073,5061,UDP,PGSQL,15073
15074,22,TCP,VNC,15074
15075,21,TCP,EMS,15075
15076,22,UDP,PGSQL,15076
15077,3689,TCP,TELNET,15077
15078,8080,UDP,SNMP,15078
15079,6969,TCP,ZABBIX,15079
15080,3689,TCP,SSH,15080
15081,443,TCP,HTTPS,15081
15082,10001,TCP,IRDMI,15082
15083,5900,UDP,MSSQL,15083
15084,5061,TCP,XMPP,15084
15085,6969,TCP,HTTPS,15085
15086,10001,UDP,TELNET,15086
15087,3128,UDP,ICAP,15087
15088,1433,TCP,EMS,15088
15089,443,TCP,HTTPS,15089
15090,443,TCP,HTTPS,15090
15091,3689,UDP,HPSERVICE,15091
15092,3689,TCP,HTTP,15092
15093,1433,UDP,SSH,15093
15094,23,UDP,SIP,15094
15095,10001,TCP,EMS,15095
15096,443,TCP,HTTPS,15096
15097,8000,UDP,SIP,15097
15098,443,TCP,IRDMI,15098
15099,23,UDP,SIP,15099
15100,8000,UDP,HPSERVICE,15100
15101,5222,UDP,ICAP,15101
15102,161,UDP,SIP,15102
15103,9100,TCP,FTP,15103
15104,22,UDP,VNC,15104
15105,443,TCP,UBIQUITY,15105
15106,9100,UDP,IRDMI,15106
15107,53,UDP,XMPP,15107
15108,23,UDP,ICAP,15108
15109,443,UDP,HTTPS,15109
15110,5900,UDP,MSSQL,15110
15111,500,UDP,XMPP,15111
15112,6969,TCP,ZABBIX,15112
15113,10001,UDP,PGSQL,15113
15114,1433,TCP,PGSQL,15114
15115,443,TCP,HTTPS,15115
15116,8000,UDP,NETBIOS,15116
15117,6969,TCP,ISAKMP,15117
15118,587,TCP,ZABBIX,15118
15119,3689,TCP,TELNET,15119
15120,8080,UDP,TELNET,15120
15121,443,UDP,ISAKMP,15121
15122,1344,TCP,ISAKMP,15122
15123,5900,TCP,FTP,15123
15124,23,TCP,VNC,15124
15125,443,TCP,HTTPS,15125
15126,993,TCP,UBIQUITY,15126
15127,21,TCP,FTP,15127
15128,445,TCP,MDS,15128
15129,1344,TCP,IMAP4,15129
15130,500,UDP,FTP,15130
15131,1344,TCP,TELNET,15131
15132,53,UDP,DNS,15132
15133,23,TCP,HPSERVICE,15133
15134,8000,TCP,MSSQL,15134
15135,443,TCP,HTTPS,15135
15136,443,TCP,HTTPS,15136
15137,22,UDP,SNMP,15137
15138,21,TCP,IRDMI,15138
15139,500,UDP,DAAPD,15139
15140,587,TCP,SIP,15140
15141,3689,TCP,HPSERVICE,15141
15142,443,TCP,HTTPS,15142
15143,1344,TCP,TELNET,15143
15144,1433,TCP,HTTPS,15144
15145,8080,TCP,DAAPD,15145
15146,443,TCP,HTTPS,15146
15147,5222,TCP,HTTPS,15147
15148,3389,TCP,SSH,15148
15149,500,TCP,IMAP4,15149
15150,5900,TCP,RDP,15150
15151,500,UDP,DAAPD,15151
15152,23,TCP,HPSERVICE,15152
15153,1344,UDP,PGSQL,15153
15154,80,UDP,XMPP,15154
15155,10001,UDP,FTP,15155
15156,10051,UDP,MSSQL,15156
15157,3128,TCP,SNMP,15157
15158,443,TCP,UBIQUITY,15158
15159,8080,TCP,EMS,15159
15160,500,TCP,IMAP4,15160
15161,8000,TCP,MSSQL,15161
15162,443,UDP,HTTPS,15162
15163,587,UDP,XMPP,15163
15164,5432,UDP,MSSQL,15164
15165,1344,TCP,TELNET,15165
15166,137,UDP,XMPP,15166
15167,5900,UDP,MDS,15167
15168,21,TCP,FTP,15168
15169,1344,TCP,NETBIOS,15169
15170,10001,UDP,RDP,15170
15171,1433,UDP,ACMSODA,15171
15172,3689,TCP,ICAP,15172
15173,3389,TCP,IRDMI,15173
15174,5432,UDP,DNS,15174
15175,5432,TCP,RDP,15175
15176,5432,TCP,SSH,15176
15177,53,UDP,DNS,15177
15178,22,UDP,SNMP,15178
15179,1344,UDP,MDS,15179
15180,993,UDP,DAAPD,15180
15181,443,TCP,HPSERVICE,15181
15182,80,TCP,PGSQL,15182
15183,5432,UDP,MSSQL,15183
15184,21,TCP,FTP,15184
15185,3128,UDP,ICAP,15185
15186,5060,TCP,ACMSODA,15186
15187,443,TCP,HTTPS,15187
15188,3389,UDP,IRDMI,15188
15189,1344,TCP,IMAP4,15189
15190,5222,TCP,TELNET,15190
15191,993,TCP,RDP,15191
15192,443,TCP,HTTPS,15192
15193,53,TCP,SNMP,15193
15194,3389,TCP,IMAP4,15194
15195,443,TCP,HTTPS,15195
15196,1344,TCP,IMAP4,15196
15197,1344,UDP,ICAP,15197
15198,5060,TCP,MDS,15198
15199,10051,UDP,VNC,15199
15200,9100,UDP,ZABBIX,15200
15201,6969,TCP,ACMSODA,15201
15202,5432,TCP,PGSQL,15202
15203,80,TCP,HTTP,15203
15204,80,UDP,ZABBIX,15204
15205,587,UDP,EMS,15205
15206,1433,TCP,UBIQUITY,15206
15207,5432,UDP,ACMSODA,15207
15208,3389,TCP,SSH,15208
15209,22,UDP,IMAP4,15209
15210,53,UDP,MDS,15210
15211,8080,UDP,ACMSODA,15211
15212,587,UDP,FTP,15212
15213,443,TCP,HTTPS,15213
15214,161,UDP,UBIQUITY,15214
15215,587,UDP,IMAP4,15215
15216,5222,UDP,ZABBIX,15216
15217,3689,TCP,SIP,15217
15218,5432,TCP,ACMSODA,15218
15219,22,TCP,VNC,15219
15220,53,UDP,HTTP,15220
15221,21,TCP,FTP,15221
15222,8080,UDP,HTTP,15222
15223,443,TCP,HTTPS,15223
15224,10051,UDP,VNC,15224
15225,10051,UDP,SIP,15225
15226,5432,UDP,MSSQL,15226
15227,3128,UDP,ICAP,15227
15228,993,UDP,PGSQL,15228
15229,5900,UDP,SIP,15229
15230,161,TCP,RDP,15230
15231,21,UDP,XMPP,15231
15232,22,UDP,ISAKMP,15232
15233,22,TCP,UBIQUITY,15233
15234,80,UDP,ZABBIX,15234
15235,445,UDP,DAAPD,15235
15236,80,UDP,SIP,15236
15237,5222,UDP,SSH,15237
15238,5061,UDP,TELNET,15238
15239,3128,UDP,SNMP,15239
15240,1344,TCP,NETBIOS,15240
15241,10051,UDP,ISAKMP,15241
15242,161,TCP,MSSQL,15242
15243,443,TCP,HTTPS,15243
15244,500,UDP,XMPP,15244
15245,5432,UDP,ICAP,15245
15246,9100,UDP,PGSQL,15246
15247,21,TCP,EMS,15247
15248,10001,UDP,FTP,15248
15249,500,TCP,IMAP4,15249
15250,443,TCP,HTTPS,15250
15251,1344,UDP,RDP,15251
15252,1344,TCP,ISAKMP,15252
15253,138,UDP,NETBIOS,15253
15254,10051,UDP,DNS,15254
15255,5222,UDP,SSH,15255
15256,3389,UDP,SNMP,15256
15257,587,TCP,ACMSODA,15257
15258,5222,UDP,SSH,15258
15259,21,TCP,FTP,15259
15260,3689,UDP,UBIQUITY,15260
15261,21,UDP,SIP,15261
15262,5432,TCP,DAAPD,15262
15263,993,UDP,TELNET,15263
15264,1344,TCP,NETBIOS,15264
15265,993,TCP,NETBIOS,15265
15266,5432,TCP,XMPP,15266
15267,21,TCP,FTP,15267
15268,445,UDP,DAAPD,15268
15269,500,UDP,VNC,15269
15270,138,TCP,IRDMI,15270
15271,443,TCP,HTTPS,15271
15272,8080,TCP,FTP,15272
15273,443,UDP,HTTPS,15273
15274,443,TCP,VNC,15274
15275,3128,TCP,SNMP,15275
15276,443,TCP,HTTPS,15276
15277,3389,TCP,IMAP4,15277
15278,53,TCP,MSSQL,15278
15279,443,TCP,HTTPS,15279
15280,8080,TCP,HTTP,15280
15281,5061,TCP,SIP,15281
15282,137,TCP,ACMSODA,15282
15283,3128,TCP,HTTPS,15283
15284,443,TCP,HTTPS,15284
15285,443,TCP,HTTP,15285
15286,5432,UDP,HTTPS,15286
15287,443,TCP,HTTPS,15287
15288,5432,UDP,ACMSODA,15288
15289,3389,TCP,IRDMI,15289
15290,443,UDP,MDS,15290
15291,5222,UDP,SSH,15291
15292,500,TCP,PGSQL,15292
15293,443,TCP,HTTPS,15293
15294,10001,UDP,SSH,15294
15295,10051,UDP,DNS,15295
15296,443,TCP,HTTPS,15296
15297,8080,UDP,FTP,15297
15298,161,UDP,FTP,15298
15299,3389,UDP,IRDMI,15299
15300,993,TCP,ISAKMP,15300
15301,5432,UDP,MSSQL,15301
15302,445,UDP,DNS,15302
15303,5222,UDP,RDP,15303
15304,10001,UDP,SSH,15304
15305,5060,TCP,MDS,15305
15306,443,TCP,HTTPS,15306
15307,500,UDP,FTP,15307
15308,8080,UDP,ICAP,15308
15309,3389,UDP,PGSQL,15309
15310,21,UDP,SIP,15310
15311,21,TCP,FTP,15311
15312,993,TCP,RDP,15312
15313,80,TCP,HTTP,15313
15314,443,TCP,IMAP4,15314
15315,1433,UDP,MSSQL,15315
15316,21,TCP,FTP,15316
15317,445,UDP,DAAPD,15317
15318,8080,UDP,XMPP,15318
15319,1344,TCP,NETBIOS,15319
15320,5222,UDP,RDP,15320
15321,5900,UDP,SIP,15321
15322,1433,TCP,PGSQL,15322
15323,3689,TCP,SSH,15323
15324,443,TCP,HTTP,15324
15325,443,TCP,UBIQUITY,15325
15326,10051,TCP,VNC,15326
15327,22,UDP,ISAKMP,15327
15328,10051,UDP,MSSQL,15328
15329,3689,UDP,SNMP,15329
15330,587,UDP,XMPP,15330
15331,1433,TCP,PGSQL,15331
15332,161,UDP,SSH,15332
15333,22,UDP,TELNET,15333
15334,5900,TCP,MSSQL,15334
15335,587,TCP,PGSQL,15335
15336,5432,UDP,MSSQL,15336
15337,3128,UDP,MSSQL,15337
15338,500,UDP,TELNET,15338
15339,80,TCP,PGSQL,15339
15340,5900,UDP,MSSQL,15340
15341,138,TCP,ACMSODA,15341
15342,53,TCP,MSSQL,15342
15343,993,TCP,RDP,15343
15344,8000,UDP,SIP,15344
15345,443,TCP,HTTPS,15345
15346,5432,TCP,SSH,15346
15347,5900,UDP,EMS,15347
15348,21,UDP,ICAP,15348
15349,587,TCP,EMS,15349
15350,22,UDP,PGSQL,15350
15351,587,UDP,TELNET,15351
15352,587,UDP,FTP,15352
15353,993,TCP,NETBIOS,15353
15354,5900,UDP,MSSQL,15354
15355,10051,UDP,ISAKMP,15355
15356,1433,TCP,HTTPS,15356
15357,80,UDP,ZABBIX,15357
15358,21,TCP,FTP,15358
15359,23,UDP,SIP,15359
15360,5900,UDP,MSSQL,15360
15361,445,TCP,IRDMI,15361
15362,8000,TCP,MSSQL,15362
15363,5432,TCP,DAAPD,15363
15364,161,UDP,IRDMI,15364
15365,80,UDP,ZABBIX,15365
15366,993,UDP,TELNET,15366
15367,5432,TCP,SSH,15367
15368,137,TCP,HTTPS,15368
15369,10001,TCP,MDS,15369
15370,3128,UDP,SNMP,15370
15371,5060,UDP,FTP,15371
15372,1433,UDP,ACMSODA,15372
15373,5432,UDP,ICAP,15373
15374,21,UDP,MSSQL,15374
15375,53,UDP,XMPP,15375
15376,443,TCP,HTTPS,15376
15377,443,TCP,HTTPS,15377
15378,5060,UDP,MDS,15378
15379,993,UDP,MDS,15379
15380,21,TCP,DAAPD,15380
15381,1344,UDP,ICAP,15381
15382,443,TCP,HTTPS,15382
15383,5060,TCP,IRDMI,15383
15384,443,UDP,IRDMI,15384
15385,1433,UDP,ZABBIX,15385
15386,1344,TCP,TELNET,15386
15387,993,TCP,IMAP4,15387
15388,23,UDP,TELNET,15388
15389,21,TCP,VNC,15389
15390,3389,TCP,IMAP4,15390
15391,443,TCP,HTTPS,15391
15392,1344,TCP,UBIQUITY,15392
15393,443,TCP,HTTPS,15393
15394,5432,UDP,MSSQL,15394
15395,443,UDP,HTTPS,15395
15396,587,UDP,RDP,15396
15397,443,TCP,HTTPS,15397
15398,3689,UDP,MSSQL,15398
15399,443,TCP,HTTPS,15399
15400,22,UDP,VNC,15400
15401,137,TCP,FTP,15401
15402,443,TCP,HTTPS,15402
15403,8000,TCP,SSH,15403
15404,587,UDP,IRDMI,15404
15405,5060,TCP,ICAP,15405
15406,8000,TCP,MSSQL,15406
15407,500,UDP,XMPP,15407
15408,5222,UDP,SSH,15408
15409,1433,TCP,PGSQL,15409
15410,9100,UDP,VNC,15410
15411,8000,TCP,MSSQL,15411
15412,8000,UDP,DNS,15412
15413,5900,UDP,NETBIOS,15413
15414,23,TCP,VNC,15414
15415,9100,TCP,SSH,15415
15416,23,TCP,VNC,15416
15417,443,TCP,HTTPS,15417
15418,443,TCP,HTTPS,15418
15419,6969,UDP,DNS,15419
15420,445,UDP,IMAP4,15420
15421,3128,UDP,SNMP,15421
15422,53,UDP,HTTP,15422
15423,80,UDP,HTTP,15423
15424,6969,TCP,ACMSODA,15424
15425,80,TCP,HTTP,15425
15426,993,UDP,DAAPD,15426
15427,5222,TCP,XMPP,15427
15428,500,UDP,DAAPD,15428
15429,445,UDP,HTTPS,15429
15430,3689,TCP,TELNET,15430
15431,5900,UDP,MSSQL,15431
15432,23,TCP,VNC,15432
15433,500,UDP,TELNET,15433
15434,5432,TCP,XMPP,15434
15435,5432,UDP,HTTPS,15435
15436,3689,TCP,TELNET,15436
15437,22,TCP,HTTPS,15437
15438,80,TCP,IMAP4,15438
15439,500,TCP,IMAP4,15439
15440,9100,TCP,RDP,15440
15441,21,UDP,FTP,15441
15442,3689,TCP,SSH,15442
15443,445,TCP,SSH,15443
15444,80,TCP,HTTP,15444
15445,8080,UDP,ACMSODA,15445
15446,10051,UDP,MDS,15446
15447,53,UDP,XMPP,15447
15448,22,TCP,SSH,15448
15449,443,TCP,HTTPS,15449
15450,161,UDP,VNC,15450
15451,53,TCP,MSSQL,15451
15452,138,UDP,IRDMI,15452
15453,10051,UDP,ISAKMP,15453
15454,5061,UDP,TELNET,15454
15455,445,TCP,HPSERVICE,15455
15456,1344,TCP,TELNET,15456
15457,53,UDP,DNS,15457
15458,6969,TCP,IMAP4,15458
15459,443,TCP,HTTPS,15459
15460,53,UDP,MDS,15460
15461,10051,UDP,ICAP,15461
15462,1433,TCP,PGSQL,15462
15463,5432,TCP,RDP,15463
15464,1433,TCP,MDS,15464
15465,587,TCP,MDS,15465
15466,500,TCP,SIP,15466
15467,80,TCP,FTP,15467
15468,137,UDP,HTTPS,15468
15469,53,UDP,DNS,15469
15470,80,TCP,IMAP4,15470
15471,5432,TCP,DAAPD,15471
15472,445,UDP,HTTP,15472
15473,587,TCP,ACMSODA,15473
15474,138,TCP,DNS,15474
15475,137,TCP,RDP,15475
15476,587,TCP,ACMSODA,15476
15477,445,TCP,RDP,15477
15478,80,TCP,HTTP,15478
15479,53,UDP,XMPP,15479
15480,5061,UDP,PGSQL,15480
15481,80,UDP,PGSQL,15481
15482,138,TCP,ACMSODA,15482
15483,443,TCP,HTTPS,15483
15484,587,UDP,EMS,15484
15485,3128,UDP,IRDMI,15485
15486,80,TCP,EMS,15486
15487,22,TCP,UBIQUITY,15487
15488,3128,TCP,HTTPS,15488
15489,53,UDP,DNS,15489
15490,80,UDP,ZABBIX,15490
15491,5060,TCP,NETBIOS,15491
15492,443,UDP,DAAPD,15492
15493,443,TCP,HTTPS,15493
15494,6969,TCP,IMAP4,15494
15495,443,TCP,HTTPS,15495
15496,587,TCP,ACMSODA,15496
15497,443,TCP,HTTPS,15497
15498,3689,TCP,SSH,15498
15499,443,UDP,IRDMI,15499
15500,445,TCP,PGSQL,15500
15501,23,UDP,MDS,15501
15502,10051,UDP,HTTPS,15502
15503,3689,TCP,FTP,15503
15504,53,UDP,DNS,15504
15505,80,UDP,XMPP,15505
15506,443,TCP,HTTPS,15506
15507,22,UDP,SIP,15507
15508,5432,UDP,NETBIOS,15508
15509,443,TCP,HTTPS,15509
15510,8080,UDP,EMS,15510
15511,80,TCP,HTTP,15511
15512,5900,TCP,RDP,15512
15513,3389,TCP,IRDMI,15513
15514,161,TCP,DAAPD,15514
15515,8000,TCP,UBIQUITY,15515
15516,445,TCP,SSH,15516
15517,5432,UDP,IMAP4,15517
15518,8080,UDP,ISAKMP,15518
15519,5060,UDP,IMAP4,15519
15520,3689,TCP,HPSERVICE,15520
15521,5900,TCP,MDS,15521
15522,445,UDP,HTTP,15522
15523,443,TCP,HPSERVICE,15523
15524,500,UDP,DAAPD,15524
15525,53,UDP,DNS,15525
15526,1344,UDP,HTTP,15526
15527,8080,UDP,PGSQL,15527
15528,21,TCP,FTP,15528
15529,443,TCP,HTTPS,15529
15530,9100,TCP,MDS,15530
15531,443,TCP,HTTPS,15531
15532,1433,UDP,MSSQL,15532
15533,1344,TCP,TELNET,15533
15534,3128,UDP,MSSQL,15534
15535,443,TCP,HTTPS,15535
15536,53,UDP,DNS,15536
15537,500,UDP,XMPP,15537
15538,500,TCP,IMAP4,15538
15539,993,TCP,IMAP4,15539
15540,10001,UDP,PGSQL,15540
15541,993,TCP,DNS,15541
15542,3689,TCP,HTTP,15542
15543,138,TCP,IRDMI,15543
15544,5900,UDP,MSSQL,15544
15545,443,TCP,HTTPS,15545
15546,443,UDP,HTTPS,15546
15547,3689,UDP,HPSERVICE,15547
15548,3689,UDP,FTP,15548
15549,500,UDP,FTP,15549
15550,3389,UDP,IRDMI,15550
15551,53,UDP,FTP,15551
15552,1344,TCP,TELNET,15552
15553,500,UDP,DAAPD,15553
15554,443,TCP,HTTPS,15554
15555,443,TCP,HPSERVICE,15555
15556,3689,UDP,SSH,15556
15557,445,TCP,TELNET,15557
15558,137,TCP,RDP,15558
15559,500,TCP,PGSQL,15559
15560,443,TCP,HTTPS,15560
15561,137,TCP,HTTPS,15561
15562,138,TCP,MSSQL,15562
15563,993,UDP,TELNET,15563
15564,500,UDP,RDP,15564
15565,5432,TCP,SSH,15565
15566,5900,TCP,MDS,15566
15567,138,TCP,DAAPD,15567
15568,443,TCP,HTTPS,15568
15569,445,UDP,IMAP4,15569
15570,53,UDP,DNS,15570
15571,53,UDP,DNS,15571
15572,1344,UDP,DAAPD,15572
15573,137,UDP,SNMP,15573
15574,5060,UDP,MSSQL,15574
15575,1433,UDP,ACMSODA,15575
15576,587,UDP,ICAP,15576
15577,3689,TCP,TELNET,15577
15578,5432,TCP,DAAPD,15578
15579,53,UDP,DNS,15579
15580,993,TCP,MDS,15580
15581,443,TCP,HTTPS,15581
15582,587,UDP,IRDMI,15582
15583,6969,UDP,DNS,15583
15584,1344,UDP,TELNET,15584
15585,8080,UDP,ISAKMP,15585
15586,10051,TCP,ISAKMP,15586
15587,1344,TCP,UBIQUITY,15587
15588,53,UDP,DNS,15588
15589,80,UDP,HTTP,15589
15590,21,TCP,HPSERVICE,15590
15591,5222,UDP,SSH,15591
15592,993,TCP,UBIQUITY,15592
15593,993,TCP,PGSQL,15593
15594,8080,TCP,ACMSODA,15594
15595,5222,TCP,SNMP,15595
15596,9100,UDP,SNMP,15596
15597,80,TCP,HTTPS,15597
15598,9100,TCP,RDP,15598
15599,587,TCP,RDP,15599
15600,443,TCP,HTTPS,15600
15601,5061,TCP,FTP,15601
15602,6969,UDP,UBIQUITY,15602
15603,5900,TCP,PGSQL,15603
15604,8080,UDP,ISAKMP,15604
15605,53,UDP,DNS,15605
15606,5432,TCP,PGSQL,15606
15607,5060,TCP,SNMP,15607
15608,3389,UDP,IRDMI,15608
15609,500,TCP,HTTP,15609
15610,443,TCP,HTTPS,15610
15611,161,TCP,TELNET,15611
15612,500,TCP,PGSQL,15612
15613,80,TCP,HTTP,15613
15614,80,TCP,EMS,15614
15615,5222,UDP,SSH,15615
15616,993,TCP,IMAP4,15616
15617,10051,UDP,VNC,15617
15618,5900,UDP,FTP,15618
15619,443,TCP,HTTPS,15619
15620,1344,TCP,NETBIOS,15620
15621,22,TCP,PGSQL,15621
15622,1433,TCP,SSH,15622
15623,5060,UDP,PGSQL,15623
15624,443,TCP,HTTPS,15624
15625,443,UDP,ISAKMP,15625
15626,9100,TCP,FTP,15626
15627,443,TCP,HTTPS,15627
15628,993,TCP,RDP,15628
15629,8000,TCP,ICAP,15629
15630,443,TCP,HTTPS,15630
15631,9100,TCP,RDP,15631
15632,10001,TCP,FTP,15632
15633,8080,TCP,EMS,15633
15634,8000,UDP,DNS,15634
15635,5061,UDP,PGSQL,15635
15636,443,TCP,HTTPS,15636
15637,587,TCP,PGSQL,15637
15638,5900,UDP,MDS,15638
15639,5900,UDP,SIP,15639
15640,23,TCP,FTP,15640
15641,5900,UDP,NETBIOS,15641
15642,80,UDP,NETBIOS,15642
15643,3689,TCP,HTTP,15643
15644,10001,TCP,HPSERVICE,15644
15645,500,TCP,DNS,15645
15646,9100,UDP,DAAPD,15646
15647,161,TCP,DAAPD,15647
15648,10051,UDP,VNC,15648
15649,6969,TCP,DNS,15649
15650,9100,TCP,MDS,15650
15651,10051,UDP,MSSQL,15651
15652,22,UDP,IMAP4,15652
15653,22,TCP,VNC,15653
15654,23,TCP,HPSERVICE,15654
15655,1433,TCP,UBIQUITY,15655
15656,1433,TCP,VNC,15656
15657,161,UDP,VNC,15657
15658,443,TCP,HTTPS,15658
15659,443,TCP,HTTPS,15659
15660,443,TCP,HTTPS,15660
15661,443,TCP,HTTPS,15661
15662,138,TCP,ACMSODA,15662
15663,5432,TCP,SSH,15663
15664,993,TCP,SSH,15664
15665,443,TCP,HTTPS,15665
15666,445,TCP,HPSERVICE,15666
15667,5432,UDP,ISAKMP,15667
15668,587,UDP,FTP,15668
15669,21,UDP,SIP,15669
15670,443,UDP,IRDMI,15670
15671,500,UDP,XMPP,15671
15672,21,UDP,HTTPS,15672
15673,587,TCP,ACMSODA,15673
15674,5432,UDP,HTTPS,15674
15675,161,UDP,SSH,15675
15676,443,TCP,VNC,15676
15677,6969,TCP,ZABBIX,15677
15678,80,TCP,HPSERVICE,15678
15679,53,UDP,ZABBIX,15679
15680,5900,UDP,UBIQUITY,15680
15681,443,TCP,HTTPS,15681
15682,1344,TCP,TELNET,15682
15683,500,UDP,TELNET,15683
15684,993,TCP,RDP,15684
15685,587,UDP,HTTP,15685
15686,3689,UDP,MSSQL,15686
15687,1433,TCP,PGSQL,15687
15688,5432,UDP,MSSQL,15688
15689,443,TCP,HTTPS,15689
15690,5432,TCP,SSH,15690
15691,5060,TCP,HPSERVICE,15691
15692,5222,UDP,PGSQL,15692
15693,993,UDP,IMAP4,15693
15694,993,UDP,MDS,15694
15695,53,UDP,HTTP,15695
15696,10051,TCP,VNC,15696
15697,5432,TCP,PGSQL,15697
15698,500,UDP,TELNET,15698
15699,3689,TCP,HTTP,15699
15700,445,TCP,PGSQL,15700
15701,5060,TCP,XMPP,15701
15702,443,TCP,VNC,15702
15703,587,TCP,ACMSODA,15703
15704,23,UDP,FTP,15704
15705,5900,UDP,MDS,15705
15706,21,UDP,HTTPS,15706
15707,8080,TCP,FTP,15707
15708,53,TCP,MSSQL,15708
15709,3128,UDP,SNMP,15709
15710,138,TCP,HTTP,15710
15711,3689,TCP,TELNET,15711
15712,993,UDP,PGSQL,15712
15713,137,TCP,ACMSODA,15713
15714,445,UDP,HTTP,15714
15715,22,TCP,MSSQL,15715
15716,80,UDP,HTTP,15716
15717,53,UDP,DNS,15717
15718,22,TCP,VNC,15718
15719,445,UDP,IMAP4,15719
15720,5900,UDP,NETBIOS,15720
15721,443,TCP,HTTPS,15721
15722,3389,TCP,HPSERVICE,15722
15723,53,UDP,DNS,15723
15724,5900,UDP,NETBIOS,15724
15725,443,TCP,HTTPS,15725
15726,161,TCP,FTP,15726
15727,1433,TCP,MDS,15727
15728,445,UDP,HTTP,15728
15729,137,TCP,IRDMI,15729
15730,53,UDP,DNS,15730
15731,5432,UDP,RDP,15731
15732,443,TCP,HTTPS,15732
15733,443,TCP,HTTPS,15733
15734,21,UDP,SIP,15734
15735,5060,TCP,HTTP,15735
15736,587,TCP,PGSQL,15736
15737,22,UDP,SIP,15737
15738,137,UDP,XMPP,15738
15739,53,UDP,DNS,15739
15740,8080,UDP,ZABBIX,15740
15741,3389,TCP,SSH,15741
15742,3128,UDP,ICAP,15742
15743,587,UDP,IRDMI,15743
15744,53,UDP,DNS,15744
15745,993,TCP,ICAP,15745
15746,10051,UDP,ICAP,15746
15747,10051,UDP,HTTPS,15747
15748,80,UDP,XMPP,15748
15749,587,UDP,IRDMI,15749
15750,5222,UDP,EMS,15750
15751,443,TCP,DAAPD,15751
15752,3128,UDP,ICAP,15752
15753,500,UDP,DAAPD,15753
15754,21,TCP,FTP,15754
15755,1433,TCP,PGSQL,15755
15756,1433,TCP,XMPP,15756
15757,8080,UDP,HPSERVICE,15757
15758,5432,UDP,MSSQL,15758
15759,8080,UDP,FTP,15759
15760,138,TCP,UBIQUITY,15760
15761,500,UDP,MDS,15761
15762,80,TCP,HTTPS,15762
15763,443,TCP,HTTPS,15763
15764,161,TCP,VNC,15764
15765,1433,UDP,ISAKMP,15765
15766,500,UDP,RDP,15766
15767,10001,UDP,SNMP,15767
15768,443,UDP,HTTPS,15768
15769,5061,UDP,TELNET,15769
15770,80,TCP,FTP,15770
15771,443,TCP,HTTPS,15771
15772,1344,UDP,DAAPD,15772
15773,80,TCP,HTTP,15773
15774,5900,TCP,MDS,15774
15775,1344,TCP,TELNET,15775
15776,8080,UDP,TELNET,15776
15777,21,UDP,HTTPS,15777
15778,80,UDP,SIP,15778
15779,6969,UDP,SNMP,15779
15780,1433,UDP,ZABBIX,15780
15781,53,UDP,DNS,15781
15782,8080,UDP,IRDMI,15782
15783,443,TCP,HTTPS,15783
15784,5060,TCP,NETBIOS,15784
15785,138,UDP,IRDMI,15785
15786,445,UDP,TELNET,15786
15787,587,TCP,ZABBIX,15787
15788,443,TCP,ACMSODA,15788
15789,587,TCP,RDP,15789
15790,138,TCP,IRDMI,15790
15791,1344,TCP,HTTPS,15791
15792,21,UDP,RDP,15792
15793,80,TCP,HPSERVICE,15793
15794,21,TCP,EMS,15794
15795,993,UDP,TELNET,15795
15796,137,TCP,HTTPS,15796
15797,8000,TCP,UBIQUITY,15797
15798,445,TCP,HPSERVICE,15798
15799,443,TCP,HTTPS,15799
15800,138,UDP,ZABBIX,15800
15801,10001,UDP,FTP,15801
15802,53,UDP,TELNET,15802
15803,23,UDP,MDS,15803
15804,1433,UDP,SSH,15804
15805,993,UDP,TELNET,15805
15806,138,UDP,IMAP4,15806
15807,53,TCP,SNMP,15807
15808,138,UDP,IRDMI,15808
15809,22,TCP,SSH,15809
15810,23,TCP,VNC,15810
15811,5900,UDP,MDS,15811
15812,6969,TCP,ZABBIX,15812
15813,10051,UDP,MSSQL,15813
15814,10001,TCP,EMS,15814
15815,10051,TCP,EMS,15815
15816,1344,TCP,DAAPD,15816
15817,80,TCP,HTTP,15817
15818,1433,TCP,MSSQL,15818
15819,10051,TCP,ISAKMP,15819
15820,443,TCP,HTTPS,15820
15821,5061,TCP,XMPP,15821
15822,21,UDP,MSSQL,15822
15823,53,UDP,ISAKMP,15823
15824,445,UDP,DNS,15824
15825,138,UDP,ZABBIX,15825
15826,5900,UDP,SIP,15826
15827,21,TCP,DAAPD,15827
15828,9100,UDP,DAAPD,15828
15829,443,TCP,RDP,15829
15830,5900,UDP,FTP,15830
15831,21,TCP,DAAPD,15831
15832,21,TCP,FTP,15832
15833,443,TCP,HTTPS,15833
15834,8080,TCP,ACMSODA,15834
15835,161,UDP,VNC,15835
15836,1344,TCP,NETBIOS,15836
15837,587,TCP,SIP,15837
15838,5432,UDP,MSSQL,15838
15839,3689,TCP,SNMP,15839
15840,137,TCP,PGSQL,15840
15841,23,UDP,MDS,15841
15842,993,UDP,MDS,15842
15843,587,TCP,ACMSODA,15843
15844,443,TCP,HTTPS,15844
15845,1433,UDP,ZABBIX,15845
15846,1433,TCP,MDS,15846
15847,443,TCP,HTTPS,15847
15848,443,TCP,HTTPS,15848
15849,6969,TCP,SNMP,15849
15850,53,TCP,MSSQL,15850
15851,10001,TCP,MDS,15851
15852,8080,UDP,XMPP,15852
15853,443,TCP,HTTPS,15853
15854,500,TCP,SIP,15854
15855,8080,UDP,XMPP,15855
15856,3128,TCP,SSH,15856
15857,3689,UDP,FTP,15857
15858,3389,UDP,RDP,15858
15859,138,TCP,IRDMI,15859
15860,10001,TCP,FTP,15860
15861,443,UDP,HTTPS,15861
15862,5060,TCP,ACMSODA,15862
15863,443,UDP,HTTPS,15863
15864,443,TCP,HTTPS,15864
15865,445,UDP,IMAP4,15865
15866,5060,TCP,ACMSODA,15866
15867,53,UDP,DNS,15867
15868,500,UDP,DAAPD,15868
15869,6969,TCP,IMAP4,15869
15870,53,UDP,DNS,15870
15871,443,TCP,HTTPS,15871
15872,10001,TCP,MDS,15872
15873,443,TCP,HTTPS,15873
15874,443,TCP,HTTPS,15874
15875,993,TCP,PGSQL,15875
15876,443,TCP,HTTPS,15876
15877,443,TCP,HTTPS,15877
15878,3389,UDP,SNMP,15878
15879,1433,TCP,PGSQL,15879
15880,5222,UDP,PGSQL,15880
15881,5060,UDP,SSH,15881
15882,443,TCP,HTTPS,15882
15883,993,UDP,DAAPD,15883
15884,53,UDP,DNS,15884
15885,500,TCP,UBIQUITY,15885
15886,443,UDP,IRDMI,15886
15887,5432,UDP,DNS,15887
15888,993,TCP,NETBIOS,15888
15889,445,UDP,HTTP,15889
15890,1344,UDP,HTTP,15890
15891,1344,TCP,TELNET,15891
15892,5900,UDP,FTP,15892
15893,500,TCP,ISAKMP,15893
15894,53,UDP,ZABBIX,15894
15895,443,TCP,HTTPS,15895
15896,21,TCP,FTP,15896
15897,3689,TCP,HPSERVICE,15897
15898,443,TCP,HTTPS,15898
15899,8080,UDP,ICAP,15899
15900,80,UDP,DAAPD,15900
15901,443,TCP,HTTPS,15901
15902,993,TCP,DNS,15902
15903,80,UDP,DAAPD,15903
15904,3689,UDP,FTP,15904
15905,443,UDP,HTTPS,15905
15906,443,TCP,HTTPS,15906
15907,3389,TCP,MDS,15907
15908,1433,UDP,HPSERVICE,15908
15909,500,TCP,IMAP4,15909
15910,9100,TCP,RDP,15910
15911,993,UDP,RDP,15911
15912,5061,TCP,VNC,15912
15913,10051,TCP,SIP,15913
15914,587,TCP,PGSQL,15914
15915,3389,UDP,SNMP,15915
15916,3128,TCP,SNMP,15916
15917,443,TCP,HTTPS,15917
15918,138,UDP,IMAP4,15918
15919,5222,TCP,NETBIOS,15919
15920,137,UDP,HTTPS,15920
15921,1344,UDP,MDS,15921
15922,3128,UDP,SNMP,15922
15923,137,TCP,RDP,15923
15924,5222,TCP,EMS,15924
15925,500,UDP,DAAPD,15925
15926,993,UDP,TELNET,15926
15927,8080,TCP,ACMSODA,15927
15928,137,TCP,HTTPS,15928
15929,5900,UDP,MSSQL,15929
15930,500,TCP,SIP,15930
15931,22,TCP,UBIQUITY,15931
15932,137,TCP,RDP,15932
15933,21,TCP,ACMSODA,15933
15934,587,TCP,PGSQL,15934
15935,3389,UDP,IRDMI,15935
15936,5432,UDP,DNS,15936
15937,993,TCP,DNS,15937
15938,21,TCP,HPSERVICE,15938
15939,5900,UDP,SIP,15939
15940,500,TCP,RDP,15940
15941,3389,TCP,MSSQL,15941
15942,443,TCP,IMAP4,15942
15943,53,UDP,SSH,15943
15944,21,TCP,FTP,15944
15945,500,UDP,DAAPD,15945
15946,5222,TCP,XMPP,15946
15947,8000,TCP,ICAP,15947
15948,1344,TCP,NETBIOS,15948
15949,53,UDP,DNS,15949
15950,443,TCP,HTTPS,15950
15951,443,TCP,UBIQUITY,15951
15952,22,UDP,SIP,15952
15953,5060,TCP,MDS,15953
15954,443,TCP,HTTPS,15954
15955,443,TCP,HTTPS,15955
15956,5060,TCP,HPSERVICE,15956
15957,138,UDP,ZABBIX,15957
15958,53,UDP,DNS,15958
15959,138,UDP,IRDMI,15959
15960,443,TCP,HTTPS,15960
15961,80,TCP,HTTP,15961
15962,8000,TCP,UBIQUITY,15962
15963,22,TCP,UBIQUITY,15963
15964,53,UDP,DNS,15964
15965,3389,UDP,SNMP,15965
15966,10001,TCP,MDS,15966
15967,5432,TCP,PGSQL,15967
15968,587,TCP,DAAPD,15968
15969,137,UDP,RDP,15969
15970,1433,UDP,ACMSODA,15970
15971,1433,UDP,XMPP,15971
15972,993,UDP,RDP,15972
15973,587,UDP,PGSQL,15973
15974,443,TCP,HTTPS,15974
15975,5060,TCP,NETBIOS,15975
15976,3389,UDP,NETBIOS,15976
15977,138,UDP,MDS,15977
15978,3128,UDP,ZABBIX,15978
15979,5222,TCP,HTTPS,15979
15980,22,TCP,VNC,15980
15981,1433,UDP,MSSQL,15981
15982,1433,UDP,SSH,15982
15983,3389,UDP,HTTPS,15983
15984,993,UDP,TELNET,15984
15985,443,TCP,HPSERVICE,15985
15986,1433,TCP,EMS,15986
15987,10051,UDP,ICAP,15987
15988,80,UDP,ZABBIX,15988
15989,5900,UDP,FTP,15989
15990,5900,UDP,NETBIOS,15990
15991,500,UDP,RDP,15991
15992,445,UDP,DAAPD,15992
15993,587,UDP,IRDMI,15993
15994,443,TCP,HTTPS,15994
15995,3689,TCP,ACMSODA,15995
15996,443,UDP,ISAKMP,15996
15997,500,UDP,SNMP,15997
15998,80,UDP,ZABBIX,15998
15999,443,UDP,IRDMI,15999
16000,5900,TCP,EMS,16000
16001,5900,UDP,SSH,16001
16002,10051,UDP,MSSQL,16002
16003,500,UDP,RDP,16003
16004,993,TCP,RDP,16004
16005,161,TCP,XMPP,16005
16006,3689,TCP,ICAP,16006
16007,3128,UDP,SNMP,16007
16008,5900,UDP,SIP,16008
16009,5061,TCP,XMPP,16009
16010,53,UDP,DNS,16010
16011,6969,UDP,MDS,16011
16012,161,UDP,SSH,16012
16013,53,TCP,SNMP,16013
16014,161,UDP,SNMP,16014
16015,443,UDP,HTTPS,16015
16016,5060,TCP,MDS,16016
16017,5061,TCP,VNC,16017
16018,21,TCP,FTP,16018
16019,21,TCP,FTP,16019
16020,5061,TCP,VNC,16020
16021,8000,TCP,UBIQUITY,16021
16022,3128,TCP,HTTP,16022
16023,8080,TCP,FTP,16023
16024,5060,UDP,NETBIOS,16024
16025,22,TCP,UBIQUITY,16025
16026,500,UDP,RDP,16026
16027,21,TCP,FTP,16027
16028,1344,TCP,TELNET,16028
16029,445,TCP,MDS,16029
16030,5432,UDP,MSSQL,16030
16031,53,UDP,DNS,16031
16032,21,TCP,FTP,16032
16033,5222,UDP,EMS,16033
16034,443,UDP,MDS,16034
16035,8000,TCP,MSSQL,16035
16036,445,UDP,TELNET,16036
16037,443,TCP,HPSERVICE,16037
16038,443,UDP,HTTPS,16038
16039,443,UDP,HTTPS,16039
16040,8080,TCP,ZABBIX,16040
16041,22,TCP,UBIQUITY,16041
16042,443,TCP,HTTPS,16042
16043,137,TCP,DAAPD,16043
16044,587,UDP,XMPP,16044
16045,5900,TCP,PGSQL,16045
16046,443,TCP,HTTPS,16046
16047,3689,TCP,SNMP,16047
16048,161,TCP,IRDMI,16048
16049,1344,TCP,DAAPD,16049
16050,443,TCP,HTTPS,16050
16051,161,UDP,FTP,16051
16052,161,UDP,IRDMI,16052
16053,500,UDP,ICAP,16053
16054,5900,UDP,NETBIOS,16054
16055,22,TCP,MSSQL,16055
16056,500,UDP,ICAP,16056
16057,8080,TCP,ACMSODA,16057
16058,6969,TCP,ZABBIX,16058
16059,53,UDP,DNS,16059
16060,3689,UDP,XMPP,16060
16061,5222,TCP,SNMP,16061
16062,1433,TCP,MSSQL,16062
16063,993,TCP,RDP,16063
16064,21,UDP,SIP,16064
16065,5222,TCP,XMPP,16065
16066,80,TCP,HTTP,16066
16067,53,UDP,FTP,16067
16068,138,TCP,ACMSODA,16068
16069,22,UDP,SIP,16069
16070,5060,UDP,SSH,16070
16071,5060,UDP,DAAPD,16071
16072,21,UDP,ACMSODA,16072
16073,53,UDP,DNS,16073
16074,22,TCP,HTTP,16074
16075,1433,TCP,PGSQL,16075
16076,3389,TCP,MSSQL,16076
16077,443,TCP,HTTPS,16077
16078,5060,TCP,ACMSODA,16078
16079,445,TCP,PGSQL,16079
16080,80,UDP,SIP,16080
16081,5061,TCP,VNC,16081
16082,443,TCP,HTTPS,16082
16083,21,UDP,RDP,16083
16084,993,TCP,IMAP4,16084
16085,445,UDP,TELNET,16085
16086,443,UDP,FTP,16086
16087,80,UDP,EMS,16087
16088,10051,TCP,UBIQUITY,16088
16089,5061,UDP,PGSQL,16089
16090,993,UDP,TELNET,16090
16091,3389,UDP,DNS,16091
16092,10001,UDP,ZABBIX,16092
16093,443,TCP,HTTPS,16093
16094,443,TCP,HPSERVICE,16094
16095,500,UDP,XMPP,16095
16096,1433,TCP,UBIQUITY,16096
16097,500,TCP,SIP,16097
16098,3389,TCP,HTTPS,16098
16099,21,UDP,MSSQL,16099
16100,443,TCP,UBIQUITY,16100
16101,3389,TCP,XMPP,16101
16102,137,TCP,PGSQL,16102
16103,5432,UDP,ICAP,16103
16104,21,TCP,EMS,16104
16105,161,UDP,SNMP,16105
16106,443,TCP,HTTPS,16106
16107,80,TCP,IMAP4,16107
16108,993,UDP,HPSERVICE,16108
16109,5900,UDP,EMS,16109
16110,137,UDP,VNC,16110
16111,587,UDP,TELNET,16111
16112,5900,TCP,FTP,16112
16113,993,UDP,PGSQL,16113
16114,5060,TCP,ACMSODA,16114
16115,10051,TCP,SIP,16115
16116,500,TCP,DNS,16116
16117,500,TCP,IMAP4,16117
16118,23,UDP,SIP,16118
16119,8080,UDP,TELNET,16119
16120,8000,TCP,ICAP,16120
16121,3689,UDP,IRDMI,16121
16122,500,TCP,SIP,16122
16123,5222,UDP,SSH,16123
16124,21,UDP,XMPP,16124
16125,1433,TCP,SNMP,16125
16126,21,TCP,FTP,16126
16127,443,TCP,HTTPS,16127
16128,443,TCP,HTTP,16128
16129,161,TCP,IMAP4,16129
16130,5061,TCP,ICAP,16130
16131,21,TCP,FTP,16131
16132,443,TCP,HTTPS,16132
16133,443,TCP,HTTPS,16133
16134,587,UDP,EMS,16134
16135,8000,UDP,DNS,16135
16136,443,TCP,HTTPS,16136
16137,10001,TCP,MDS,16137
16138,21,UDP,RDP,16138
16139,1433,TCP,PGSQL,16139
16140,5061,UDP,TELNET,16140
16141,53,TCP,SNMP,16141
16142,443,TCP,HTTPS,16142
16143,443,TCP,HTTPS,16143
16144,8080,UDP,EMS,16144
16145,1344,UDP,SSH,16145
16146,587,UDP,FTP,16146
16147,443,TCP,HTTPS,16147
16148,3389,UDP,NETBIOS,16148
16149,23,TCP,VNC,16149
16150,3389,UDP,RDP,16150
16151,5222,UDP,SSH,16151
16152,53,UDP,DNS,16152
16153,22,UDP,VNC,16153
16154,445,UDP,DNS,16154
16155,5060,UDP,SSH,16155
16156,138,UDP,PGSQL,16156
16157,5900,UDP,ISAKMP,16157
16158,161,UDP,SIP,16158
16159,10051,UDP,HTTPS,16159
16160,22,TCP,SSH,16160
16161,3689,UDP,SNMP,16161
16162,6969,TCP,DNS,16162
16163,21,TCP,MDS,16163
16164,3689,UDP,HPSERVICE,16164
16165,993,TCP,DNS,16165
16166,443,TCP,HTTPS,16166
16167,80,TCP,FTP,16167
16168,8080,TCP,ZABBIX,16168
16169,445,UDP,HTTP,16169
16170,445,TCP,IRDMI,16170
16171,80,TCP,DAAPD,16171
16172,138,TCP,DNS,16172
16173,445,TCP,ACMSODA,16173
16174,5432,UDP,ISAKMP,16174
16175,5222,TCP,ICAP,16175
16176,1344,TCP,TELNET,16176
16177,22,TCP,PGSQL,16177
16178,21,UDP,ACMSODA,16178
16179,22,UDP,TELNET,16179
16180,993,UDP,PGSQL,16180
16181,5900,UDP,ISAKMP,16181
16182,1344,TCP,NETBIOS,16182
16183,443,TCP,UBIQUITY,16183
16184,5222,TCP,XMPP,16184
16185,443,TCP,HTTPS,16185
16186,443,TCP,TELNET,16186
16187,80,TCP,IMAP4,16187
16188,1344,TCP,NETBIOS,16188
16189,3128,UDP,SNMP,16189
16190,587,UDP,TELNET,16190
16191,3689,TCP,ICAP,16191
16192,3689,TCP,SSH,16192
16193,21,UDP,XMPP,16193
16194,1433,TCP,IMAP4,16194
16195,80,TCP,HTTP,16195
16196,161,TCP,XMPP,16196
16197,5432,UDP,IMAP4,16197
16198,80,UDP,EMS,16198
16199,53,UDP,XMPP,16199
16200,443,TCP,HTTPS,16200
16201,443,TCP,HTTPS,16201
16202,80,TCP,FTP,16202
16203,443,TCP,HTTPS,16203
16204,445,TCP,HPSERVICE,16204
16205,8000,UDP,HTTP,16205
16206,8000,TCP,MSSQL,16206
16207,443,TCP,HTTPS,16207
16208,443,TCP,HTTPS,16208
16209,22,TCP,VNC,16209
16210,3128,TCP,SSH,16210
16211,5432,UDP,HTTPS,16211
16212,53,UDP,DNS,16212
16213,5432,TCP,ACMSODA,16213
16214,500,UDP,RDP,16214
16215,9100,UDP,SSH,16215
16216,3389,TCP,SSH,16216
16217,3689,TCP,ICAP,16217
16218,445,TCP,SSH,16218
16219,587,TCP,MDS,16219
16220,161,UDP,SSH,16220
16221,5900,TCP,EMS,16221
16222,3389,TCP,IMAP4,16222
16223,443,TCP,HTTPS,16223
16224,3689,UDP,IRDMI,16224
16225,8000,TCP,ICAP,16225
16226,5060,UDP,TELNET,16226
16227,5061,UDP,HTTPS,16227
16228,80,UDP,HTTP,16228
16229,443,TCP,HTTPS,16229
16230,80,UDP,ZABBIX,16230
16231,443,TCP,HTTPS,16231
16232,21,UDP,ICAP,16232
16233,21,UDP,ACMSODA,16233
16234,137,TCP,IRDMI,16234
16235,5222,TCP,EMS,16235
16236,5222,UDP,RDP,16236
16237,443,TCP,HTTPS,16237
16238,21,TCP,MDS,16238
16239,22,UDP,SNMP,16239
16240,1344,UDP,DAAPD,16240
16241,443,TCP,HTTPS,16241
16242,10051,UDP,PGSQL,16242
16243,80,TCP,HTTP,16243
16244,138,TCP,IRDMI,16244
16245,443,TCP,HTTPS,16245
16246,500,UDP,RDP,16246
16247,3128,UDP,ICAP,16247
16248,1344,TCP,SNMP,16248
16249,161,TCP,IMAP4,16249
16250,3689,UDP,ACMSODA,16250
16251,5900,UDP,MSSQL,16251
16252,443,TCP,VNC,16252
16253,3128,UDP,ICAP,16253
16254,3389,TCP,IMAP4,16254
16255,5432,TCP,SSH,16255
16256,53,UDP,XMPP,16256
16257,10001,TCP,UBIQUITY,16257
16258,138,UDP,IMAP4,16258
16259,993,UDP,TELNET,16259
16260,587,TCP,SIP,16260
16261,5432,TCP,ACMSODA,16261
16262,137,TCP,RDP,16262
16263,3128,UDP,ICAP,16263
16264,445,UDP,DAAPD,16264
16265,443,TCP,HTTPS,16265
16266,993,UDP,SNMP,16266
16267,445,UDP,DNS,16267
16268,443,TCP,IMAP4,16268
16269,138,TCP,SSH,16269
16270,993,UDP,PGSQL,16270
16271,1344,TCP,UBIQUITY,16271
16272,500,TCP,DNS,16272
16273,8080,UDP,XMPP,16273
16274,5060,TCP,ACMSODA,16274
16275,443,TCP,HTTPS,16275
16276,8080,UDP,IRDMI,16276
16277,1344,UDP,EMS,16277
16278,5900,TCP,RDP,16278
16279,5432,TCP,SSH,16279
16280,443,UDP,MDS,16280
16281,443,TCP,HTTPS,16281
16282,161,UDP,SNMP,16282
16283,1344,TCP,TELNET,16283
16284,22,UDP,NETBIOS,16284
16285,5060,TCP,HTTP,16285
16286,443,TCP,HTTPS,16286
16287,443,TCP,HTTPS,16287
16288,21,UDP,SSH,16288
16289,443,TCP,HTTPS,16289
16290,443,TCP,HTTPS,16290
16291,5900,UDP,ICAP,16291
16292,21,UDP,ICAP,16292
16293,8000,UDP,SIP,16293
16294,587,UDP,FTP,16294
16295,5432,TCP,HTTPS,16295
16296,5432,TCP,DAAPD,16296
16297,443,TCP,HTTPS,16297
16298,443,TCP,HTTPS,16298
16299,8000,TCP,MSSQL,16299
16300,8080,UDP,ISAKMP,16300
16301,22,TCP,SSH,16301
16302,21,UDP,ICAP,16302
16303,500,UDP,SNMP,16303
16304,8080,UDP,SNMP,16304
16305,445,UDP,HTTPS,16305
16306,161,UDP,SIP,16306
16307,993,UDP,RDP,16307
16308,5432,UDP,IMAP4,16308
16309,22,TCP,VNC,16309
16310,80,TCP,HTTP,16310
16311,5432,UDP,MSSQL,16311
16312,137,TCP,ACMSODA,16312
16313,5060,TCP,HPSERVICE,16313
16314,21,UDP,ACMSODA,16314
16315,9100,UDP,ZABBIX,16315
16316,443,TCP,HTTPS,16316
16317,9100,UDP,PGSQL,16317
16318,138,UDP,MDS,16318
16319,500,TCP,IMAP4,16319
16320,445,UDP,IMAP4,16320
16321,8000,TCP,MSSQL,16321
16322,10001,UDP,ICAP,16322
16323,500,TCP,PGSQL,16323
16324,3689,TCP,TELNET,16324
16325,5222,UDP,SSH,16325
16326,443,TCP,IRDMI,16326
16327,3128,TCP,SNMP,16327
16328,10051,UDP,SIP,16328
16329,3389,UDP,IRDMI,16329
16330,53,UDP,DNS,16330
16331,21,UDP,MSSQL,16331
16332,21,TCP,HPSERVICE,16332
16333,5432,UDP,HTTPS,16333
16334,993,UDP,ISAKMP,16334
16335,3389,UDP,ZABBIX,16335
16336,6969,TCP,IMAP4,16336
16337,10051,UDP,VNC,16337
16338,443,TCP,HTTPS,16338
16339,10051,UDP,MSSQL,16339
16340,9100,TCP,FTP,16340
16341,8000,TCP,SIP,16341
16342,21,UDP,SIP,16342
16343,23,TCP,EMS,16343
16344,8080,UDP,MSSQL,16344
16345,993,TCP,ISAKMP,16345
16346,500,UDP,ICAP,16346
16347,587,TCP,HTTP,16347
16348,3128,UDP,RDP,16348
16349,1433,TCP,MDS,16349
16350,443,UDP,HTTPS,16350
16351,8000,TCP,ICAP,16351
16352,443,TCP,HTTPS,16352
16353,21,UDP,MSSQL,16353
16354,80,UDP,ZABBIX,16354
16355,9100,UDP,DAAPD,16355
16356,10051,UDP,DNS,16356
16357,443,TCP,IRDMI,16357
16358,587,UDP,XMPP,16358
16359,1344,TCP,TELNET,16359
16360,5900,UDP,TELNET,16360
16361,23,TCP,IMAP4,16361
16362,21,TCP,IMAP4,16362
16363,21,TCP,IMAP4,16363
16364,5061,TCP,XMPP,16364
16365,6969,TCP,HTTPS,16365
16366,500,UDP,HPSERVICE,16366
16367,3389,UDP,DNS,16367
16368,443,TCP,HTTPS,16368
16369,443,TCP,HTTPS,16369
16370,443,TCP,HTTPS,16370
16371,138,TCP,ACMSODA,16371
16372,3689,TCP,HTTP,16372
16373,138,UDP,MDS,16373
16374,993,TCP,RDP,16374
16375,5060,UDP,TELNET,16375
16376,138,UDP,ZABBIX,16376
16377,443,TCP,HTTPS,16377
16378,587,TCP,PGSQL,16378
16379,5432,UDP,DNS,16379
16380,443,UDP,HPSERVICE,16380
16381,161,TCP,IMAP4,16381
16382,8000,TCP,HTTPS,16382
16383,993,TCP,PGSQL,16383
16384,443,TCP,HTTPS,16384
16385,993,TCP,NETBIOS,16385
16386,443,TCP,HTTPS,16386
16387,3689,TCP,HPSERVICE,16387
16388,22,TCP,UBIQUITY,16388
16389,5432,UDP,MSSQL,16389
16390,8080,UDP,SNMP,16390
16391,22,TCP,VNC,16391
16392,8000,TCP,MSSQL,16392
16393,10051,UDP,ICAP,16393
16394,993,UDP,TELNET,16394
16395,22,TCP,HTTPS,16395
16396,5432,UDP,IMAP4,16396
16397,21,TCP,FTP,16397
16398,53,UDP,DNS,16398
16399,8080,UDP,ICAP,16399
16400,5432,UDP,ISAKMP,16400
16401,443,TCP,HTTPS,16401
16402,1433,TCP,IMAP4,16402
16403,23,UDP,MDS,16403
16404,137,TCP,HTTPS,16404
16405,443,UDP,IRDMI,16405
16406,445,UDP,DNS,16406
16407,587,TCP,MDS,16407
16408,993,UDP,DAAPD,16408
16409,22,UDP,VNC,16409
16410,443,TCP,HTTPS,16410
16411,138,UDP,HPSERVICE,16411
16412,21,UDP,SIP,16412
16413,10001,UDP,SSH,16413
16414,8080,UDP,SNMP,16414
16415,5900,UDP,SIP,16415
16416,587,UDP,HTTP,16416
16417,3689,TCP,ACMSODA,16417
16418,22,UDP,SIP,16418
16419,1344,TCP,HPSERVICE,16419
16420,23,UDP,IRDMI,16420
16421,443,TCP,HTTPS,16421
16422,22,UDP,VNC,16422
16423,587,TCP,RDP,16423
16424,443,UDP,HTTPS,16424
16425,21,UDP,ACMSODA,16425
16426,5432,UDP,MSSQL,16426
16427,443,UDP,HTTPS,16427
16428,10001,UDP,PGSQL,16428
16429,5900,TCP,TELNET,16429
16430,5432,TCP,DAAPD,16430
16431,500,UDP,DNS,16431
16432,161,TCP,DAAPD,16432
16433,3128,TCP,ACMSODA,16433
16434,138,UDP,ZABBIX,16434
16435,445,TCP,MDS,16435
16436,21,TCP,HPSERVICE,16436
16437,443,TCP,HTTPS,16437
16438,443,TCP,HTTPS,16438
16439,443,TCP,HTTPS,16439
16440,443,TCP,HTTPS,16440
16441,9100,UDP,DAAPD,16441
16442,1344,UDP,MDS,16442
16443,137,TCP,ICAP,16443
16444,500,TCP,PGSQL,16444
16445,22,UDP,PGSQL,16445
16446,161,TCP,DAAPD,16446
16447,22,UDP,TELNET,16447
16448,443,TCP,UBIQUITY,16448
16449,10051,UDP,SIP,16449
16450,161,UDP,TELNET,16450
16451,993,UDP,PGSQL,16451
16452,10001,UDP,NETBIOS,16452
16453,5060,UDP,DAAPD,16453
16454,80,TCP,HTTP,16454
16455,500,TCP,SIP,16455
16456,5432,TCP,RDP,16456
16457,5432,TCP,XMPP,16457
16458,23,TCP,VNC,16458
16459,443,TCP,RDP,16459
16460,443,TCP,HTTPS,16460
16461,161,TCP,FTP,16461
16462,443,TCP,HTTPS,16462
16463,5060,TCP,ACMSODA,16463
16464,21,TCP,FTP,16464
16465,22,UDP,PGSQL,16465
16466,53,UDP,DNS,16466
16467,6969,UDP,DNS,16467
16468,6969,UDP,DNS,16468
16469,21,UDP,XMPP,16469
16470,21,TCP,IMAP4,16470
16471,3689,TCP,HPSERVICE,16471
16472,6969,TCP,NETBIOS,16472
16473,23,TCP,RDP,16473
16474,21,UDP,XMPP,16474
16475,8000,TCP,SIP,16475
16476,6969,TCP,NETBIOS,16476
16477,5222,TCP,EMS,16477
16478,8080,UDP,SNMP,16478
16479,5432,UDP,IMAP4,16479
16480,443,TCP,HTTPS,16480
16481,10001,UDP,HTTP,16481
16482,993,TCP,SSH,16482
16483,80,UDP,ZABBIX,16483
16484,9100,UDP,PGSQL,16484
16485,3689,TCP,PGSQL,16485
16486,443,TCP,HTTPS,16486
16487,53,UDP,DNS,16487
16488,443,TCP,HTTPS,16488
16489,8080,TCP,RDP,16489
16490,443,TCP,HTTPS,16490
16491,3389,UDP,PGSQL,16491
16492,80,UDP,HTTP,16492
16493,443,TCP,IRDMI,16493
16494,23,TCP,HPSERVICE,16494
16495,161,TCP,MSSQL,16495
16496,22,TCP,PGSQL,16496
16497,443,TCP,HTTPS,16497
16498,21,UDP,XMPP,16498
16499,1433,TCP,UBIQUITY,16499
16500,3689,UDP,MDS,16500
16501,1433,TCP,EMS,16501
16502,161,TCP,IRDMI,16502
16503,443,TCP,RDP,16503
16504,137,TCP,XMPP,16504
16505,445,UDP,DNS,16505
16506,3689,UDP,FTP,16506
16507,21,TCP,FTP,16507
16508,443,TCP,VNC,16508
16509,443,TCP,HTTPS,16509
16510,3689,TCP,TELNET,16510
16511,3389,TCP,ACMSODA,16511
16512,3128,UDP,MSSQL,16512
16513,5900,UDP,SIP,16513
16514,5432,UDP,ACMSODA,16514
16515,443,TCP,HTTPS,16515
16516,8080,TCP,ZABBIX,16516
16517,3389,UDP,SNMP,16517
16518,21,UDP,SIP,16518
16519,8080,UDP,SSH,16519
16520,5900,TCP,EMS,16520
16521,80,TCP,HTTP,16521
16522,5432,UDP,FTP,16522
16523,500,TCP,DNS,16523
16524,443,TCP,HTTPS,16524
16525,587,TCP,TELNET,16525
16526,1344,UDP,ICAP,16526
16527,3689,UDP,HPSERVICE,16527
16528,3689,TCP,SNMP,16528
16529,3689,UDP,FTP,16529
16530,5061,UDP,PGSQL,16530
16531,22,UDP,SIP,16531
16532,443,TCP,HTTPS,16532
16533,8000,TCP,ICAP,16533
16534,443,TCP,HTTPS,16534
16535,445,UDP,DNS,16535
16536,10001,UDP,ICAP,16536
16537,443,TCP,HTTPS,16537
16538,587,TCP,RDP,16538
16539,445,UDP,IMAP4,16539
16540,23,TCP,VNC,16540
16541,8000,TCP,ICAP,16541
16542,443,TCP,HTTPS,16542
16543,5222,UDP,MSSQL,16543
16544,443,TCP,HTTPS,16544
16545,10051,UDP,VNC,16545
16546,5222,UDP,SSH,16546
16547,137,TCP,PGSQL,16547
16548,5222,TCP,XMPP,16548
16549,443,TCP,HTTPS,16549
16550,5432,TCP,DAAPD,16550
16551,3128,UDP,ICAP,16551
16552,5432,UDP,ICAP,16552
16553,9100,UDP,ZABBIX,16553
16554,3128,UDP,MSSQL,16554
16555,80,UDP,XMPP,16555
16556,3389,UDP,IRDMI,16556
16557,443,TCP,HTTPS,16557
16558,587,TCP,RDP,16558
16559,3128,UDP,IRDMI,16559
16560,5060,TCP,HPSERVICE,16560
16561,6969,TCP,HPSERVICE,16561
16562,80,TCP,HTTP,16562
16563,23,UDP,MDS,16563
16564,5900,UDP,MSSQL,16564
16565,993,UDP,DAAPD,16565
16566,443,UDP,HTTPS,16566
16567,6969,TCP,ZABBIX,16567
16568,3128,UDP,ICAP,16568
16569,443,TCP,HTTPS,16569
16570,161,TCP,IMAP4,16570
16571,443,UDP,MDS,16571
16572,80,UDP,ZABBIX,16572
16573,5061,UDP,ACMSODA,16573
16574,500,UDP,DAAPD,16574
16575,5900,UDP,ISAKMP,16575
16576,53,UDP,DNS,16576
16577,587,TCP,DAAPD,16577
16578,500,TCP,PGSQL,16578
16579,8080,TCP,NETBIOS,16579
16580,53,UDP,ISAKMP,16580
16581,5900,TCP,MDS,16581
16582,445,TCP,MSSQL,16582
16583,138,TCP,MSSQL,16583
16584,8000,TCP,HTTPS,16584
16585,5060,UDP,MSSQL,16585
16586,80,UDP,EMS,16586
16587,10001,TCP,MDS,16587
16588,587,TCP,SIP,16588
16589,443,TCP,HTTPS,16589
16590,993,UDP,DAAPD,16590
16591,1344,UDP,ICAP,16591
16592,8080,UDP,HTTP,16592
16593,80,UDP,ZABBIX,16593
16594,23,UDP,MDS,16594
16595,443,UDP,IRDMI,16595
16596,80,UDP,IRDMI,16596
16597,9100,UDP,MDS,16597
16598,5432,UDP,RDP,16598
16599,5060,TCP,HTTPS,16599
16600,587,TCP,RDP,16600
16601,21,TCP,FTP,16601
16602,8000,TCP,MSSQL,16602
16603,500,UDP,TELNET,16603
16604,5432,UDP,HTTPS,16604
16605,161,TCP,DAAPD,16605
16606,1433,TCP,DNS,16606
16607,161,TCP,XMPP,16607
16608,137,UDP,HTTPS,16608
16609,22,TCP,FTP,16609
16610,9100,TCP,MDS,16610
16611,161,TCP,IRDMI,16611
16612,21,UDP,ACMSODA,16612
16613,23,TCP,HPSERVICE,16613
16614,5900,UDP,HTTP,16614
16615,443,UDP,HPSERVICE,16615
16616,161,UDP,PGSQL,16616
16617,161,TCP,DAAPD,16617
16618,161,TCP,IMAP4,16618
16619,587,TCP,DAAPD,16619
16620,3689,UDP,SSH,16620
16621,443,UDP,HTTPS,16621
16622,443,TCP,HTTPS,16622
16623,22,UDP,SIP,16623
16624,443,TCP,HTTPS,16624
16625,22,TCP,UBIQUITY,16625
16626,993,UDP,DAAPD,16626
16627,3689,TCP,HTTP,16627
16628,443,UDP,MDS,16628
16629,445,UDP,HTTPS,16629
16630,6969,TCP,ISAKMP,16630
16631,21,UDP,XMPP,16631
16632,22,TCP,HPSERVICE,16632
16633,5060,TCP,HPSERVICE,16633
16634,443,TCP,HTTPS,16634
16635,1344,UDP,MDS,16635
16636,443,TCP,HTTPS,16636
16637,993,TCP,RDP,16637
16638,23,TCP,HPSERVICE,16638
16639,993,UDP,HPSERVICE,16639
16640,161,TCP,FTP,16640
16641,80,UDP,XMPP,16641
16642,23,UDP,ICAP,16642
16643,9100,TCP,SSH,16643
16644,53,UDP,XMPP,16644
16645,80,TCP,HTTP,16645
16646,21,TCP,HPSERVICE,16646
16647,500,UDP,DNS,16647
16648,3389,UDP,SNMP,16648
16649,993,UDP,TELNET,16649
16650,10051,TCP,VNC,16650
16651,53,UDP,NETBIOS,16651
16652,5900,UDP,TELNET,16652
16653,5222,UDP,RDP,16653
16654,1344,TCP,HPSERVICE,16654
16655,3389,TCP,HTTPS,16655
16656,161,UDP,UBIQUITY,16656
16657,3389,TCP,ACMSODA,16657
16658,3128,UDP,ICAP,16658
16659,1433,TCP,DNS,16659
16660,993,UDP,DAAPD,16660
16661,3128,UDP,SNMP,16661
16662,80,UDP,ZABBIX,16662
16663,443,TCP,HTTPS,16663
16664,137,TCP,XMPP,16664
16665,993,TCP,SSH,16665
16666,993,UDP,ISAKMP,16666
16667,80,TCP,HTTP,16667
16668,993,TCP,RDP,16668
16669,22,TCP,SSH,16669
16670,5061,UDP,SNMP,16670
16671,443,TCP,HTTPS,16671
16672,1344,TCP,NETBIOS,16672
16673,443,TCP,HTTPS,16673
16674,443,TCP,HTTPS,16674
16675,23,TCP,HTTP,16675
16676,3689,TCP,TELNET,16676
16677,161,TCP,XMPP,16677
16678,3689,TCP,ICAP,16678
16679,5900,TCP,MSSQL,16679
16680,10051,UDP,ACMSODA,16680
16681,443,TCP,HTTPS,16681
16682,443,TCP,IRDMI,16682
16683,3389,TCP,MSSQL,16683
16684,587,TCP,MDS,16684
16685,3689,TCP,ICAP,16685
16686,80,TCP,HTTP,16686
16687,8000,TCP,UBIQUITY,16687
16688,5060,TCP,HPSERVICE,16688
16689,9100,TCP,MDS,16689
16690,22,UDP,UBIQUITY,16690
16691,3689,TCP,ACMSODA,16691
16692,80,UDP,VNC,16692
16693,161,UDP,FTP,16693
16694,21,TCP,DAAPD,16694
16695,80,UDP,XMPP,16695
16696,993,TCP,UBIQUITY,16696
16697,6969,TCP,ZABBIX,16697
16698,5432,TCP,XMPP,16698
16699,8000,TCP,MSSQL,16699
16700,21,UDP,ACMSODA,16700
16701,5432,TCP,ACMSODA,16701
16702,21,UDP,UBIQUITY,16702
16703,1433,TCP,DNS,16703
16704,3128,UDP,IRDMI,16704
16705,5900,UDP,MDS,16705
16706,161,TCP,TELNET,16706
16707,443,TCP,HTTPS,16707
16708,5060,UDP,MSSQL,16708
16709,5432,UDP,DNS,16709
16710,6969,TCP,IMAP4,16710
16711,443,UDP,MDS,16711
16712,8080,UDP,UBIQUITY,16712
16713,443,UDP,IRDMI,16713
16714,6969,TCP,HTTPS,16714
16715,22,UDP,SIP,16715
16716,1433,UDP,ZABBIX,16716
16717,9100,UDP,MDS,16717
16718,22,TCP,UBIQUITY,16718
16719,443,TCP,HTTP,16719
16720,443,UDP,DAAPD,16720
16721,443,TCP,HTTPS,16721
16722,138,TCP,VNC,16722
16723,6969,TCP,SNMP,16723
16724,443,TCP,HTTPS,16724
16725,443,TCP,HTTPS,16725
16726,443,TCP,HTTPS,16726
16727,443,TCP,HTTP,16727
16728,5900,TCP,FTP,16728
16729,53,TCP,MSSQL,16729
16730,10051,UDP,ACMSODA,16730
16731,1433,TCP,MSSQL,16731
16732,500,UDP,TELNET,16732
16733,138,TCP,ACMSODA,16733
16734,80,TCP,FTP,16734
16735,1344,TCP,ISAKMP,16735
16736,1344,UDP,EMS,16736
16737,1433,UDP,ACMSODA,16737
16738,21,TCP,FTP,16738
16739,53,UDP,XMPP,16739
16740,10051,TCP,SIP,16740
16741,8000,TCP,SSH,16741
16742,443,TCP,HTTPS,16742
16743,53,UDP,DNS,16743
16744,587,TCP,NETBIOS,16744
16745,10001,UDP,FTP,16745
16746,21,UDP,ACMSODA,16746
16747,3689,TCP,HTTP,16747
16748,3389,TCP,HPSERVICE,16748
16749,21,UDP,UBIQUITY,16749
16750,3389,TCP,IMAP4,16750
16751,9100,TCP,SSH,16751
16752,21,UDP,SIP,16752
16753,80,UDP,HTTP,16753
16754,23,TCP,HPSERVICE,16754
16755,22,UDP,SIP,16755
16756,21,UDP,HTTPS,16756
16757,587,TCP,HTTP,16757
16758,22,TCP,VNC,16758
16759,3389,TCP,MSSQL,16759
16760,5061,UDP,TELNET,16760
16761,500,UDP,XMPP,16761
16762,161,TCP,IRDMI,16762
16763,3689,TCP,PGSQL,16763
16764,9100,TCP,SNMP,16764
16765,6969,TCP,ZABBIX,16765
16766,138,TCP,ICAP,16766
16767,80,TCP,HTTP,16767
16768,500,UDP,DNS,16768
16769,5222,TCP,SNMP,16769
16770,1433,TCP,DAAPD,16770
16771,3689,TCP,TELNET,16771
16772,443,TCP,HTTPS,16772
16773,23,TCP,VNC,16773
16774,1344,TCP,TELNET,16774
16775,443,TCP,HTTPS,16775
16776,8000,UDP,HPSERVICE,16776
16777,10051,UDP,HPSERVICE,16777
16778,3389,TCP,UBIQUITY,16778
16779,9100,UDP,PGSQL,16779
16780,5900,TCP,SNMP,16780
16781,993,UDP,DAAPD,16781
16782,138,TCP,IRDMI,16782
16783,8000,TCP,SIP,16783
16784,3389,UDP,ZABBIX,16784
16785,10051,UDP,MSSQL,16785
16786,3689,TCP,TELNET,16786
16787,8080,UDP,TELNET,16787
16788,8080,TCP,EMS,16788
16789,3689,UDP,MDS,16789
16790,443,TCP,HTTP,16790
16791,10051,TCP,ZABBIX,16791
16792,5222,TCP,SIP,16792
16793,138,TCP,MSSQL,16793
16794,10051,UDP,VNC,16794
16795,445,TCP,PGSQL,16795
16796,5432,UDP,MSSQL,16796
16797,1344,TCP,TELNET,16797
16798,6969,UDP,ZABBIX,16798
16799,9100,TCP,SSH,16799
16800,53,UDP,DNS,16800
16801,443,UDP,TELNET,16801
16802,5222,TCP,HTTPS,16802
16803,10001,UDP,ZABBIX,16803
16804,6969,TCP,SNMP,16804
16805,5061,TCP,XMPP,16805
16806,443,TCP,RDP,16806
16807,8000,TCP,SSH,16807
16808,1433,TCP,PGSQL,16808
16809,80,UDP,ZABBIX,16809
16810,21,TCP,DAAPD,16810
16811,8000,TCP,ICAP,16811
16812,8080,TCP,FTP,16812
16813,3689,TCP,TELNET,16813
16814,5432,UDP,MSSQL,16814
16815,137,TCP,UBIQUITY,16815
16816,443,TCP,HTTPS,16816
16817,22,UDP,VNC,16817
16818,80,UDP,NETBIOS,16818
16819,8000,TCP,SSH,16819
16820,21,UDP,MSSQL,16820
16821,5900,UDP,TELNET,16821
16822,5900,UDP,NETBIOS,16822
16823,53,UDP,SSH,16823
16824,5222,TCP,EMS,16824
16825,137,TCP,HTTPS,16825
16826,5900,TCP,PGSQL,16826
16827,443,UDP,MDS,16827
16828,6969,UDP,MDS,16828
16829,3389,UDP,SNMP,16829
16830,21,TCP,FTP,16830
16831,443,TCP,HTTPS,16831
16832,9100,UDP,SSH,16832
16833,1433,TCP,IMAP4,16833
16834,443,TCP,VNC,16834
16835,23,UDP,FTP,16835
16836,443,TCP,HTTPS,16836
16837,21,UDP,ICAP,16837
16838,53,UDP,DNS,16838
16839,80,TCP,HTTP,16839
16840,3689,UDP,IMAP4,16840
16841,5432,UDP,DNS,16841
16842,3689,UDP,HPSERVICE,16842
16843,22,TCP,ZABBIX,16843
16844,587,UDP,IRDMI,16844
16845,5900,TCP,EMS,16845
16846,80,UDP,ZABBIX,16846
16847,587,UDP,IMAP4,16847
16848,5222,TCP,TELNET,16848
16849,3389,TCP,IRDMI,16849
16850,587,UDP,HPSERVICE,16850
16851,5900,UDP,FTP,16851
16852,587,UDP,HTTP,16852
16853,22,TCP,VNC,16853
16854,10001,TCP,MDS,16854
16855,23,UDP,SIP,16855
16856,53,TCP,MSSQL,16856
16857,5060,UDP,TELNET,16857
16858,443,TCP,HTTPS,16858
16859,443,TCP,HTTP,16859
16860,1433,UDP,SSH,16860
16861,993,TCP,RDP,16861
16862,53,TCP,MSSQL,16862
16863,3128,TCP,SNMP,16863
16864,161,TCP,XMPP,16864
16865,5900,TCP,RDP,16865
16866,161,TCP,IMAP4,16866
16867,3128,UDP,ICAP,16867
16868,23,TCP,HPSERVICE,16868
16869,5222,TCP,MDS,16869
16870,8000,TCP,UBIQUITY,16870
16871,21,UDP,HTTPS,16871
16872,138,UDP,MDS,16872
16873,5432,UDP,ISAKMP,16873
16874,80,TCP,HTTP,16874
16875,10001,TCP,EMS,16875
16876,161,UDP,VNC,16876
16877,161,UDP,TELNET,16877
16878,5432,UDP,MSSQL,16878
16879,137,UDP,RDP,16879
16880,138,TCP,SSH,16880
16881,10051,UDP,HTTPS,16881
16882,138,TCP,DAAPD,16882
16883,23,UDP,IRDMI,16883
16884,443,TCP,VNC,16884
16885,445,TCP,SSH,16885
16886,993,TCP,RDP,16886
16887,5061,TCP,XMPP,16887
16888,138,TCP,DAAPD,16888
16889,5061,UDP,SNMP,16889
16890,5432,TCP,XMPP,16890
16891,10051,TCP,ISAKMP,16891
16892,8080,TCP,FTP,16892
16893,3128,UDP,ICAP,16893
16894,53,UDP,FTP,16894
16895,3128,TCP,HPSERVICE,16895
16896,137,TCP,HTTPS,16896
16897,137,TCP,HTTPS,16897
16898,445,TCP,SSH,16898
16899,587,TCP,ACMSODA,16899
16900,1344,UDP,RDP,16900
16901,161,UDP,SSH,16901
16902,6969,TCP,SIP,16902
16903,161,TCP,MSSQL,16903
16904,137,TCP,ACMSODA,16904
16905,23,TCP,VNC,16905
16906,443,TCP,HTTPS,16906
16907,443,TCP,HTTPS,16907
16908,161,UDP,SSH,16908
16909,5060,UDP,MSSQL,16909
16910,3389,UDP,SNMP,16910
16911,6969,UDP,DNS,16911
16912,5432,UDP,ICAP,16912
16913,5060,TCP,ACMSODA,16913
16914,21,TCP,ACMSODA,16914
16915,500,TCP,SIP,16915
16916,3689,TCP,ICAP,16916
16917,21,UDP,RDP,16917
16918,443,TCP,RDP,16918
16919,993,TCP,ISAKMP,16919
16920,443,TCP,HTTPS,16920
16921,10051,TCP,VNC,16921
16922,445,UDP,IMAP4,16922
16923,5060,TCP,ACMSODA,16923
16924,22,TCP,IMAP4,16924
16925,6969,TCP,HTTPS,16925
16926,5432,TCP,SSH,16926
16927,53,UDP,DNS,16927
16928,500,UDP,DAAPD,16928
16929,443,TCP,HTTPS,16929
16930,9100,UDP,DAAPD,16930
16931,443,TCP,HTTPS,16931
16932,443,TCP,HTTPS,16932
16933,5900,UDP,MDS,16933
16934,3689,TCP,TELNET,16934
16935,10051,UDP,MDS,16935
16936,5061,TCP,ACMSODA,16936
16937,53,UDP,DNS,16937
16938,161,UDP,SSH,16938
16939,6969,TCP,SNMP,16939
16940,1344,UDP,PGSQL,16940
16941,993,UDP,DAAPD,16941
16942,5432,TCP,RDP,16942
16943,443,TCP,HTTPS,16943
16944,3389,UDP,SNMP,16944
16945,500,UDP,VNC,16945
16946,443,TCP,UBIQUITY,16946
16947,3689,UDP,FTP,16947
16948,5222,TCP,EMS,16948
16949,993,TCP,SSH,16949
16950,445,TCP,SSH,16950
16951,5060,UDP,EMS,16951
16952,8080,TCP,EMS,16952
16953,443,TCP,HTTPS,16953
16954,3689,TCP,PGSQL,16954
16955,587,UDP,IRDMI,16955
16956,993,UDP,SNMP,16956
16957,443,TCP,HTTPS,16957
16958,5060,TCP,ACMSODA,16958
16959,445,TCP,TELNET,16959
16960,443,TCP,HTTPS,16960
16961,22,UDP,SIP,16961
16962,993,UDP,PGSQL,16962
16963,1344,TCP,TELNET,16963
16964,10001,UDP,RDP,16964
16965,443,TCP,HTTPS,16965
16966,22,TCP,ZABBIX,16966
16967,161,TCP,MSSQL,16967
16968,443,TCP,HTTPS,16968
16969,443,TCP,IMAP4,16969
16970,80,TCP,HTTP,16970
16971,587,UDP,IMAP4,16971
16972,1344,TCP,HPSERVICE,16972
16973,5900,UDP,HTTP,16973
16974,1433,TCP,EMS,16974
16975,993,UDP,RDP,16975
16976,443,TCP,IRDMI,16976
16977,1433,UDP,ZABBIX,16977
16978,443,TCP,IRDMI,16978
16979,5061,UDP,PGSQL,16979
16980,993,TCP,NETBIOS,16980
16981,6969,UDP,UBIQUITY,16981
16982,138,UDP,IRDMI,16982
16983,500,UDP,XMPP,16983
16984,500,TCP,IMAP4,16984
16985,137,TCP,HTTPS,16985
16986,53,UDP,DNS,16986
16987,3128,TCP,ACMSODA,16987
16988,5432,UDP,MSSQL,16988
16989,53,UDP,DNS,16989
16990,443,TCP,HTTPS,16990
16991,3689,UDP,IMAP4,16991
16992,443,TCP,HTTPS,16992
16993,10051,UDP,ICAP,16993
16994,1344,UDP,DAAPD,16994
16995,500,TCP,SIP,16995
16996,80,UDP,SNMP,16996
16997,80,TCP,HTTP,16997
16998,23,UDP,ICAP,16998
16999,3689,TCP,SSH,16999
17000,22,UDP,SIP,17000
17001,8080,TCP,EMS,17001
17002,9100,UDP,MDS,17002
17003,137,UDP,VNC,17003
17004,445,TCP,EMS,17004
17005,10051,UDP,DNS,17005
17006,5060,UDP,FTP,17006
17007,80,TCP,HPSERVICE,17007
17008,137,TCP,MDS,17008
17009,3689,UDP,FTP,17009
17010,993,UDP,DAAPD,17010
17011,80,UDP,ZABBIX,17011
17012,21,TCP,HPSERVICE,17012
17013,3128,TCP,ACMSODA,17013
17014,10051,UDP,MDS,17014
17015,21,UDP,ACMSODA,17015
17016,6969,UDP,DAAPD,17016
17017,23,UDP,FTP,17017
17018,80,UDP,XMPP,17018
17019,10051,UDP,MDS,17019
17020,80,UDP,ZABBIX,17020
17021,3689,TCP,SSH,17021
17022,22,UDP,SNMP,17022
17023,3128,UDP,SNMP,17023
17024,10001,UDP,FTP,17024
17025,6969,UDP,RDP,17025
17026,443,TCP,HTTPS,17026
17027,161,TCP,IMAP4,17027
17028,587,UDP,RDP,17028
17029,443,TCP,HTTPS,17029
17030,443,TCP,HTTPS,17030
17031,3689,TCP,HTTP,17031
17032,10001,UDP,SNMP,17032
17033,3389,UDP,IRDMI,17033
17034,5222,TCP,SNMP,17034
17035,443,TCP,HTTPS,17035
17036,23,UDP,TELNET,17036
17037,3128,UDP,SNMP,17037
17038,21,UDP,MSSQL,17038
17039,445,TCP,EMS,17039
17040,443,TCP,HTTPS,17040
17041,3128,TCP,HPSERVICE,17041
17042,443,TCP,HTTPS,17042
17043,3689,TCP,TELNET,17043
17044,8080,UDP,ISAKMP,17044
17045,443,TCP,HTTPS,17045
17046,138,UDP,NETBIOS,17046
17047,1344,UDP,HTTP,17047
17048,1344,TCP,TELNET,17048
17049,443,UDP,IRDMI,17049
17050,443,TCP,HTTPS,17050
17051,161,UDP,PGSQL,17051
17052,8080,TCP,EMS,17052
17053,8080,TCP,ZABBIX,17053
17054,445,TCP,TELNET,17054
17055,53,UDP,NETBIOS,17055
17056,1433,TCP,HTTPS,17056
17057,138,TCP,SSH,17057
17058,53,UDP,DNS,17058
17059,445,TCP,HTTP,17059
17060,53,UDP,NETBIOS,17060
17061,3128,UDP,ICAP,17061
17062,443,TCP,HTTPS,17062
17063,445,TCP,MDS,17063
17064,993,TCP,NETBIOS,17064
17065,53,UDP,HTTP,17065
17066,993,UDP,TELNET,17066
17067,5061,UDP,TELNET,17067
17068,6969,TCP,IMAP4,17068
17069,8000,TCP,UBIQUITY,17069
17070,161,TCP,IRDMI,17070
17071,5222,UDP,MDS,17071
17072,23,TCP,HPSERVICE,17072
17073,443,TCP,HTTPS,17073
17074,443,TCP,HTTPS,17074
17075,8000,TCP,SSH,17075
17076,443,TCP,UBIQUITY,17076
17077,23,TCP,HPSERVICE,17077
17078,1344,TCP,UBIQUITY,17078
17079,5432,UDP,IMAP4,17079
17080,3128,UDP,ICAP,17080
17081,22,UDP,SIP,17081
17082,10051,UDP,MSSQL,17082
17083,443,TCP,HTTPS,17083
17084,10051,UDP,PGSQL,17084
17085,3689,TCP,TELNET,17085
17086,443,TCP,HTTPS,17086
17087,500,UDP,XMPP,17087
17088,5900,UDP,MSSQL,17088
17089,445,UDP,HTTPS,17089
17090,5060,UDP,SSH,17090
17091,443,TCP,HTTPS,17091
17092,5900,UDP,SIP,17092
17093,3389,TCP,MSSQL,17093
17094,3128,UDP,SNMP,17094
17095,9100,TCP,SSH,17095
17096,5222,UDP,SSH,17096
17097,138,UDP,IRDMI,17097
17098,443,TCP,HTTPS,17098
17099,6969,TCP,MDS,17099
17100,137,TCP,IRDMI,17100
17101,3689,UDP,FTP,17101
17102,5222,TCP,SIP,17102
17103,10001,UDP,SNMP,17103
17104,5900,TCP,IRDMI,17104
17105,80,TCP,IMAP4,17105
17106,5900,TCP,EMS,17106
17107,9100,TCP,MDS,17107
17108,5432,UDP,ISAKMP,17108
17109,500,UDP,DAAPD,17109
17110,443,TCP,HTTPS,17110
17111,22,TCP,VNC,17111
17112,443,TCP,VNC,17112
17113,5432,TCP,PGSQL,17113
17114,22,TCP,PGSQL,17114
17115,443,TCP,HTTPS,17115
17116,22,TCP,HPSERVICE,17116
17117,5432,UDP,MSSQL,17117
17118,3389,TCP,HPSERVICE,17118
17119,5900,UDP,MSSQL,17119
17120,445,UDP,TELNET,17120
17121,443,TCP,UBIQUITY,17121
17122,443,TCP,HTTPS,17122
17123,993,TCP,IMAP4,17123
17124,138,TCP,DNS,17124
17125,10051,TCP,ISAKMP,17125
17126,53,UDP,FTP,17126
17127,5061,TCP,MDS,17127
17128,3689,TCP,ICAP,17128
17129,10001,TCP,MDS,17129
17130,443,TCP,HTTPS,17130
17131,993,TCP,RDP,17131
17132,8000,TCP,UBIQUITY,17132
17133,993,TCP,DNS,17133
17134,443,TCP,HTTPS,17134
17135,5432,UDP,MSSQL,17135
17136,80,TCP,HTTPS,17136
17137,3128,UDP,IRDMI,17137
17138,5061,UDP,HTTP,17138
17139,23,UDP,SNMP,17139
17140,53,UDP,DNS,17140
17141,3128,TCP,IMAP4,17141
17142,993,TCP,PGSQL,17142
17143,993,TCP,SSH,17143
17144,137,TCP,ACMSODA,17144
17145,161,UDP,UBIQUITY,17145
17146,500,TCP,PGSQL,17146
17147,3389,UDP,IRDMI,17147
17148,587,TCP,ZABBIX,17148
17149,443,TCP,HTTPS,17149
17150,443,TCP,HTTPS,17150
17151,8080,UDP,UBIQUITY,17151
17152,10051,UDP,SIP,17152
17153,1344,TCP,TELNET,17153
17154,5432,TCP,HPSERVICE,17154
17155,445,TCP,SSH,17155
17156,22,UDP,VNC,17156
17157,161,TCP,RDP,17157
17158,443,TCP,HTTPS,17158
17159,443,TCP,HTTPS,17159
17160,445,UDP,UBIQUITY,17160
17161,5222,UDP,EMS,17161
17162,9100,UDP,DAAPD,17162
17163,5222,UDP,SSH,17163
17164,8080,UDP,TELNET,17164
17165,21,TCP,IRDMI,17165
17166,443,TCP,HTTPS,17166
17167,500,TCP,ISAKMP,17167
17168,5061,UDP,PGSQL,17168
17169,5432,UDP,DNS,17169
17170,21,UDP,ACMSODA,17170
17171,443,TCP,HTTPS,17171
17172,5432,UDP,DNS,17172
17173,23,UDP,SIP,17173
17174,587,TCP,SIP,17174
17175,500,TCP,DNS,17175
17176,1344,UDP,PGSQL,17176
17177,5061,TCP,VNC,17177
17178,5900,UDP,TELNET,17178
17179,587,UDP,ISAKMP,17179
17180,443,TCP,RDP,17180
17181,443,TCP,HTTPS,17181
17182,443,TCP,HTTPS,17182
17183,500,TCP,SSH,17183
17184,5060,UDP,EMS,17184
17185,80,TCP,HPSERVICE,17185
17186,21,UDP,MSSQL,17186
17187,443,UDP,MDS,17187
17188,22,UDP,XMPP,17188
17189,443,TCP,HTTPS,17189
17190,5900,UDP,MSSQL,17190
17191,22,UDP,PGSQL,17191
17192,500,TCP,SIP,17192
17193,500,TCP,FTP,17193
17194,161,TCP,TELNET,17194
17195,9100,TCP,PGSQL,17195
17196,5900,UDP,MSSQL,17196
17197,9100,UDP,MDS,17197
17198,3128,UDP,ICAP,17198
17199,1433,TCP,UBIQUITY,17199
17200,443,TCP,HTTPS,17200
17201,3389,TCP,HTTPS,17201
17202,5061,UDP,PGSQL,17202
17203,500,UDP,RDP,17203
17204,1344,TCP,TELNET,17204
17205,10051,UDP,SIP,17205
17206,443,TCP,HTTPS,17206
17207,5900,UDP,FTP,17207
17208,443,TCP,HTTPS,17208
17209,80,UDP,XMPP,17209
17210,80,UDP,NETBIOS,17210
17211,22,UDP,PGSQL,17211
17212,443,TCP,HTTPS,17212
17213,1344,TCP,TELNET,17213
17214,53,UDP,DNS,17214
17215,5061,TCP,VNC,17215
17216,23,UDP,SIP,17216
17217,443,TCP,HTTPS,17217
17218,161,UDP,FTP,17218
17219,21,TCP,FTP,17219
17220,1344,UDP,MDS,17220
17221,443,TCP,HTTPS,17221
17222,443,TCP,HTTPS,17222
17223,5432,UDP,IMAP4,17223
17224,993,TCP,ICAP,17224
17225,993,TCP,DNS,17225
17226,8080,UDP,HTTP,17226
17227,443,UDP,HTTPS,17227
17228,5432,TCP,PGSQL,17228
17229,443,TCP,HTTPS,17229
17230,161,TCP,MSSQL,17230
17231,443,TCP,HTTPS,17231
17232,8080,UDP,FTP,17232
17233,500,UDP,XMPP,17233
17234,23,TCP,HPSERVICE,17234
17235,80,TCP,HPSERVICE,17235
17236,21,TCP,FTP,17236
17237,3389,UDP,ZABBIX,17237
17238,80,TCP,HTTPS,17238
17239,3689,TCP,HPSERVICE,17239
17240,80,TCP,PGSQL,17240
17241,5432,UDP,ACMSODA,17241
17242,80,TCP,FTP,17242
17243,1433,UDP,ACMSODA,17243
17244,3389,UDP,HTTPS,17244
17245,1344,UDP,SSH,17245
17246,5061,UDP,ACMSODA,17246
17247,5900,TCP,MSSQL,17247
17248,5060,TCP,NETBIOS,17248
17249,5900,UDP,FTP,17249
17250,80,TCP,HTTP,17250
17251,5432,TCP,DAAPD,17251
17252,3389,UDP,SNMP,17252
17253,500,TCP,HPSERVICE,17253
17254,443,TCP,HTTPS,17254
17255,80,TCP,FTP,17255
17256,5222,UDP,MDS,17256
17257,53,UDP,DNS,17257
17258,5061,UDP,DNS,17258
17259,5900,UDP,HTTP,17259
17260,993,TCP,DNS,17260
17261,3128,UDP,VNC,17261
17262,443,TCP,HTTPS,17262
17263,137,TCP,MSSQL,17263
17264,443,TCP,HTTPS,17264
17265,5060,UDP,DAAPD,17265
17266,22,UDP,ACMSODA,17266
17267,10001,UDP,SNMP,17267
17268,443,TCP,HTTPS,17268
17269,5900,TCP,PGSQL,17269
17270,443,TCP,IRDMI,17270
17271,500,UDP,TELNET,17271
17272,80,TCP,HTTP,17272
17273,22,TCP,MSSQL,17273
17274,8080,UDP,TELNET,17274
17275,80,TCP,HTTP,17275
17276,3389,TCP,SSH,17276
17277,53,TCP,MSSQL,17277
17278,500,UDP,XMPP,17278
17279,3128,TCP,HTTP,17279
17280,6969,TCP,HTTPS,17280
17281,3689,UDP,IMAP4,17281
17282,1433,TCP,EMS,17282
17283,5432,TCP,ACMSODA,17283
17284,443,TCP,HTTPS,17284
17285,6969,TCP,ISAKMP,17285
17286,137,TCP,RDP,17286
17287,1433,UDP,ACMSODA,17287
17288,6969,UDP,DAAPD,17288
17289,5900,UDP,FTP,17289
17290,5432,UDP,MSSQL,17290
17291,10001,TCP,MDS,17291
17292,10001,UDP,HTTP,17292
17293,443,TCP,HTTPS,17293
17294,1433,TCP,MSSQL,17294
17295,80,TCP,PGSQL,17295
17296,500,UDP,SNMP,17296
17297,443,TCP,HTTPS,17297
17298,80,UDP,HTTP,17298
17299,3128,UDP,SNMP,17299
17300,443,TCP,HTTPS,17300
17301,3389,TCP,NETBIOS,17301
17302,138,TCP,ACMSODA,17302
17303,445,TCP,SSH,17303
17304,443,TCP,HTTPS,17304
17305,5061,TCP,XMPP,17305
17306,21,TCP,FTP,17306
17307,1433,TCP,ZABBIX,17307
17308,587,TCP,ACMSODA,17308
17309,443,TCP,HTTPS,17309
17310,8080,UDP,SNMP,17310
17311,993,UDP,PGSQL,17311
17312,5900,UDP,MSSQL,17312
17313,22,TCP,UBIQUITY,17313
17314,3128,TCP,UBIQUITY,17314
17315,5060,TCP,ACMSODA,17315
17316,8080,UDP,ICAP,17316
17317,6969,TCP,ACMSODA,17317
17318,443,TCP,HTTPS,17318
17319,23,TCP,HPSERVICE,17319
17320,5061,TCP,SIP,17320
17321,500,UDP,DAAPD,17321
17322,3689,UDP,ACMSODA,17322
17323,1344,TCP,UBIQUITY,17323
17324,443,TCP,HTTPS,17324
17325,6969,TCP,ZABBIX,17325
17326,22,TCP,ZABBIX,17326
17327,23,TCP,HPSERVICE,17327
17328,80,UDP,SIP,17328
17329,8080,TCP,MSSQL,17329
17330,5900,UDP,ISAKMP,17330
17331,138,UDP,HPSERVICE,17331
17332,1344,TCP,TELNET,17332
17333,22,UDP,PGSQL,17333
17334,22,TCP,HTTP,17334
17335,53,UDP,DNS,17335
17336,1344,TCP,IMAP4,17336
17337,3689,UDP,HPSERVICE,17337
17338,161,UDP,VNC,17338
17339,138,UDP,UBIQUITY,17339
17340,443,TCP,HTTPS,17340
17341,5222,TCP,SNMP,17341
17342,1433,UDP,EMS,17342
17343,9100,TCP,SSH,17343
17344,587,UDP,HTTP,17344
17345,3389,TCP,HPSERVICE,17345
17346,161,TCP,MSSQL,17346
17347,443,TCP,HTTPS,17347
17348,443,UDP,MDS,17348
17349,443,TCP,HTTPS,17349
17350,137,TCP,IRDMI,17350
17351,21,TCP,XMPP,17351
17352,5900,UDP,NETBIOS,17352
17353,993,UDP,FTP,17353
17354,8000,UDP,HPSERVICE,17354
17355,21,TCP,FTP,17355
17356,443,TCP,HTTPS,17356
17357,5061,UDP,PGSQL,17357
17358,5060,UDP,MSSQL,17358
17359,5222,TCP,XMPP,17359
17360,445,UDP,DNS,17360
17361,445,TCP,IRDMI,17361
17362,3389,TCP,MSSQL,17362
17363,23,TCP,VNC,17363
17364,161,UDP,PGSQL,17364
17365,80,TCP,HTTP,17365
17366,1344,TCP,UBIQUITY,17366
17367,3689,TCP,SNMP,17367
17368,138,TCP,IRDMI,17368
17369,8000,TCP,UBIQUITY,17369
17370,53,UDP,ISAKMP,17370
17371,993,UDP,ISAKMP,17371
17372,138,TCP,UBIQUITY,17372
17373,1433,TCP,HTTPS,17373
17374,3689,UDP,UBIQUITY,17374
17375,5900,UDP,ICAP,17375
17376,1344,UDP,ICAP,17376
17377,53,UDP,DNS,17377
17378,3389,TCP,NETBIOS,17378
17379,445,UDP,DAAPD,17379
17380,443,TCP,DNS,17380
17381,10051,UDP,VNC,17381
17382,5432,UDP,IMAP4,17382
17383,137,TCP,HTTPS,17383
17384,138,UDP,UBIQUITY,17384
17385,8000,TCP,SSH,17385
17386,5432,UDP,HTTPS,17386
17387,23,TCP,HPSERVICE,17387
17388,23,UDP,SIP,17388
17389,5222,TCP,ICAP,17389
17390,5432,UDP,MSSQL,17390
17391,1344,UDP,DAAPD,17391
17392,443,TCP,HTTPS,17392
17393,443,TCP,HTTPS,17393
17394,10001,TCP,MDS,17394
17395,5900,TCP,FTP,17395
17396,443,TCP,HTTPS,17396
17397,5900,UDP,HTTP,17397
17398,443,TCP,HTTPS,17398
17399,5061,TCP,SIP,17399
17400,8080,UDP,TELNET,17400
17401,22,UDP,NETBIOS,17401
17402,5060,TCP,HTTP,17402
17403,5900,UDP,ISAKMP,17403
17404,5900,TCP,PGSQL,17404
17405,138,TCP,SSH,17405
17406,21,TCP,IMAP4,17406
17407,21,TCP,FTP,17407
17408,23,TCP,IMAP4,17408
17409,161,TCP,XMPP,17409
17410,443,TCP,HTTPS,17410
17411,3689,UDP,SNMP,17411
17412,21,TCP,NETBIOS,17412
17413,23,UDP,SIP,17413
17414,5900,TCP,UBIQUITY,17414
17415,137,TCP,HTTPS,17415
17416,3689,TCP,HTTP,17416
17417,10051,UDP,MDS,17417
17418,5060,TCP,MDS,17418
17419,500,TCP,DNS,17419
17420,443,TCP,HTTPS,17420
17421,21,TCP,FTP,17421
17422,587,UDP,ISAKMP,17422
17423,443,UDP,MDS,17423
17424,5432,UDP,ISAKMP,17424
17425,22,TCP,UBIQUITY,17425
17426,21,UDP,XMPP,17426
17427,6969,TCP,IMAP4,17427
17428,1344,TCP,UBIQUITY,17428
17429,5061,TCP,VNC,17429
17430,587,UDP,ISAKMP,17430
17431,1433,TCP,VNC,17431
17432,138,TCP,DNS,17432
17433,21,TCP,FTP,17433
17434,21,UDP,RDP,17434
17435,443,TCP,HPSERVICE,17435
17436,1344,UDP,ICAP,17436
17437,5060,TCP,MDS,17437
17438,8000,TCP,SSH,17438
17439,21,UDP,SSH,17439
17440,22,UDP,PGSQL,17440
17441,5222,UDP,MDS,17441
17442,21,TCP,EMS,17442
17443,993,TCP,DNS,17443
17444,443,UDP,HTTPS,17444
17445,53,TCP,MSSQL,17445
17446,8000,UDP,ZABBIX,17446
17447,5222,UDP,EMS,17447
17448,5222,UDP,EMS,17448
17449,443,TCP,HTTPS,17449
17450,443,TCP,HTTPS,17450
17451,443,TCP,HTTPS,17451
17452,10051,UDP,VNC,17452
17453,5060,UDP,PGSQL,17453
17454,1433,TCP,SSH,17454
17455,443,TCP,HTTPS,17455
17456,443,TCP,HTTPS,17456
17457,6969,TCP,IMAP4,17457
17458,443,TCP,ACMSODA,17458
17459,3128,UDP,IRDMI,17459
17460,445,UDP,TELNET,17460
17461,5222,UDP,RDP,17461
17462,8080,TCP,EMS,17462
17463,443,UDP,HTTPS,17463
17464,587,UDP,XMPP,17464
17465,443,TCP,HTTPS,17465
17466,9100,TCP,PGSQL,17466
17467,993,UDP,TELNET,17467
17468,5060,TCP,NETBIOS,17468
17469,1344,TCP,TELNET,17469
17470,5900,UDP,SSH,17470
17471,5900,TCP,RDP,17471
17472,587,UDP,HTTP,17472
17473,443,TCP,HTTPS,17473
17474,8080,TCP,FTP,17474
17475,21,UDP,MSSQL,17475
17476,10051,UDP,HPSERVICE,17476
17477,8080,UDP,ISAKMP,17477
17478,443,TCP,HTTPS,17478
17479,5900,UDP,NETBIOS,17479
17480,445,UDP,DNS,17480
17481,53,UDP,ISAKMP,17481
17482,10051,UDP,SIP,17482
17483,53,TCP,XMPP,17483
17484,500,UDP,XMPP,17484
17485,3389,TCP,NETBIOS,17485
17486,80,TCP,HTTP,17486
17487,1433,TCP,SSH,17487
17488,22,TCP,HTTP,17488
17489,993,TCP,IMAP4,17489
17490,6969,TCP,ZABBIX,17490
17491,1344,TCP,UBIQUITY,17491
17492,10001,UDP,SNMP,17492
17493,5061,UDP,PGSQL,17493
17494,443,TCP,HTTPS,17494
17495,3689,UDP,HPSERVICE,17495
17496,443,TCP,VNC,17496
17497,5432,UDP,HTTPS,17497
17498,138,UDP,ZABBIX,17498
17499,5222,UDP,EMS,17499
17500,80,TCP,HTTP,17500
17501,5061,UDP,HTTP,17501
17502,5900,UDP,HTTP,17502
17503,80,UDP,ZABBIX,17503
17504,8000,UDP,HPSERVICE,17504
17505,3689,TCP,TELNET,17505
17506,6969,UDP,HTTP,17506
17507,5060,UDP,TELNET,17507
17508,80,UDP,EMS,17508
17509,9100,TCP,MDS,17509
17510,22,UDP,SNMP,17510
17511,5432,UDP,DNS,17511
17512,138,TCP,ACMSODA,17512
17513,587,UDP,HTTP,17513
17514,22,TCP,HTTPS,17514
17515,53,UDP,XMPP,17515
17516,21,TCP,EMS,17516
17517,443,TCP,HTTPS,17517
17518,1433,TCP,PGSQL,17518
17519,3689,UDP,TELNET,17519
17520,443,TCP,HTTPS,17520
17521,5060,UDP,TELNET,17521
17522,3689,TCP,SSH,17522
17523,3689,TCP,HTTP,17523
17524,587,UDP,FTP,17524
17525,3389,UDP,PGSQL,17525
17526,445,TCP,MDS,17526
17527,10001,UDP,FTP,17527
17528,1433,UDP,ACMSODA,17528
17529,5900,UDP,MDS,17529
17530,9100,TCP,FTP,17530
17531,53,UDP,DNS,17531
17532,587,UDP,EMS,17532
17533,10051,TCP,VNC,17533
17534,5061,TCP,SNMP,17534
17535,80,UDP,HTTP,17535
17536,53,UDP,DNS,17536
17537,8080,UDP,SNMP,17537
17538,6969,TCP,ACMSODA,17538
17539,80,TCP,HTTP,17539
17540,5222,UDP,MDS,17540
17541,1433,TCP,PGSQL,17541
17542,21,UDP,ACMSODA,17542
17543,3689,TCP,EMS,17543
17544,443,TCP,HTTPS,17544
17545,80,TCP,HTTP,17545
17546,5060,TCP,HTTP,17546
17547,22,TCP,FTP,17547
17548,993,UDP,FTP,17548
17549,10001,UDP,SSH,17549
17550,22,TCP,VNC,17550
17551,80,TCP,HTTPS,17551
17552,22,UDP,TELNET,17552
17553,137,TCP,PGSQL,17553
17554,443,TCP,HTTPS,17554
17555,10001,TCP,HPSERVICE,17555
17556,8080,UDP,ACMSODA,17556
17557,445,UDP,DAAPD,17557
17558,587,UDP,XMPP,17558
17559,5432,UDP,NETBIOS,17559
17560,443,UDP,DAAPD,17560
17561,443,TCP,UBIQUITY,17561
17562,3128,TCP,ACMSODA,17562
17563,5222,UDP,SSH,17563
17564,445,TCP,TELNET,17564
17565,3689,UDP,TELNET,17565
17566,443,TCP,HTTPS,17566
17567,137,TCP,PGSQL,17567
17568,5061,TCP,XMPP,17568
17569,5900,UDP,ISAKMP,17569
17570,500,UDP,DAAPD,17570
17571,993,TCP,RDP,17571
17572,500,UDP,NETBIOS,17572
17573,161,TCP,MSSQL,17573
17574,443,TCP,IMAP4,17574
17575,138,UDP,IRDMI,17575
17576,21,TCP,IMAP4,17576
17577,22,TCP,HTTP,17577
17578,3689,UDP,SSH,17578
17579,3689,TCP,FTP,17579
17580,23,UDP,MDS,17580
17581,443,TCP,HTTPS,17581
17582,80,UDP,ZABBIX,17582
17583,80,TCP,HTTP,17583
17584,3689,TCP,TELNET,17584
17585,3128,UDP,HPSERVICE,17585
17586,1433,TCP,PGSQL,17586
17587,993,TCP,NETBIOS,17587
17588,3128,UDP,ZABBIX,17588
17589,500,TCP,DNS,17589
17590,23,UDP,SIP,17590
17591,443,TCP,HTTPS,17591
17592,138,UDP,IRDMI,17592
17593,587,UDP,RDP,17593
17594,443,TCP,HTTPS,17594
17595,5222,UDP,DNS,17595
17596,1344,TCP,TELNET,17596
17597,23,UDP,SNMP,17597
17598,8000,UDP,HPSERVICE,17598
17599,10001,TCP,EMS,17599
17600,5060,TCP,ICAP,17600
17601,161,TCP,IRDMI,17601
17602,5061,UDP,SNMP,17602
17603,3389,UDP,DNS,17603
17604,443,TCP,HTTP,17604
17605,3689,TCP,HTTP,17605
17606,8080,TCP,ZABBIX,17606
17607,21,TCP,FTP,17607
17608,21,UDP,HTTPS,17608
17609,5060,UDP,FTP,17609
17610,53,UDP,DNS,17610
17611,5061,TCP,VNC,17611
17612,443,TCP,HTTPS,17612
17613,5900,UDP,FTP,17613
17614,587,TCP,PGSQL,17614
17615,21,TCP,IMAP4,17615
17616,161,UDP,VNC,17616
17617,3389,TCP,ACMSODA,17617
17618,587,UDP,RDP,17618
17619,587,UDP,ICAP,17619
17620,445,UDP,DAAPD,17620
17621,445,TCP,RDP,17621
17622,445,UDP,UBIQUITY,17622
17623,5900,TCP,RDP,17623
17624,5432,TCP,XMPP,17624
17625,1433,TCP,MDS,17625
17626,587,TCP,ZABBIX,17626
17627,1344,TCP,TELNET,17627
17628,8080,UDP,TELNET,17628
17629,445,TCP,SSH,17629
17630,443,TCP,HTTPS,17630
17631,80,TCP,HPSERVICE,17631
17632,5900,UDP,ICAP,17632
17633,53,UDP,DNS,17633
17634,500,TCP,SIP,17634
17635,5060,TCP,IMAP4,17635
17636,5432,UDP,ICAP,17636
17637,5222,UDP,RDP,17637
17638,9100,TCP,SSH,17638
17639,443,TCP,HTTPS,17639
17640,80,TCP,HTTP,17640
17641,10051,UDP,MSSQL,17641
17642,10051,UDP,ACMSODA,17642
17643,137,TCP,RDP,17643
17644,8080,TCP,NETBIOS,17644
17645,161,TCP,IMAP4,17645
17646,443,TCP,UBIQUITY,17646
17647,23,UDP,SIP,17647
17648,21,TCP,FTP,17648
17649,53,UDP,DNS,17649
17650,443,TCP,SIP,17650
17651,443,TCP,HTTPS,17651
17652,993,UDP,TELNET,17652
17653,5222,TCP,HTTPS,17653
17654,80,UDP,SIP,17654
17655,3128,TCP,HTTP,17655
17656,23,UDP,TELNET,17656
17657,5060,TCP,ACMSODA,17657
17658,443,TCP,HTTPS,17658
17659,443,TCP,HTTPS,17659
17660,445,UDP,IMAP4,17660
17661,443,TCP,SIP,17661
17662,21,TCP,FTP,17662
17663,445,UDP,MDS,17663
17664,500,UDP,ICAP,17664
17665,445,TCP,HPSERVICE,17665
17666,500,UDP,RDP,17666
17667,161,TCP,IRDMI,17667
17668,161,UDP,SIP,17668
17669,3689,TCP,XMPP,17669
17670,5432,TCP,DAAPD,17670
17671,500,UDP,ICAP,17671
17672,5900,UDP,TELNET,17672
17673,500,UDP,XMPP,17673
17674,5900,TCP,PGSQL,17674
17675,53,UDP,XMPP,17675
17676,443,TCP,HTTPS,17676
17677,445,UDP,MDS,17677
17678,445,UDP,IMAP4,17678
17679,5222,TCP,EMS,17679
17680,443,TCP,HTTPS,17680
17681,1344,UDP,ICAP,17681
17682,22,TCP,SSH,17682
17683,23,TCP,HPSERVICE,17683
17684,21,TCP,HPSERVICE,17684
17685,161,TCP,IRDMI,17685
17686,161,UDP,SSH,17686
17687,23,TCP,HPSERVICE,17687
17688,5432,UDP,MSSQL,17688
17689,5900,UDP,NETBIOS,17689
17690,22,UDP,SIP,17690
17691,161,UDP,SSH,17691
17692,138,TCP,SSH,17692
17693,443,UDP,IRDMI,17693
17694,8080,TCP,MSSQL,17694
17695,9100,UDP,MDS,17695
17696,80,TCP,HPSERVICE,17696
17697,443,TCP,HTTPS,17697
17698,993,TCP,RDP,17698
17699,1433,UDP,MSSQL,17699
17700,5060,TCP,NETBIOS,17700
17701,138,UDP,ZABBIX,17701
17702,21,TCP,FTP,17702
17703,5222,TCP,ICAP,17703
17704,23,TCP,HPSERVICE,17704
17705,5432,UDP,IMAP4,17705
17706,5060,UDP,MSSQL,17706
17707,23,UDP,SIP,17707
17708,21,UDP,FTP,17708
17709,23,TCP,HPSERVICE,17709
17710,10001,TCP,ZABBIX,17710
17711,5061,UDP,HTTP,17711
17712,500,UDP,VNC,17712
17713,53,UDP,ISAKMP,17713
17714,80,UDP,XMPP,17714
17715,21,TCP,DAAPD,17715
17716,5432,TCP,SSH,17716
17717,500,TCP,RDP,17717
17718,5432,UDP,MSSQL,17718
17719,500,TCP,SIP,17719
17720,6969,UDP,DNS,17720
17721,1433,UDP,HTTP,17721
17722,1344,TCP,UBIQUITY,17722
17723,3689,UDP,MSSQL,17723
17724,3389,UDP,SNMP,17724
17725,1344,TCP,HPSERVICE,17725
17726,3128,UDP,HPSERVICE,17726
17727,5432,TCP,DAAPD,17727
17728,9100,TCP,FTP,17728
17729,10001,TCP,EMS,17729
17730,587,UDP,IRDMI,17730
17731,80,TCP,HTTP,17731
17732,3128,UDP,ICAP,17732
17733,5060,UDP,RDP,17733
17734,443,TCP,HTTPS,17734
17735,3128,UDP,ICAP,17735
17736,443,TCP,HTTPS,17736
17737,443,TCP,HTTPS,17737
17738,53,TCP,ACMSODA,17738
17739,21,TCP,MDS,17739
17740,3389,UDP,SIP,17740
17741,3128,UDP,ICAP,17741
17742,443,UDP,ISAKMP,17742
17743,21,TCP,EMS,17743
17744,8080,TCP,ACMSODA,17744
17745,5061,UDP,PGSQL,17745
17746,21,UDP,XMPP,17746
17747,3389,TCP,IMAP4,17747
17748,21,TCP,FTP,17748
17749,443,TCP,HTTPS,17749
17750,500,UDP,SNMP,17750
17751,5900,TCP,EMS,17751
17752,5432,UDP,IMAP4,17752
17753,10051,UDP,VNC,17753
17754,10001,UDP,SNMP,17754
17755,21,UDP,ACMSODA,17755
17756,5432,UDP,ACMSODA,17756
17757,22,UDP,SIP,17757
17758,443,TCP,UBIQUITY,17758
17759,137,UDP,HTTPS,17759
17760,587,TCP,PGSQL,17760
17761,443,TCP,HTTPS,17761
17762,5060,UDP,NETBIOS,17762
17763,443,TCP,HTTPS,17763
17764,6969,TCP,UBIQUITY,17764
17765,6969,UDP,DNS,17765
17766,80,TCP,HTTPS,17766
17767,8000,UDP,PGSQL,17767
17768,5061,UDP,PGSQL,17768
17769,5222,TCP,XMPP,17769
17770,80,TCP,HTTP,17770
17771,1344,TCP,NETBIOS,17771
17772,9100,UDP,PGSQL,17772
17773,138,TCP,UBIQUITY,17773
17774,6969,TCP,ACMSODA,17774
17775,8000,UDP,NETBIOS,17775
17776,53,UDP,DNS,17776
17777,443,TCP,HTTPS,17777
17778,5432,UDP,ACMSODA,17778
17779,3389,TCP,MSSQL,17779
17780,6969,UDP,ZABBIX,17780
17781,10051,UDP,PGSQL,17781
17782,10001,TCP,MDS,17782
17783,138,TCP,ACMSODA,17783
17784,5432,TCP,DAAPD,17784
17785,5900,UDP,FTP,17785
17786,443,TCP,HTTPS,17786
17787,5061,TCP,MDS,17787
17788,3689,TCP,ICAP,17788
17789,500,UDP,ICAP,17789
17790,53,UDP,DNS,17790
17791,22,TCP,VNC,17791
17792,22,UDP,ACMSODA,17792
17793,5432,UDP,IMAP4,17793
17794,53,UDP,DNS,17794
17795,5432,UDP,ISAKMP,17795
17796,993,UDP,IMAP4,17796
17797,3389,UDP,SIP,17797
17798,137,TCP,IRDMI,17798
17799,22,UDP,SIP,17799
17800,80,TCP,HTTP,17800
17801,445,UDP,UBIQUITY,17801
17802,6969,TCP,UBIQUITY,17802
17803,21,TCP,FTP,17803
17804,5432,TCP,PGSQL,17804
17805,6969,TCP,IMAP4,17805
17806,443,TCP,HTTPS,17806
17807,443,TCP,HTTPS,17807
17808,500,TCP,SIP,17808
17809,138,TCP,SSH,17809
17810,5900,TCP,RDP,17810
17811,1433,TCP,EMS,17811
17812,5222,UDP,ACMSODA,17812
17813,22,UDP,SIP,17813
17814,22,TCP,UBIQUITY,17814
17815,23,TCP,VNC,17815
17816,8080,TCP,ACMSODA,17816
17817,500,UDP,TELNET,17817
17818,500,UDP,RDP,17818
17819,53,UDP,ISAKMP,17819
17820,1433,TCP,PGSQL,17820
17821,1433,UDP,ZABBIX,17821
17822,587,UDP,RDP,17822
17823,10051,TCP,ISAKMP,17823
17824,9100,UDP,SNMP,17824
17825,443,TCP,HTTPS,17825
17826,3689,TCP,EMS,17826
17827,587,UDP,EMS,17827
17828,5432,TCP,VNC,17828
17829,993,TCP,IMAP4,17829
17830,10001,UDP,FTP,17830
17831,443,TCP,HTTP,17831
17832,80,UDP,HTTP,17832
17833,21,TCP,IMAP4,17833
17834,138,TCP,ACMSODA,17834
17835,445,UDP,DAAPD,17835
17836,1433,UDP,XMPP,17836
17837,443,TCP,HTTPS,17837
17838,5222,UDP,EMS,17838
17839,993,UDP,TELNET,17839
17840,9100,TCP,IMAP4,17840
17841,21,TCP,FTP,17841
17842,21,TCP,FTP,17842
17843,3689,TCP,HPSERVICE,17843
17844,1344,UDP,MDS,17844
17845,3689,TCP,TELNET,17845
17846,53,UDP,DNS,17846
17847,443,TCP,HTTPS,17847
17848,23,TCP,HTTP,17848
17849,587,UDP,EMS,17849
17850,3389,UDP,SNMP,17850
17851,161,TCP,RDP,17851
17852,443,TCP,HTTPS,17852
17853,500,UDP,DNS,17853
17854,5900,TCP,ICAP,17854
17855,500,UDP,XMPP,17855
17856,3689,UDP,UBIQUITY,17856
17857,443,TCP,HTTPS,17857
17858,80,TCP,HTTP,17858
17859,443,TCP,HTTPS,17859
17860,5060,TCP,ACMSODA,17860
17861,443,TCP,HTTPS,17861
17862,443,TCP,HTTPS,17862
17863,137,TCP,RDP,17863
17864,1344,TCP,UBIQUITY,17864
17865,6969,UDP,DAAPD,17865
17866,22,UDP,VNC,17866
17867,5432,TCP,XMPP,17867
17868,500,UDP,TELNET,17868
17869,1433,TCP,EMS,17869
17870,445,UDP,HTTP,17870
17871,23,UDP,FTP,17871
17872,5222,UDP,SSH,17872
17873,80,TCP,HTTP,17873
17874,22,TCP,FTP,17874
17875,10001,UDP,SSH,17875
17876,138,UDP,PGSQL,17876
17877,587,UDP,ISAKMP,17877
17878,443,TCP,HTTPS,17878
17879,22,UDP,SIP,17879
17880,161,TCP,TELNET,17880
17881,443,TCP,HTTPS,17881
17882,80,TCP,FTP,17882
17883,53,UDP,ISAKMP,17883
17884,6969,TCP,ISAKMP,17884
17885,10001,TCP,MDS,17885
17886,443,UDP,DAAPD,17886
17887,5061,UDP,TELNET,17887
17888,587,UDP,IRDMI,17888
17889,3128,UDP,SNMP,17889
17890,587,TCP,MDS,17890
17891,443,TCP,HTTPS,17891
17892,5900,TCP,FTP,17892
17893,21,UDP,MSSQL,17893
17894,587,TCP,ACMSODA,17894
17895,23,UDP,TELNET,17895
17896,993,TCP,DNS,17896
17897,6969,UDP,ZABBIX,17897
17898,500,UDP,ICAP,17898
17899,10051,TCP,EMS,17899
17900,3389,TCP,ACMSODA,17900
17901,5432,UDP,ISAKMP,17901
17902,161,TCP,IRDMI,17902
17903,22,UDP,NETBIOS,17903
17904,3689,TCP,HPSERVICE,17904
17905,443,TCP,HTTPS,17905
17906,587,UDP,IRDMI,17906
17907,10051,UDP,PGSQL,17907
17908,1433,TCP,HTTPS,17908
17909,23,TCP,VNC,17909
17910,23,UDP,MDS,17910
17911,993,TCP,DNS,17911
17912,5222,TCP,XMPP,17912
17913,10051,UDP,ACMSODA,17913
17914,445,TCP,MDS,17914
17915,8000,UDP,UBIQUITY,17915
17916,993,TCP,DNS,17916
17917,21,UDP,ACMSODA,17917
17918,500,UDP,ICAP,17918
17919,993,TCP,DNS,17919
17920,80,TCP,EMS,17920
17921,993,UDP,PGSQL,17921
17922,80,UDP,ZABBIX,17922
17923,5060,UDP,FTP,17923
17924,21,UDP,ICAP,17924
17925,1433,UDP,SSH,17925
17926,137,UDP,HTTPS,17926
17927,5432,UDP,MSSQL,17927
17928,5432,TCP,SSH,17928
17929,1344,TCP,NETBIOS,17929
17930,993,TCP,NETBIOS,17930
17931,443,TCP,HTTP,17931
17932,3689,UDP,FTP,17932
17933,137,TCP,XMPP,17933
17934,80,UDP,ZABBIX,17934
17935,3389,TCP,MSSQL,17935
17936,21,TCP,FTP,17936
17937,8000,TCP,ICAP,17937
17938,443,TCP,HTTPS,17938
17939,443,TCP,HTTPS,17939
17940,161,TCP,IRDMI,17940
17941,9100,UDP,SNMP,17941
17942,22,TCP,MSSQL,17942
17943,53,UDP,DNS,17943
17944,445,TCP,EMS,17944
17945,5900,UDP,HTTP,17945
17946,5432,UDP,IMAP4,17946
17947,21,UDP,FTP,17947
17948,443,TCP,HTTPS,17948
17949,5060,UDP,RDP,17949
17950,500,TCP,DNS,17950
17951,3689,TCP,SNMP,17951
17952,137,TCP,HTTP,17952
17953,5222,TCP,HTTPS,17953
17954,137,TCP,ISAKMP,17954
17955,5060,TCP,ICAP,17955
17956,10051,UDP,MSSQL,17956
17957,53,TCP,SNMP,17957
17958,23,TCP,HPSERVICE,17958
17959,80,TCP,HTTP,17959
17960,137,UDP,VNC,17960
17961,10051,UDP,DNS,17961
17962,5060,TCP,SIP,17962
17963,23,TCP,VNC,17963
17964,5432,UDP,ICAP,17964
17965,21,UDP,MSSQL,17965
17966,1344,UDP,MDS,17966
17967,80,UDP,EMS,17967
17968,53,UDP,DNS,17968
17969,993,TCP,PGSQL,17969
17970,5061,UDP,DNS,17970
17971,6969,UDP,ICAP,17971
17972,22,TCP,UBIQUITY,17972
17973,443,TCP,HTTPS,17973
17974,9100,TCP,SNMP,17974
17975,53,TCP,SNMP,17975
17976,443,TCP,HTTPS,17976
17977,445,UDP,MDS,17977
17978,3128,TCP,HTTP,17978
17979,6969,TCP,UBIQUITY,17979
17980,23,TCP,EMS,17980
17981,53,UDP,VNC,17981
17982,22,UDP,PGSQL,17982
17983,161,UDP,SSH,17983
17984,21,UDP,ACMSODA,17984
17985,443,TCP,HTTPS,17985
17986,161,TCP,IRDMI,17986
17987,5061,TCP,VNC,17987
17988,443,TCP,HTTPS,17988
17989,993,TCP,DNS,17989
17990,137,TCP,PGSQL,17990
17991,445,UDP,SNMP,17991
17992,443,UDP,ISAKMP,17992
17993,80,TCP,FTP,17993
17994,5060,TCP,SIP,17994
17995,443,TCP,HTTPS,17995
17996,21,UDP,SIP,17996
17997,23,TCP,HPSERVICE,17997
17998,21,UDP,MSSQL,17998
17999,9100,UDP,MDS,17999
18000,5432,UDP,IMAP4,18000
18001,5432,TCP,ACMSODA,18001
18002,993,UDP,DAAPD,18002
18003,3689,TCP,TELNET,18003
18004,10051,TCP,ISAKMP,18004
18005,21,UDP,XMPP,18005
18006,5432,UDP,MSSQL,18006
18007,161,UDP,SSH,18007
18008,443,TCP,IMAP4,18008
18009,443,TCP,VNC,18009
18010,443,TCP,DAAPD,18010
18011,443,TCP,HTTPS,18011
18012,10051,UDP,HTTPS,18012
18013,5061,TCP,VNC,18013
18014,993,TCP,PGSQL,18014
18015,5222,UDP,ACMSODA,18015
18016,1344,TCP,IMAP4,18016
18017,21,TCP,FTP,18017
18018,500,TCP,TELNET,18018
18019,22,UDP,ISAKMP,18019
18020,6969,TCP,SNMP,18020
18021,443,UDP,ISAKMP,18021
18022,8000,TCP,UBIQUITY,18022
18023,5432,UDP,DNS,18023
18024,6969,TCP,IMAP4,18024
18025,23,UDP,MDS,18025
18026,161,UDP,IRDMI,18026
18027,993,UDP,HPSERVICE,18027
18028,443,TCP,HTTPS,18028
18029,443,TCP,HTTPS,18029
18030,5060,UDP,XMPP,18030
18031,443,TCP,HTTPS,18031
18032,8080,UDP,TELNET,18032
18033,443,TCP,HTTPS,18033
18034,161,TCP,VNC,18034
18035,6969,TCP,IMAP4,18035
18036,10001,TCP,EMS,18036
18037,443,UDP,MDS,18037
18038,3389,TCP,SSH,18038
18039,443,TCP,HTTPS,18039
18040,53,UDP,DNS,18040
18041,5432,TCP,DAAPD,18041
18042,993,UDP,PGSQL,18042
18043,443,TCP,UBIQUITY,18043
18044,443,UDP,MDS,18044
18045,23,TCP,VNC,18045
18046,3689,UDP,UBIQUITY,18046
18047,9100,TCP,IRDMI,18047
18048,8080,UDP,EMS,18048
18049,1433,TCP,PGSQL,18049
18050,138,TCP,ISAKMP,18050
18051,993,TCP,PGSQL,18051
18052,443,UDP,HTTPS,18052
18053,587,TCP,ZABBIX,18053
18054,3689,UDP,MDS,18054
18055,161,UDP,SSH,18055
18056,443,TCP,HTTPS,18056
18057,9100,UDP,SNMP,18057
18058,993,TCP,PGSQL,18058
18059,5432,UDP,ISAKMP,18059
18060,1433,TCP,SSH,18060
18061,9100,TCP,FTP,18061
18062,53,UDP,DNS,18062
18063,137,TCP,MSSQL,18063
18064,23,UDP,SIP,18064
18065,500,UDP,VNC,18065
18066,22,UDP,TELNET,18066
18067,21,TCP,EMS,18067
18068,5060,UDP,FTP,18068
18069,445,UDP,HTTPS,18069
18070,21,UDP,VNC,18070
18071,3689,UDP,FTP,18071
18072,587,TCP,PGSQL,18072
18073,1344,UDP,ICAP,18073
18074,445,TCP,TELNET,18074
18075,138,UDP,HPSERVICE,18075
18076,8000,TCP,ICAP,18076
18077,1433,TCP,PGSQL,18077
18078,161,UDP,PGSQL,18078
18079,8080,UDP,IRDMI,18079
18080,137,TCP,ACMSODA,18080
18081,993,TCP,ICAP,18081
18082,3389,UDP,RDP,18082
18083,21,TCP,DAAPD,18083
18084,443,TCP,HTTPS,18084
18085,5222,TCP,SNMP,18085
18086,80,UDP,XMPP,18086
18087,8000,TCP,SSH,18087
18088,443,TCP,HTTPS,18088
18089,21,TCP,FTP,18089
18090,500,TCP,SSH,18090
18091,500,UDP,DNS,18091
18092,138,TCP,MSSQL,18092
18093,500,UDP,DAAPD,18093
18094,53,UDP,DNS,18094
18095,9100,TCP,FTP,18095
18096,443,TCP,RDP,18096
18097,3128,TCP,HTTP,18097
18098,993,UDP,MSSQL,18098
18099,445,UDP,DNS,18099
18100,443,TCP,HTTPS,18100
18101,138,TCP,HPSERVICE,18101
18102,443,TCP,HTTPS,18102
18103,161,UDP,SSH,18103
18104,3128,UDP,ICAP,18104
18105,500,UDP,VNC,18105
18106,443,TCP,HTTPS,18106
18107,1433,UDP,XMPP,18107
18108,445,UDP,TELNET,18108
18109,10001,TCP,ZABBIX,18109
18110,1344,TCP,NETBIOS,18110
18111,443,TCP,HTTPS,18111
18112,443,TCP,HTTPS,18112
18113,3128,TCP,HTTP,18113
18114,993,UDP,PGSQL,18114
18115,23,UDP,MDS,18115
18116,3389,TCP,IRDMI,18116
18117,1344,UDP,HTTPS,18117
18118,3389,TCP,IRDMI,18118
18119,3389,TCP,IMAP4,18119
18120,443,TCP,HTTPS,18120
18121,443,TCP,HTTPS,18121
18122,3128,TCP,SNMP,18122
18123,21,UDP,FTP,18123
18124,443,TCP,HTTPS,18124
18125,10001,TCP,HPSERVICE,18125
18126,1433,UDP,ZABBIX,18126
18127,6969,UDP,ZABBIX,18127
18128,9100,UDP,SIP,18128
18129,137,TCP,PGSQL,18129
18130,8000,UDP,DNS,18130
18131,993,TCP,RDP,18131
18132,1433,TCP,IMAP4,18132
18133,6969,TCP,SNMP,18133
18134,443,TCP,SIP,18134
18135,21,UDP,SSH,18135
18136,3128,TCP,UBIQUITY,18136
18137,1433,TCP,SSH,18137
18138,5222,TCP,HTTPS,18138
18139,8000,UDP,HPSERVICE,18139
18140,993,TCP,SSH,18140
18141,9100,TCP,MDS,18141
18142,443,TCP,HTTPS,18142
18143,1433,UDP,ACMSODA,18143
18144,21,UDP,SIP,18144
18145,80,UDP,RDP,18145
18146,587,TCP,RDP,18146
18147,23,UDP,SIP,18147
18148,445,UDP,DNS,18148
18149,53,UDP,DNS,18149
18150,23,TCP,HPSERVICE,18150
18151,5222,UDP,EMS,18151
18152,3128,UDP,IRDMI,18152
18153,443,TCP,HTTPS,18153
18154,53,UDP,ISAKMP,18154
18155,10051,UDP,VNC,18155
18156,5900,UDP,EMS,18156
18157,10051,TCP,ISAKMP,18157
18158,5061,UDP,PGSQL,18158
18159,5222,TCP,EMS,18159
18160,22,UDP,ACMSODA,18160
18161,445,TCP,TELNET,18161
18162,5060,UDP,XMPP,18162
18163,3128,UDP,ZABBIX,18163
18164,22,TCP,UBIQUITY,18164
18165,3689,UDP,TELNET,18165
18166,5432,UDP,HTTPS,18166
18167,6969,UDP,ICAP,18167
18168,53,TCP,XMPP,18168
18169,3689,TCP,ACMSODA,18169
18170,3389,TCP,MSSQL,18170
18171,500,UDP,RDP,18171
18172,3128,UDP,SNMP,18172
18173,9100,TCP,SSH,18173
18174,161,UDP,SSH,18174
18175,1344,UDP,SSH,18175
18176,3389,UDP,SIP,18176
18177,443,TCP,HTTPS,18177
18178,23,TCP,VNC,18178
18179,443,UDP,HTTPS,18179
18180,443,TCP,HTTPS,18180
18181,443,TCP,HTTPS,18181
18182,3128,TCP,HTTP,18182
18183,5061,UDP,TELNET,18183
18184,10001,TCP,EMS,18184
18185,22,UDP,TELNET,18185
18186,443,TCP,HTTPS,18186
18187,443,TCP,HTTPS,18187
18188,23,UDP,MDS,18188
18189,53,UDP,DNS,18189
18190,1433,TCP,MDS,18190
18191,6969,TCP,HTTPS,18191
18192,443,UDP,MDS,18192
18193,587,TCP,MDS,18193
18194,5222,UDP,SSH,18194
18195,10001,UDP,HTTP,18195
18196,443,TCP,HTTPS,18196
18197,8080,TCP,EMS,18197
18198,6969,TCP,ZABBIX,18198
18199,6969,UDP,SNMP,18199
18200,6969,TCP,IMAP4,18200
18201,80,UDP,SIP,18201
18202,445,TCP,PGSQL,18202
18203,8080,TCP,ZABBIX,18203
18204,8080,UDP,TELNET,18204
18205,161,TCP,MSSQL,18205
18206,5432,TCP,ACMSODA,18206
18207,3128,UDP,IRDMI,18207
18208,23,UDP,IRDMI,18208
18209,993,UDP,DAAPD,18209
18210,5900,UDP,SSH,18210
18211,5060,TCP,IMAP4,18211
18212,5061,TCP,ICAP,18212
18213,443,TCP,HTTPS,18213
18214,1433,UDP,MSSQL,18214
18215,10001,UDP,SNMP,18215
18216,3689,TCP,HPSERVICE,18216
18217,443,TCP,HTTPS,18217
18218,443,TCP,HTTPS,18218
18219,8000,UDP,HPSERVICE,18219
18220,1344,TCP,UBIQUITY,18220
18221,161,TCP,DAAPD,18221
18222,21,UDP,MSSQL,18222
18223,993,TCP,IMAP4,18223
18224,5060,UDP,MDS,18224
18225,1344,TCP,TELNET,18225
18226,21,UDP,XMPP,18226
18227,22,TCP,UBIQUITY,18227
18228,443,TCP,HTTP,18228
18229,1344,TCP,TELNET,18229
18230,138,TCP,VNC,18230
18231,5432,UDP,ISAKMP,18231
18232,10001,TCP,MDS,18232
18233,443,TCP,DNS,18233
18234,443,TCP,HTTPS,18234
18235,443,TCP,HTTPS,18235
18236,5900,TCP,IRDMI,18236
18237,1433,TCP,SNMP,18237
18238,161,TCP,IMAP4,18238
18239,138,TCP,ICAP,18239
18240,5432,UDP,DNS,18240
18241,10051,TCP,ISAKMP,18241
18242,993,UDP,SNMP,18242
18243,6969,TCP,UBIQUITY,18243
18244,587,TCP,MDS,18244
18245,138,TCP,SSH,18245
18246,443,TCP,HTTPS,18246
18247,23,TCP,VNC,18247
18248,443,TCP,HTTPS,18248
18249,443,TCP,HTTPS,18249
18250,500,TCP,IMAP4,18250
18251,587,TCP,SIP,18251
18252,8000,TCP,SIP,18252
18253,53,UDP,ZABBIX,18253
18254,23,TCP,HPSERVICE,18254
18255,21,TCP,HPSERVICE,18255
18256,10001,UDP,HTTP,18256
18257,6969,UDP,SNMP,18257
18258,3128,TCP,SSH,18258
18259,22,TCP,UBIQUITY,18259
18260,1433,TCP,PGSQL,18260
18261,10001,TCP,ZABBIX,18261
18262,443,TCP,HTTPS,18262
18263,3128,TCP,SNMP,18263
18264,137,TCP,ACMSODA,18264
18265,22,UDP,SIP,18265
18266,21,UDP,ACMSODA,18266
18267,443,TCP,HTTPS,18267
18268,8080,UDP,ISAKMP,18268
18269,53,UDP,DNS,18269
18270,21,TCP,XMPP,18270
18271,138,TCP,RDP,18271
18272,443,TCP,DAAPD,18272
18273,5900,UDP,HTTP,18273
18274,10051,TCP,UBIQUITY,18274
18275,10001,UDP,ICAP,18275
18276,5432,UDP,DNS,18276
18277,3689,UDP,TELNET,18277
18278,53,UDP,ISAKMP,18278
18279,5432,TCP,RDP,18279
18280,1433,TCP,SSH,18280
18281,443,TCP,HTTPS,18281
18282,138,UDP,HPSERVICE,18282
18283,443,TCP,HTTPS,18283
18284,3128,UDP,ICAP,18284
18285,500,TCP,PGSQL,18285
18286,1433,TCP,SSH,18286
18287,53,UDP,DNS,18287
18288,80,TCP,HTTP,18288
18289,443,TCP,HTTPS,18289
18290,8000,TCP,ICAP,18290
18291,3689,TCP,SSH,18291
18292,443,TCP,TELNET,18292
18293,3689,UDP,IRDMI,18293
18294,5222,TCP,EMS,18294
18295,5900,UDP,DAAPD,18295
18296,8080,UDP,HTTP,18296
18297,23,UDP,SIP,18297
18298,5222,TCP,EMS,18298
18299,443,TCP,ACMSODA,18299
18300,53,UDP,DNS,18300
18301,161,UDP,PGSQL,18301
18302,137,TCP,RDP,18302
18303,1344,TCP,UBIQUITY,18303
18304,5061,UDP,SNMP,18304
18305,5222,TCP,HTTPS,18305
18306,5900,UDP,MDS,18306
18307,443,TCP,IRDMI,18307
18308,53,UDP,ISAKMP,18308
18309,10051,UDP,PGSQL,18309
18310,1433,UDP,HPSERVICE,18310
18311,8000,UDP,UBIQUITY,18311
18312,9100,TCP,SSH,18312
18313,5432,UDP,ICAP,18313
18314,445,TCP,PGSQL,18314
18315,8080,UDP,FTP,18315
18316,6969,TCP,IMAP4,18316
18317,5061,UDP,DNS,18317
18318,443,UDP,MDS,18318
18319,993,UDP,ZABBIX,18319
18320,1344,TCP,TELNET,18320
18321,3689,TCP,TELNET,18321
18322,587,UDP,EMS,18322
18323,445,TCP,SSH,18323
18324,500,UDP,RDP,18324
18325,5060,TCP,ACMSODA,18325
18326,5900,UDP,MDS,18326
18327,443,TCP,HTTPS,18327
18328,161,UDP,TELNET,18328
18329,5900,UDP,DAAPD,18329
18330,137,TCP,MSSQL,18330
18331,5060,UDP,PGSQL,18331
18332,587,UDP,IRDMI,18332
18333,5060,UDP,EMS,18333
18334,443,TCP,HTTPS,18334
18335,443,TCP,HTTPS,18335
18336,10001,TCP,ZABBIX,18336
18337,53,UDP,DNS,18337
18338,22,TCP,ZABBIX,18338
18339,445,UDP,MDS,18339
18340,443,TCP,HTTPS,18340
18341,10001,TCP,ZABBIX,18341
18342,445,UDP,IMAP4,18342
18343,443,TCP,HTTPS,18343
18344,80,TCP,FTP,18344
18345,21,UDP,RDP,18345
18346,8080,UDP,FTP,18346
18347,993,UDP,IMAP4,18347
18348,80,TCP,FTP,18348
18349,9100,TCP,IMAP4,18349
18350,5900,UDP,FTP,18350
18351,443,UDP,SNMP,18351
18352,3689,UDP,HTTP,18352
18353,5060,TCP,IMAP4,18353
18354,993,UDP,TELNET,18354
18355,443,TCP,HTTPS,18355
18356,21,UDP,ICAP,18356
18357,137,TCP,ACMSODA,18357
18358,587,UDP,FTP,18358
18359,138,TCP,IRDMI,18359
18360,587,UDP,EMS,18360
18361,80,TCP,HTTP,18361
18362,5900,UDP,NETBIOS,18362
18363,6969,TCP,SNMP,18363
18364,3389,TCP,MSSQL,18364
18365,993,TCP,PGSQL,18365
18366,5900,UDP,SSH,18366
18367,5222,TCP,HTTPS,18367
18368,5900,UDP,DAAPD,18368
18369,1344,UDP,UBIQUITY,18369
18370,445,TCP,SSH,18370
18371,443,TCP,HTTPS,18371
18372,5060,UDP,DAAPD,18372
18373,5060,TCP,IRDMI,18373
18374,23,TCP,IMAP4,18374
18375,23,TCP,TELNET,18375
18376,443,TCP,HTTPS,18376
18377,443,TCP,HTTPS,18377
18378,5061,TCP,ACMSODA,18378
18379,3689,UDP,VNC,18379
18380,443,TCP,HTTPS,18380
18381,3689,TCP,SSH,18381
18382,23,TCP,IMAP4,18382
18383,9100,TCP,FTP,18383
18384,500,TCP,DNS,18384
18385,10051,UDP,DNS,18385
18386,21,TCP,FTP,18386
18387,80,UDP,EMS,18387
18388,443,TCP,HTTPS,18388
18389,8080,UDP,ACMSODA,18389
18390,53,UDP,MDS,18390
18391,8080,TCP,ACMSODA,18391
18392,5432,UDP,DNS,18392
18393,443,TCP,HTTPS,18393
18394,5900,TCP,EMS,18394
18395,5222,TCP,ICAP,18395
18396,5432,UDP,DNS,18396
18397,443,TCP,HTTPS,18397
18398,5222,UDP,SSH,18398
18399,9100,TCP,IMAP4,18399
18400,5060,UDP,FTP,18400
18401,5222,UDP,SSH,18401
18402,6969,TCP,ZABBIX,18402
18403,443,TCP,RDP,18403
18404,443,TCP,HTTPS,18404
18405,8080,TCP,MSSQL,18405
18406,10001,UDP,DAAPD,18406
18407,1344,TCP,TELNET,18407
18408,443,TCP,HTTPS,18408
18409,5061,TCP,XMPP,18409
18410,443,TCP,HTTP,18410
18411,8000,TCP,DNS,18411
18412,443,TCP,HTTPS,18412
18413,5432,TCP,ZABBIX,18413
18414,3128,UDP,IRDMI,18414
18415,10051,UDP,MDS,18415
18416,443,TCP,HTTPS,18416
18417,1344,TCP,NETBIOS,18417
18418,5432,UDP,MSSQL,18418
18419,10051,UDP,MDS,18419
18420,161,TCP,TELNET,18420
18421,80,TCP,HTTP,18421
18422,21,TCP,FTP,18422
18423,443,TCP,HTTPS,18423
18424,445,UDP,DAAPD,18424
18425,3689,TCP,ISAKMP,18425
18426,10001,TCP,ZABBIX,18426
18427,5432,UDP,MSSQL,18427
18428,5060,TCP,MDS,18428
18429,500,UDP,ICAP,18429
18430,587,UDP,IRDMI,18430
18431,3389,TCP,MDS,18431
18432,500,UDP,DAAPD,18432
18433,161,TCP,VNC,18433
18434,21,TCP,FTP,18434
18435,161,TCP,IMAP4,18435
18436,21,TCP,FTP,18436
18437,10001,UDP,PGSQL,18437
18438,5222,TCP,SNMP,18438
18439,1433,TCP,PGSQL,18439
18440,3128,TCP,HPSERVICE,18440
18441,443,TCP,HTTPS,18441
18442,993,UDP,TELNET,18442
18443,500,UDP,XMPP,18443
18444,23,UDP,SIP,18444
18445,443,TCP,HTTPS,18445
18446,5061,UDP,HTTPS,18446
18447,993,TCP,RDP,18447
18448,587,TCP,SIP,18448
18449,10001,TCP,EMS,18449
18450,5900,TCP,EMS,18450
18451,138,TCP,VNC,18451
18452,161,TCP,TELNET,18452
18453,5061,TCP,XMPP,18453
18454,23,UDP,ICAP,18454
18455,1433,TCP,UBIQUITY,18455
18456,1344,UDP,EMS,18456
18457,5060,UDP,MDS,18457
18458,5222,UDP,DNS,18458
18459,22,TCP,HTTP,18459
18460,443,UDP,IRDMI,18460
18461,21,TCP,FTP,18461
18462,443,TCP,HTTPS,18462
18463,8080,TCP,FTP,18463
18464,5060,UDP,MSSQL,18464
18465,5222,TCP,ICAP,18465
18466,10051,UDP,PGSQL,18466
18467,443,TCP,HTTPS,18467
18468,137,UDP,XMPP,18468
18469,5060,UDP,EMS,18469
18470,443,TCP,HTTPS,18470
18471,9100,TCP,VNC,18471
18472,5222,TCP,SNMP,18472
18473,5222,TCP,HTTPS,18473
18474,10001,TCP,IRDMI,18474
18475,3689,UDP,MSSQL,18475
18476,8080,TCP,FTP,18476
18477,993,UDP,DAAPD,18477
18478,443,UDP,IRDMI,18478
18479,10001,UDP,ICAP,18479
18480,443,TCP,HTTPS,18480
18481,445,UDP,DNS,18481
18482,9100,UDP,PGSQL,18482
18483,5432,UDP,RDP,18483
18484,445,UDP,DNS,18484
18485,3689,TCP,TELNET,18485
18486,21,TCP,FTP,18486
18487,587,TCP,ZABBIX,18487
18488,161,UDP,FTP,18488
18489,1344,TCP,IMAP4,18489
18490,5432,UDP,MSSQL,18490
18491,443,TCP,HTTPS,18491
18492,443,UDP,HPSERVICE,18492
18493,443,TCP,HTTPS,18493
18494,22,TCP,IMAP4,18494
18495,80,UDP,ZABBIX,18495
18496,1344,TCP,NETBIOS,18496
18497,22,UDP,PGSQL,18497
18498,3128,UDP,ICAP,18498
18499,443,TCP,HTTPS,18499
18500,5061,UDP,SNMP,18500
18501,587,UDP,EMS,18501
18502,23,TCP,HPSERVICE,18502
18503,5432,TCP,SSH,18503
18504,10001,TCP,MDS,18504
18505,6969,TCP,UBIQUITY,18505
18506,443,TCP,HTTPS,18506
18507,138,TCP,UBIQUITY,18507
18508,5432,UDP,ACMSODA,18508
18509,10051,UDP,MSSQL,18509
18510,80,TCP,HTTP,18510
18511,21,UDP,ACMSODA,18511
18512,22,TCP,SSH,18512
18513,53,UDP,DNS,18513
18514,5432,UDP,DNS,18514
18515,3689,TCP,HPSERVICE,18515
18516,500,TCP,SSH,18516
18517,3689,TCP,ICAP,18517
18518,1433,UDP,SSH,18518
18519,1433,UDP,XMPP,18519
18520,10051,UDP,PGSQL,18520
18521,500,TCP,PGSQL,18521
18522,5900,TCP,PGSQL,18522
18523,1433,UDP,EMS,18523
18524,5900,TCP,PGSQL,18524
18525,443,TCP,HTTPS,18525
18526,443,TCP,HTTPS,18526
18527,138,UDP,PGSQL,18527
18528,80,UDP,XMPP,18528
18529,443,UDP,HTTPS,18529
18530,161,TCP,DAAPD,18530
18531,3128,UDP,ICAP,18531
18532,5061,TCP,VNC,18532
18533,53,UDP,DNS,18533
18534,9100,UDP,DAAPD,18534
18535,8080,TCP,EMS,18535
18536,445,TCP,SSH,18536
18537,587,TCP,RDP,18537
18538,3389,UDP,PGSQL,18538
18539,3389,UDP,IRDMI,18539
18540,993,TCP,NETBIOS,18540
18541,53,UDP,XMPP,18541
18542,5900,UDP,TELNET,18542
18543,5432,TCP,DAAPD,18543
18544,5061,TCP,ACMSODA,18544
18545,993,UDP,TELNET,18545
18546,993,TCP,PGSQL,18546
18547,993,UDP,SNMP,18547
18548,443,TCP,HTTPS,18548
18549,3128,TCP,SNMP,18549
18550,22,UDP,TELNET,18550
18551,8080,TCP,FTP,18551
18552,443,TCP,HTTPS,18552
18553,5222,UDP,EMS,18553
18554,10001,UDP,FTP,18554
18555,5061,TCP,VNC,18555
18556,3389,UDP,ZABBIX,18556
18557,443,TCP,HTTPS,18557
18558,1344,UDP,EMS,18558
18559,443,TCP,HTTPS,18559
18560,138,UDP,ZABBIX,18560
18561,5900,UDP,SIP,18561
18562,5061,TCP,VNC,18562
18563,138,TCP,SSH,18563
18564,993,UDP,TELNET,18564
18565,3389,TCP,NETBIOS,18565
18566,23,TCP,HPSERVICE,18566
18567,23,UDP,MDS,18567
18568,21,UDP,MSSQL,18568
18569,5900,UDP,UBIQUITY,18569
18570,9100,UDP,PGSQL,18570
18571,80,TCP,FTP,18571
18572,5060,UDP,MDS,18572
18573,5222,TCP,SNMP,18573
18574,445,UDP,DNS,18574
18575,8080,UDP,SSH,18575
18576,21,UDP,XMPP,18576
18577,445,UDP,UBIQUITY,18577
18578,443,TCP,HTTPS,18578
18579,138,TCP,XMPP,18579
18580,138,UDP,HPSERVICE,18580
18581,3389,TCP,MSSQL,18581
18582,3128,UDP,SNMP,18582
18583,443,TCP,HTTPS,18583
18584,138,UDP,ZABBIX,18584
18585,5222,UDP,EMS,18585
18586,443,TCP,HTTPS,18586
18587,587,TCP,MDS,18587
18588,21,TCP,IMAP4,18588
18589,8080,UDP,SNMP,18589
18590,443,TCP,HTTPS,18590
18591,443,TCP,HTTPS,18591
18592,443,TCP,HTTPS,18592
18593,1344,TCP,TELNET,18593
18594,443,TCP,IRDMI,18594
18595,587,UDP,FTP,18595
18596,80,TCP,EMS,18596
18597,23,TCP,DNS,18597
18598,21,UDP,SIP,18598
18599,10001,TCP,EMS,18599
18600,3389,TCP,ACMSODA,18600
18601,8080,UDP,ISAKMP,18601
18602,10051,TCP,UBIQUITY,18602
18603,443,TCP,UBIQUITY,18603
18604,3389,TCP,ACMSODA,18604
18605,443,TCP,HTTPS,18605
18606,80,TCP,HTTP,18606
18607,3128,UDP,ICAP,18607
18608,3389,UDP,SNMP,18608
18609,53,UDP,SSH,18609
18610,587,TCP,EMS,18610
18611,9100,UDP,MDS,18611
18612,22,TCP,VNC,18612
18613,443,TCP,HTTPS,18613
18614,3128,TCP,SNMP,18614
18615,6969,TCP,ZABBIX,18615
18616,3128,TCP,SNMP,18616
18617,1433,UDP,SSH,18617
18618,21,TCP,FTP,18618
18619,5060,UDP,MSSQL,18619
18620,500,TCP,SIP,18620
18621,1433,UDP,XMPP,18621
18622,443,TCP,HTTPS,18622
18623,443,TCP,HTTPS,18623
18624,80,TCP,HTTPS,18624
18625,443,TCP,HTTPS,18625
18626,161,UDP,VNC,18626
18627,161,TCP,IMAP4,18627
18628,5061,TCP,XMPP,18628
18629,53,UDP,DNS,18629
18630,5060,UDP,MSSQL,18630
18631,22,TCP,ZABBIX,18631
18632,5432,TCP,RDP,18632
18633,993,UDP,DAAPD,18633
18634,23,TCP,HPSERVICE,18634
18635,500,UDP,TELNET,18635
18636,8000,UDP,MDS,18636
18637,80,UDP,HTTP,18637
18638,1433,UDP,MSSQL,18638
18639,500,UDP,DNS,18639
18640,1344,TCP,IMAP4,18640
18641,5061,TCP,MDS,18641
18642,3128,UDP,ICAP,18642
18643,6969,TCP,IMAP4,18643
18644,445,TCP,MDS,18644
18645,8080,TCP,FTP,18645
18646,443,TCP,HTTPS,18646
18647,8000,TCP,UBIQUITY,18647
18648,1433,UDP,ACMSODA,18648
18649,5432,TCP,DAAPD,18649
18650,137,TCP,RDP,18650
18651,443,TCP,HTTPS,18651
18652,443,TCP,HTTPS,18652
18653,1433,TCP,SSH,18653
18654,23,TCP,IMAP4,18654
18655,23,TCP,HPSERVICE,18655
18656,993,UDP,PGSQL,18656
18657,500,UDP,XMPP,18657
18658,53,UDP,HTTP,18658
18659,3689,TCP,FTP,18659
18660,1433,TCP,ZABBIX,18660
18661,1433,UDP,MSSQL,18661
18662,23,UDP,SIP,18662
18663,1344,TCP,TELNET,18663
18664,1433,UDP,ACMSODA,18664
18665,443,TCP,HTTPS,18665
18666,5900,UDP,HTTP,18666
18667,443,TCP,HTTPS,18667
18668,500,UDP,XMPP,18668
18669,138,TCP,SSH,18669
18670,993,TCP,RDP,18670
18671,138,UDP,HPSERVICE,18671
18672,10051,UDP,MSSQL,18672
18673,23,TCP,VNC,18673
18674,5060,UDP,FTP,18674
18675,21,UDP,ACMSODA,18675
18676,1344,TCP,IMAP4,18676
18677,8000,TCP,HTTPS,18677
18678,445,UDP,DNS,18678
18679,53,UDP,DNS,18679
18680,80,TCP,HTTP,18680
18681,443,TCP,HTTPS,18681
18682,443,UDP,HTTPS,18682
18683,443,TCP,HTTPS,18683
18684,500,UDP,XMPP,18684
18685,1433,UDP,ACMSODA,18685
18686,5900,UDP,SIP,18686
18687,443,TCP,HTTPS,18687
18688,6969,TCP,ZABBIX,18688
18689,8000,TCP,MSSQL,18689
18690,80,UDP,HTTP,18690
18691,21,TCP,IRDMI,18691
18692,161,UDP,UBIQUITY,18692
18693,1344,UDP,UBIQUITY,18693
18694,23,TCP,RDP,18694
18695,5060,UDP,EMS,18695
18696,443,TCP,HTTPS,18696
18697,587,TCP,MDS,18697
18698,53,UDP,DNS,18698
18699,22,TCP,ACMSODA,18699
18700,5432,TCP,RDP,18700
18701,23,TCP,HPSERVICE,18701
18702,587,UDP,IRDMI,18702
18703,6969,UDP,DNS,18703
18704,9100,TCP,RDP,18704
18705,443,TCP,HTTPS,18705
18706,443,TCP,HTTPS,18706
18707,5900,UDP,EMS,18707
18708,10001,UDP,ZABBIX,18708
18709,443,TCP,HTTPS,18709
18710,443,TCP,HTTPS,18710
18711,5900,TCP,MSSQL,18711
18712,993,TCP,RDP,18712
18713,3689,UDP,IMAP4,18713
18714,5222,TCP,ICAP,18714
18715,22,TCP,ZABBIX,18715
18716,3389,TCP,SSH,18716
18717,161,TCP,MSSQL,18717
18718,443,TCP,HTTPS,18718
18719,138,TCP,IRDMI,18719
18720,443,TCP,HTTPS,18720
18721,5432,TCP,SSH,18721
18722,443,TCP,HTTPS,18722
18723,5060,UDP,MSSQL,18723
18724,445,UDP,DNS,18724
18725,138,UDP,IRDMI,18725
18726,22,UDP,SIP,18726
18727,3128,UDP,SNMP,18727
18728,5900,UDP,DAAPD,18728
18729,445,TCP,MDS,18729
18730,80,TCP,HTTP,18730
18731,993,UDP,TELNET,18731
18732,3389,TCP,IMAP4,18732
18733,80,TCP,HTTP,18733
18734,23,TCP,HPSERVICE,18734
18735,138,UDP,NETBIOS,18735
18736,445,UDP,IMAP4,18736
18737,993,TCP,DNS,18737
18738,8080,UDP,TELNET,18738
18739,9100,UDP,DAAPD,18739
18740,3128,UDP,ICAP,18740
18741,10051,UDP,PGSQL,18741
18742,443,UDP,HTTPS,18742
18743,23,TCP,VNC,18743
18744,1433,TCP,DNS,18744
18745,443,TCP,HTTPS,18745
18746,23,UDP,SIP,18746
18747,53,UDP,FTP,18747
18748,10051,TCP,ZABBIX,18748
18749,138,UDP,HPSERVICE,18749
18750,443,TCP,HTTPS,18750
18751,80,TCP,HTTP,18751
18752,5061,TCP,ZABBIX,18752
18753,10051,UDP,SIP,18753
18754,10001,UDP,HTTP,18754
18755,21,TCP,HPSERVICE,18755
18756,23,UDP,MDS,18756
18757,137,TCP,ACMSODA,18757
18758,161,UDP,SSH,18758
18759,5900,TCP,FTP,18759
18760,5222,UDP,SSH,18760
18761,443,TCP,HTTPS,18761
18762,1344,TCP,TELNET,18762
18763,80,TCP,EMS,18763
18764,21,UDP,MSSQL,18764
18765,443,UDP,MDS,18765
18766,3389,TCP,XMPP,18766
18767,21,TCP,FTP,18767
18768,6969,TCP,HPSERVICE,18768
18769,5222,TCP,HTTPS,18769
18770,23,UDP,SIP,18770
18771,3128,UDP,ICAP,18771
18772,6969,TCP,NETBIOS,18772
18773,10051,UDP,HPSERVICE,18773
18774,993,TCP,DNS,18774
18775,993,UDP,DAAPD,18775
18776,23,TCP,HPSERVICE,18776
18777,10001,UDP,PGSQL,18777
18778,443,TCP,DNS,18778
18779,443,TCP,HTTPS,18779
18780,3128,TCP,HTTP,18780
18781,443,TCP,HTTPS,18781
18782,3689,UDP,SNMP,18782
18783,3128,TCP,ACMSODA,18783
18784,10051,UDP,ICAP,18784
18785,6969,TCP,ACMSODA,18785
18786,10051,UDP,HTTPS,18786
18787,3389,UDP,RDP,18787
18788,5060,TCP,ACMSODA,18788
18789,21,TCP,FTP,18789
18790,3128,UDP,ICAP,18790
18791,500,TCP,PGSQL,18791
18792,8080,UDP,TELNET,18792
18793,3689,TCP,PGSQL,18793
18794,443,TCP,HTTPS,18794
18795,9100,UDP,VNC,18795
18796,21,UDP,ACMSODA,18796
18797,21,UDP,VNC,18797
18798,5432,TCP,DAAPD,18798
18799,53,UDP,DNS,18799
18800,5060,TCP,EMS,18800
18801,443,TCP,HTTPS,18801
18802,22,UDP,SIP,18802
18803,5061,UDP,TELNET,18803
18804,3128,UDP,ICAP,18804
18805,445,UDP,SIP,18805
18806,138,UDP,ZABBIX,18806
18807,5061,UDP,ACMSODA,18807
18808,5060,UDP,FTP,18808
18809,138,TCP,UBIQUITY,18809
18810,9100,UDP,PGSQL,18810
18811,21,UDP,MSSQL,18811
18812,3128,UDP,ICAP,18812
18813,21,TCP,FTP,18813
18814,587,UDP,FTP,18814
18815,993,UDP,RDP,18815
18816,443,TCP,HTTPS,18816
18817,10051,UDP,HTTPS,18817
18818,587,UDP,HTTP,18818
18819,161,TCP,IRDMI,18819
18820,443,TCP,HTTPS,18820
18821,993,TCP,RDP,18821
18822,22,TCP,FTP,18822
18823,161,UDP,UBIQUITY,18823
18824,6969,UDP,DAAPD,18824
18825,23,UDP,SIP,18825
18826,10051,UDP,VNC,18826
18827,443,TCP,HTTPS,18827
18828,5432,UDP,ICAP,18828
18829,3128,UDP,ICAP,18829
18830,53,UDP,DNS,18830
18831,500,TCP,ICAP,18831
18832,5432,UDP,RDP,18832
18833,587,UDP,FTP,18833
18834,1344,TCP,UBIQUITY,18834
18835,445,UDP,IMAP4,18835
18836,5900,UDP,MSSQL,18836
18837,22,UDP,ISAKMP,18837
18838,3689,UDP,SSH,18838
18839,1344,TCP,NETBIOS,18839
18840,5900,UDP,HPSERVICE,18840
18841,8080,UDP,ICAP,18841
18842,443,TCP,HTTPS,18842
18843,80,TCP,HTTP,18843
18844,138,TCP,ICAP,18844
18845,443,UDP,HTTPS,18845
18846,443,TCP,HTTPS,18846
18847,3689,TCP,ACMSODA,18847
18848,10051,UDP,ACMSODA,18848
18849,500,UDP,XMPP,18849
18850,8000,TCP,MSSQL,18850
18851,23,TCP,HPSERVICE,18851
18852,993,UDP,DAAPD,18852
18853,3389,TCP,ACMSODA,18853
18854,3689,TCP,PGSQL,18854
18855,5222,UDP,DNS,18855
18856,9100,UDP,ZABBIX,18856
18857,5060,UDP,FTP,18857
18858,10001,UDP,ZABBIX,18858
18859,587,TCP,ZABBIX,18859
18860,53,UDP,DNS,18860
18861,5060,TCP,IMAP4,18861
18862,23,TCP,HPSERVICE,18862
18863,5222,UDP,DNS,18863
18864,3128,TCP,ACMSODA,18864
18865,3128,UDP,ICAP,18865
18866,1433,UDP,XMPP,18866
18867,5900,UDP,DAAPD,18867
18868,138,TCP,IRDMI,18868
18869,22,UDP,SSH,18869
18870,8000,TCP,UBIQUITY,18870
18871,53,UDP,DNS,18871
18872,10001,UDP,HTTP,18872
18873,993,TCP,SSH,18873
18874,53,TCP,MSSQL,18874
18875,80,TCP,HTTP,18875
18876,443,UDP,HTTPS,18876
18877,1344,UDP,MDS,18877
18878,23,TCP,RDP,18878
18879,500,TCP,PGSQL,18879
18880,443,TCP,HTTPS,18880
18881,1344,TCP,IMAP4,18881
18882,443,TCP,HTTPS,18882
18883,5900,TCP,RDP,18883
18884,500,TCP,IMAP4,18884
18885,23,UDP,SIP,18885
18886,443,TCP,HTTPS,18886
18887,3389,TCP,MDS,18887
18888,587,UDP,IRDMI,18888
18889,443,TCP,DNS,18889
18890,1433,TCP,VNC,18890
18891,443,TCP,HTTPS,18891
18892,993,UDP,TELNET,18892
18893,21,TCP,HPSERVICE,18893
18894,53,TCP,MSSQL,18894
18895,443,TCP,UBIQUITY,18895
18896,3128,UDP,ICAP,18896
18897,443,TCP,IMAP4,18897
18898,80,TCP,FTP,18898
18899,22,UDP,MSSQL,18899
18900,445,TCP,MDS,18900
18901,10051,UDP,ACMSODA,18901
18902,21,UDP,FTP,18902
18903,21,UDP,XMPP,18903
18904,8080,TCP,ACMSODA,18904
18905,8080,UDP,ISAKMP,18905
18906,443,TCP,HTTPS,18906
18907,443,UDP,IRDMI,18907
18908,5060,UDP,TELNET,18908
18909,5900,UDP,HTTP,18909
18910,3689,TCP,XMPP,18910
18911,1344,TCP,NETBIOS,18911
18912,5432,TCP,SSH,18912
18913,445,TCP,MDS,18913
18914,993,TCP,RDP,18914
18915,443,TCP,HTTPS,18915
18916,10001,UDP,SSH,18916
18917,8000,TCP,ICAP,18917
18918,443,TCP,HTTPS,18918
18919,138,UDP,IRDMI,18919
18920,443,TCP,HPSERVICE,18920
18921,10051,UDP,HTTPS,18921
18922,1344,TCP,IMAP4,18922
18923,6969,UDP,MSSQL,18923
18924,3128,TCP,SSH,18924
18925,21,UDP,SIP,18925
18926,23,UDP,MDS,18926
18927,9100,TCP,SSH,18927
18928,137,TCP,RDP,18928
18929,500,TCP,ICAP,18929
18930,587,UDP,RDP,18930
18931,443,TCP,HTTPS,18931
18932,10051,UDP,MDS,18932
18933,443,TCP,VNC,18933
18934,80,TCP,HTTP,18934
18935,443,TCP,HTTPS,18935
18936,5061,TCP,ACMSODA,18936
18937,3689,TCP,HTTP,18937
18938,80,UDP,ZABBIX,18938
18939,5432,TCP,HTTPS,18939
18940,5432,UDP,ISAKMP,18940
18941,1344,UDP,EMS,18941
18942,443,TCP,UBIQUITY,18942
18943,8000,UDP,ICAP,18943
18944,9100,TCP,SSH,18944
18945,8080,TCP,HTTP,18945
18946,5061,TCP,XMPP,18946
18947,137,TCP,HTTPS,18947
18948,53,TCP,MSSQL,18948
18949,993,UDP,DAAPD,18949
18950,5900,TCP,PGSQL,18950
18951,443,TCP,HTTPS,18951
18952,443,UDP,MDS,18952
18953,443,TCP,IRDMI,18953
18954,587,TCP,RDP,18954
18955,5900,UDP,FTP,18955
18956,500,TCP,RDP,18956
18957,3128,TCP,HPSERVICE,18957
18958,5432,UDP,IMAP4,18958
18959,1344,UDP,PGSQL,18959
18960,587,UDP,FTP,18960
18961,993,UDP,DAAPD,18961
18962,21,TCP,FTP,18962
18963,3689,UDP,TELNET,18963
18964,1433,TCP,EMS,18964
18965,53,UDP,DNS,18965
18966,445,TCP,TELNET,18966
18967,3389,UDP,PGSQL,18967
18968,6969,UDP,SNMP,18968
18969,993,UDP,TELNET,18969
18970,53,UDP,DNS,18970
18971,80,UDP,ZABBIX,18971
18972,500,TCP,PGSQL,18972
18973,993,UDP,TELNET,18973
18974,443,TCP,HTTPS,18974
18975,10051,UDP,VNC,18975
18976,1433,TCP,DAAPD,18976
18977,138,TCP,ACMSODA,18977
18978,8000,UDP,HPSERVICE,18978
18979,80,TCP,HTTP,18979
18980,22,UDP,ACMSODA,18980
18981,21,TCP,FTP,18981
18982,5432,UDP,DNS,18982
18983,22,UDP,MSSQL,18983
18984,23,TCP,HPSERVICE,18984
18985,993,TCP,RDP,18985
18986,5222,TCP,MDS,18986
18987,8000,TCP,UBIQUITY,18987
18988,500,TCP,RDP,18988
18989,500,UDP,DAAPD,18989
18990,23,UDP,SIP,18990
18991,993,TCP,SSH,18991
18992,8000,TCP,SIP,18992
18993,10001,UDP,SNMP,18993
18994,443,TCP,HTTPS,18994
18995,22,UDP,ACMSODA,18995
18996,80,TCP,DAAPD,18996
18997,1344,UDP,ICAP,18997
18998,1344,TCP,NETBIOS,18998
18999,3128,UDP,ICAP,18999
19000,3689,UDP,UBIQUITY,19000
19001,8080,TCP,MSSQL,19001
19002,80,TCP,HTTP,19002
19003,5900,TCP,TELNET,19003
19004,3128,UDP,ICAP,19004
19005,443,TCP,HTTPS,19005
19006,1433,TCP,PGSQL,19006
19007,5060,TCP,NETBIOS,19007
19008,3689,TCP,HPSERVICE,19008
19009,443,UDP,HTTPS,19009
19010,21,TCP,IMAP4,19010
19011,443,TCP,HTTP,19011
19012,21,TCP,HPSERVICE,19012
19013,22,UDP,SIP,19013
19014,161,TCP,RDP,19014
19015,80,TCP,DAAPD,19015
19016,443,TCP,HTTPS,19016
19017,443,UDP,SNMP,19017
19018,53,UDP,DNS,19018
19019,3389,TCP,HTTPS,19019
19020,5900,UDP,MDS,19020
19021,5061,TCP,ZABBIX,19021
19022,8000,TCP,ICAP,19022
19023,23,TCP,HPSERVICE,19023
19024,1344,UDP,SSH,19024
19025,8000,UDP,HTTP,19025
19026,21,TCP,FTP,19026
19027,80,TCP,FTP,19027
19028,10051,UDP,ACMSODA,19028
19029,138,TCP,SSH,19029
19030,21,TCP,FTP,19030
19031,21,TCP,FTP,19031
19032,21,UDP,ACMSODA,19032
19033,3689,TCP,ICAP,19033
19034,443,TCP,HTTPS,19034
19035,22,TCP,UBIQUITY,19035
19036,5061,UDP,ACMSODA,19036
19037,1344,TCP,SNMP,19037
19038,80,UDP,SIP,19038
19039,445,TCP,TELNET,19039
19040,137,UDP,IRDMI,19040
19041,443,TCP,HTTPS,19041
19042,80,UDP,HTTP,19042
19043,5060,UDP,DAAPD,19043
19044,5060,TCP,NETBIOS,19044
19045,5060,TCP,IMAP4,19045
19046,6969,UDP,DNS,19046
19047,138,UDP,IMAP4,19047
19048,5222,UDP,DNS,19048
19049,80,UDP,EMS,19049
19050,3689,TCP,HPSERVICE,19050
19051,443,TCP,HTTPS,19051
19052,443,TCP,HTTPS,19052
19053,3689,TCP,SSH,19053
19054,80,TCP,EMS,19054
19055,443,TCP,HTTPS,19055
19056,6969,TCP,IMAP4,19056
19057,443,TCP,HTTPS,19057
19058,5900,TCP,FTP,19058
19059,6969,TCP,DNS,19059
19060,993,UDP,PGSQL,19060
19061,21,TCP,FTP,19061
19062,445,TCP,PGSQL,19062
19063,1433,TCP,SSH,19063
19064,500,UDP,ICAP,19064
19065,1433,UDP,ACMSODA,19065
19066,161,UDP,FTP,19066
19067,10051,UDP,SSH,19067
19068,443,TCP,ACMSODA,19068
19069,10051,UDP,HTTPS,19069
19070,5061,TCP,VNC,19070
19071,138,TCP,DNS,19071
19072,5222,TCP,SIP,19072
19073,1344,UDP,SSH,19073
19074,9100,TCP,IRDMI,19074
19075,161,TCP,TELNET,19075
19076,993,UDP,HPSERVICE,19076
19077,5060,UDP,EMS,19077
19078,443,TCP,HTTPS,19078
19079,1344,TCP,NETBIOS,19079
19080,80,UDP,HTTP,19080
19081,445,UDP,MDS,19081
19082,21,TCP,VNC,19082
19083,21,TCP,FTP,19083
19084,5222,UDP,ICAP,19084
19085,587,TCP,SIP,19085
19086,443,TCP,HTTPS,19086
19087,443,TCP,HTTPS,19087
19088,138,TCP,MSSQL,19088
19089,3389,UDP,PGSQL,19089
19090,443,TCP,HTTPS,19090
19091,5222,UDP,RDP,19091
19092,5432,TCP,DAAPD,19092
19093,5061,UDP,TELNET,19093
19094,8000,UDP,UBIQUITY,19094
19095,1344,UDP,EMS,19095
19096,500,TCP,SSH,19096
19097,443,TCP,HTTPS,19097
19098,3689,TCP,ICAP,19098
19099,993,TCP,DNS,19099
19100,500,UDP,DNS,19100
19101,5900,UDP,MDS,19101
19102,1344,TCP,UBIQUITY,19102
19103,6969,UDP,ZABBIX,19103
19104,443,UDP,HTTPS,19104
19105,5432,UDP,ICAP,19105
19106,500,TCP,PGSQL,19106
19107,161,UDP,PGSQL,19107
19108,5900,TCP,ZABBIX,19108
19109,9100,TCP,MDS,19109
19110,5900,UDP,ISAKMP,19110
19111,1433,UDP,MSSQL,19111
19112,53,UDP,VNC,19112
19113,23,TCP,EMS,19113
19114,1433,UDP,MSSQL,19114
19115,5900,TCP,MDS,19115
19116,80,UDP,ZABBIX,19116
19117,5061,UDP,ACMSODA,19117
19118,8000,UDP,NETBIOS,19118
19119,1433,TCP,HTTPS,19119
19120,23,TCP,HPSERVICE,19120
19121,10001,TCP,ZABBIX,19121
19122,443,TCP,HTTPS,19122
19123,10051,TCP,ISAKMP,19123
19124,22,UDP,SIP,19124
19125,3689,TCP,ICAP,19125
19126,443,TCP,HTTPS,19126
19127,5900,TCP,FTP,19127
19128,22,TCP,SSH,19128
19129,5900,TCP,RDP,19129
19130,6969,TCP,SNMP,19130
19131,1344,TCP,UBIQUITY,19131
19132,10001,UDP,ICAP,19132
19133,161,UDP,FTP,19133
19134,23,TCP,DNS,19134
19135,443,UDP,HTTPS,19135
19136,3389,TCP,IRDMI,19136
19137,443,TCP,HPSERVICE,19137
19138,21,UDP,HTTPS,19138
19139,443,TCP,HTTPS,19139
19140,10001,UDP,PGSQL,19140
19141,5900,UDP,HTTP,19141
19142,5900,UDP,MSSQL,19142
19143,3689,TCP,HPSERVICE,19143
19144,445,UDP,HTTP,19144
19145,5432,TCP,PGSQL,19145
19146,8080,UDP,UBIQUITY,19146
19147,993,TCP,SSH,19147
19148,443,UDP,HTTPS,19148
19149,3689,TCP,PGSQL,19149
19150,8080,UDP,HTTP,19150
19151,3389,TCP,IRDMI,19151
19152,1433,TCP,EMS,19152
19153,1433,UDP,ZABBIX,19153
19154,53,UDP,DNS,19154
19155,1344,TCP,ISAKMP,19155
19156,22,UDP,SIP,19156
19157,80,TCP,FTP,19157
19158,80,TCP,HTTP,19158
19159,22,UDP,IRDMI,19159
19160,5432,UDP,DNS,19160
19161,5222,TCP,HTTPS,19161
19162,23,TCP,VNC,19162
19163,443,TCP,HTTPS,19163
19164,8080,UDP,TELNET,19164
19165,5061,UDP,SNMP,19165
19166,443,TCP,HTTPS,19166
19167,138,UDP,HPSERVICE,19167
19168,3389,UDP,RDP,19168
19169,8080,TCP,ZABBIX,19169
19170,5060,UDP,DAAPD,19170
19171,445,UDP,HTTP,19171
19172,500,UDP,MDS,19172
19173,3389,UDP,SNMP,19173
19174,993,TCP,IMAP4,19174
19175,443,TCP,HTTPS,19175
19176,443,UDP,ACMSODA,19176
19177,21,TCP,DAAPD,19177
19178,5061,UDP,SNMP,19178
19179,9100,UDP,PGSQL,19179
19180,22,UDP,VNC,19180
19181,3128,TCP,HTTP,19181
19182,445,UDP,DNS,19182
19183,443,UDP,HTTPS,19183
19184,443,TCP,HTTPS,19184
19185,137,TCP,HTTPS,19185
19186,5900,TCP,SNMP,19186
19187,3389,TCP,SSH,19187
19188,1344,UDP,ICAP,19188
19189,3389,UDP,DNS,19189
19190,138,TCP,XMPP,19190
19191,161,UDP,SSH,19191
19192,443,TCP,HTTPS,19192
19193,53,TCP,MSSQL,19193
19194,587,TCP,MDS,19194
19195,5432,UDP,ISAKMP,19195
19196,443,TCP,IRDMI,19196
19197,445,TCP,RDP,19197
19198,3689,TCP,XMPP,19198
19199,21,UDP,SIP,19199
19200,161,TCP,IRDMI,19200
19201,443,UDP,HTTPS,19201
19202,3689,TCP,TELNET,19202
19203,21,UDP,MSSQL,19203
19204,5900,TCP,FTP,19204
19205,443,TCP,HTTPS,19205
19206,443,UDP,MDS,19206
19207,22,TCP,MSSQL,19207
19208,445,TCP,SSH,19208
19209,80,TCP,HTTP,19209
19210,443,TCP,HTTPS,19210
19211,587,TCP,NETBIOS,19211
19212,80,UDP,ZABBIX,19212
19213,587,UDP,XMPP,19213
19214,161,UDP,VNC,19214
19215,445,UDP,DNS,19215
19216,3389,TCP,MSSQL,19216
19217,500,TCP,HTTPS,19217
19218,22,TCP,HTTP,19218
19219,443,UDP,HTTPS,19219
19220,3389,TCP,MSSQL,19220
19221,3689,UDP,VNC,19221
19222,1433,TCP,PGSQL,19222
19223,587,TCP,RDP,19223
19224,23,UDP,SIP,19224
19225,80,UDP,DAAPD,19225
19226,3689,UDP,HPSERVICE,19226
19227,443,TCP,HTTPS,19227
19228,5900,UDP,ISAKMP,19228
19229,3128,TCP,SSH,19229
19230,443,UDP,ISAKMP,19230
19231,1433,TCP,EMS,19231
19232,443,TCP,RDP,19232
19233,443,TCP,TELNET,19233
19234,443,UDP,MDS,19234
19235,443,TCP,HTTPS,19235
19236,443,UDP,ISAKMP,19236
19237,80,TCP,HTTP,19237
19238,587,TCP,MDS,19238
19239,23,UDP,MDS,19239
19240,587,UDP,HTTP,19240
19241,993,TCP,RDP,19241
19242,5061,UDP,TELNET,19242
19243,8080,UDP,HTTP,19243
19244,587,UDP,IRDMI,19244
19245,3389,UDP,HTTPS,19245
19246,23,TCP,VNC,19246
19247,500,TCP,SSH,19247
19248,1433,TCP,MDS,19248
19249,500,UDP,RDP,19249
19250,587,UDP,XMPP,19250
19251,1433,UDP,EMS,19251
19252,443,TCP,DNS,19252
19253,443,TCP,UBIQUITY,19253
19254,443,TCP,HTTPS,19254
19255,5061,TCP,XMPP,19255
19256,587,TCP,ACMSODA,19256
19257,10001,TCP,MDS,19257
19258,5060,UDP,FTP,19258
19259,443,TCP,DNS,19259
19260,587,UDP,XMPP,19260
19261,443,TCP,HTTPS,19261
19262,443,UDP,ISAKMP,19262
19263,23,TCP,HPSERVICE,19263
19264,8000,TCP,SSH,19264
19265,161,TCP,IRDMI,19265
19266,137,TCP,HTTPS,19266
19267,443,TCP,HTTPS,19267
19268,1344,TCP,ISAKMP,19268
19269,53,UDP,DNS,19269
19270,443,UDP,DAAPD,19270
19271,53,UDP,ZABBIX,19271
19272,53,UDP,HTTP,19272
19273,5432,UDP,IMAP4,19273
19274,5900,UDP,HTTP,19274
19275,8000,UDP,MDS,19275
19276,3689,TCP,TELNET,19276
19277,80,TCP,HTTP,19277
19278,3389,UDP,ZABBIX,19278
19279,993,TCP,IMAP4,19279
19280,6969,TCP,ZABBIX,19280
19281,8000,TCP,MSSQL,19281
19282,137,TCP,XMPP,19282
19283,1344,UDP,MDS,19283
19284,161,TCP,IMAP4,19284
19285,6969,TCP,IMAP4,19285
19286,6969,TCP,ZABBIX,19286
19287,5061,UDP,TELNET,19287
19288,1433,TCP,EMS,19288
19289,137,TCP,HTTPS,19289
19290,5222,TCP,HTTPS,19290
19291,6969,TCP,DNS,19291
19292,23,TCP,HPSERVICE,19292
19293,10001,TCP,MDS,19293
19294,445,UDP,DNS,19294
19295,443,TCP,HTTPS,19295
19296,587,TCP,ZABBIX,19296
19297,5222,TCP,MDS,19297
19298,1344,TCP,TELNET,19298
19299,3128,UDP,SNMP,19299
19300,443,TCP,HTTPS,19300
19301,3689,TCP,SSH,19301
19302,443,TCP,ACMSODA,19302
19303,53,TCP,MSSQL,19303
19304,443,TCP,IRDMI,19304
19305,1344,TCP,IMAP4,19305
19306,993,TCP,IMAP4,19306
19307,137,TCP,MSSQL,19307
19308,1344,UDP,EMS,19308
19309,443,UDP,HTTPS,19309
19310,1433,UDP,EMS,19310
19311,1344,UDP,MDS,19311
19312,3389,UDP,PGSQL,19312
19313,22,TCP,UBIQUITY,19313
19314,587,UDP,HPSERVICE,19314
19315,22,UDP,PGSQL,19315
19316,5060,UDP,FTP,19316
19317,9100,UDP,MDS,19317
19318,6969,TCP,DNS,19318
19319,3689,TCP,SIP,19319
19320,22,UDP,TELNET,19320
19321,5222,TCP,MDS,19321
19322,445,TCP,IRDMI,19322
19323,137,TCP,HTTPS,19323
19324,8080,TCP,ZABBIX,19324
19325,5222,UDP,SSH,19325
19326,5432,UDP,HTTPS,19326
19327,8080,UDP,EMS,19327
19328,445,TCP,HTTP,19328
19329,500,TCP,PGSQL,19329
19330,443,TCP,HTTPS,19330
19331,5060,UDP,TELNET,19331
19332,1433,TCP,ZABBIX,19332
19333,5222,TCP,ICAP,19333
19334,3128,UDP,ICAP,19334
19335,445,TCP,SSH,19335
19336,1344,TCP,NETBIOS,19336
19337,6969,UDP,DNS,19337
19338,443,UDP,FTP,19338
19339,3689,UDP,FTP,19339
19340,138,UDP,ZABBIX,19340
19341,137,TCP,HTTPS,19341
19342,138,TCP,MSSQL,19342
19343,1344,UDP,MDS,19343
19344,80,UDP,DAAPD,19344
19345,5060,UDP,EMS,19345
19346,6969,TCP,EMS,19346
19347,587,UDP,EMS,19347
19348,443,TCP,HTTP,19348
19349,9100,UDP,SNMP,19349
19350,443,TCP,HTTPS,19350
19351,443,TCP,HTTPS,19351
19352,3389,TCP,IRDMI,19352
19353,161,UDP,FTP,19353
19354,10051,UDP,HPSERVICE,19354
19355,9100,TCP,SSH,19355
19356,8080,UDP,ACMSODA,19356
19357,6969,TCP,EMS,19357
19358,161,TCP,IRDMI,19358
19359,138,TCP,ACMSODA,19359
19360,3689,UDP,SNMP,19360
19361,443,TCP,HTTPS,19361
19362,443,TCP,HTTPS,19362
19363,10051,UDP,SIP,19363
19364,23,TCP,VNC,19364
19365,443,UDP,HTTPS,19365
19366,53,UDP,DNS,19366
19367,993,UDP,PGSQL,19367
19368,138,TCP,ISAKMP,19368
19369,500,UDP,RDP,19369
19370,80,UDP,IRDMI,19370
19371,53,UDP,DNS,19371
19372,21,UDP,ICAP,19372
19373,8000,UDP,SIP,19373
19374,5432,TCP,VNC,19374
19375,1344,TCP,TELNET,19375
19376,53,UDP,TELNET,19376
19377,443,TCP,HTTPS,19377
19378,443,TCP,HTTPS,19378
19379,6969,TCP,MDS,19379
19380,1344,UDP,ISAKMP,19380
19381,10051,TCP,SIP,19381
19382,443,TCP,HTTPS,19382
19383,993,UDP,PGSQL,19383
19384,443,UDP,TELNET,19384
19385,3689,TCP,HPSERVICE,19385
19386,443,TCP,HTTPS,19386
19387,445,UDP,DAAPD,19387
19388,5060,TCP,HTTPS,19388
19389,993,UDP,DAAPD,19389
19390,161,TCP,IMAP4,19390
19391,138,UDP,IRDMI,19391
19392,443,TCP,HTTPS,19392
19393,443,TCP,HTTPS,19393
19394,443,TCP,HTTPS,19394
19395,587,TCP,TELNET,19395
19396,445,UDP,HTTPS,19396
19397,8080,TCP,EMS,19397
19398,9100,UDP,NETBIOS,19398
19399,3128,UDP,IRDMI,19399
19400,443,TCP,HTTPS,19400
19401,1344,TCP,UBIQUITY,19401
19402,443,TCP,HTTPS,19402
19403,53,TCP,MSSQL,19403
19404,53,UDP,TELNET,19404
19405,500,UDP,RDP,19405
19406,500,TCP,DNS,19406
19407,3389,UDP,SNMP,19407
19408,443,TCP,HTTPS,19408
19409,993,UDP,PGSQL,19409
19410,21,TCP,FTP,19410
19411,1433,TCP,EMS,19411
19412,23,TCP,HPSERVICE,19412
19413,3389,UDP,SNMP,19413
19414,53,TCP,SNMP,19414
19415,443,TCP,HTTPS,19415
19416,10051,UDP,VNC,19416
19417,3689,TCP,HTTP,19417
19418,80,TCP,HTTP,19418
19419,443,TCP,UBIQUITY,19419
19420,3689,UDP,MSSQL,19420
19421,137,TCP,MDS,19421
19422,5061,UDP,ACMSODA,19422
19423,5061,UDP,HTTPS,19423
19424,5222,TCP,EMS,19424
19425,587,UDP,FTP,19425
19426,53,UDP,DNS,19426
19427,53,UDP,DNS,19427
19428,993,TCP,RDP,19428
19429,3689,TCP,ICAP,19429
19430,138,TCP,HPSERVICE,19430
19431,443,TCP,HTTPS,19431
19432,138,TCP,VNC,19432
19433,5900,UDP,ISAKMP,19433
19434,22,UDP,ISAKMP,19434
19435,5900,UDP,EMS,19435
19436,9100,UDP,DAAPD,19436
19437,5060,TCP,ACMSODA,19437
19438,500,UDP,DAAPD,19438
19439,5900,TCP,SNMP,19439
19440,500,UDP,DNS,19440
19441,443,TCP,HTTPS,19441
19442,443,TCP,HTTPS,19442
19443,6969,UDP,RDP,19443
19444,161,UDP,UBIQUITY,19444
19445,10001,TCP,MDS,19445
19446,3689,TCP,PGSQL,19446
19447,5432,UDP,MSSQL,19447
19448,5900,TCP,MSSQL,19448
19449,161,UDP,SSH,19449
19450,443,TCP,HTTPS,19450
19451,80,TCP,HTTPS,19451
19452,993,UDP,TELNET,19452
19453,5900,UDP,SIP,19453
19454,5432,TCP,ACMSODA,19454
19455,22,TCP,HTTP,19455
19456,8000,TCP,ICAP,19456
19457,5060,UDP,DAAPD,19457
19458,443,TCP,UBIQUITY,19458
19459,443,TCP,HTTPS,19459
19460,443,TCP,HTTPS,19460
19461,443,TCP,UBIQUITY,19461
19462,443,UDP,MDS,19462
19463,443,TCP,HTTPS,19463
19464,1344,TCP,TELNET,19464
19465,21,TCP,FTP,19465
19466,500,UDP,RDP,19466
19467,161,UDP,SSH,19467
19468,445,UDP,DNS,19468
19469,21,TCP,VNC,19469
19470,445,TCP,MDS,19470
19471,22,TCP,UBIQUITY,19471
19472,587,UDP,EMS,19472
19473,5432,TCP,ZABBIX,19473
19474,80,UDP,SIP,19474
19475,53,UDP,MDS,19475
19476,22,TCP,ZABBIX,19476
19477,443,UDP,SNMP,19477
19478,5900,UDP,MSSQL,19478
19479,80,UDP,DAAPD,19479
19480,137,TCP,ISAKMP,19480
19481,3689,TCP,HPSERVICE,19481
19482,1433,TCP,ISAKMP,19482
19483,22,TCP,ZABBIX,19483
19484,137,UDP,HTTPS,19484
19485,138,UDP,HPSERVICE,19485
19486,9100,UDP,ACMSODA,19486
19487,6969,TCP,UBIQUITY,19487
19488,445,TCP,RDP,19488
19489,80,UDP,ZABBIX,19489
19490,993,TCP,NETBIOS,19490
19491,5432,UDP,HTTPS,19491
19492,80,TCP,HTTP,19492
19493,443,UDP,ICAP,19493
19494,23,UDP,SIP,19494
19495,443,TCP,RDP,19495
19496,500,UDP,SNMP,19496
19497,443,UDP,MDS,19497
19498,5900,TCP,TELNET,19498
19499,443,TCP,HTTPS,19499
19500,5060,TCP,NETBIOS,19500
19501,3689,UDP,MDS,19501
19502,1344,TCP,TELNET,19502
19503,53,UDP,DNS,19503
19504,3689,TCP,TELNET,19504
19505,5222,UDP,SSH,19505
19506,23,TCP,RDP,19506
19507,993,UDP,MDS,19507
19508,10001,UDP,SSH,19508
19509,138,TCP,IRDMI,19509
19510,21,TCP,FTP,19510
19511,21,UDP,MSSQL,19511
19512,3128,TCP,HPSERVICE,19512
19513,5900,UDP,EMS,19513
19514,587,UDP,HTTP,19514
19515,22,UDP,ISAKMP,19515
19516,23,UDP,MDS,19516
19517,443,TCP,HTTPS,19517
19518,3689,TCP,SSH,19518
19519,3128,UDP,ICAP,19519
19520,3389,UDP,SNMP,19520
19521,5060,UDP,XMPP,19521
19522,500,UDP,SNMP,19522
19523,443,TCP,HTTPS,19523
19524,137,TCP,HTTPS,19524
19525,5060,TCP,NETBIOS,19525
19526,443,TCP,HTTPS,19526
19527,500,TCP,SIP,19527
19528,445,UDP,TELNET,19528
19529,5432,UDP,HTTPS,19529
19530,6969,TCP,IMAP4,19530
19531,53,UDP,TELNET,19531
19532,993,UDP,HPSERVICE,19532
19533,443,TCP,HTTP,19533
19534,10051,UDP,MSSQL,19534
19535,138,TCP,ISAKMP,19535
19536,80,UDP,ZABBIX,19536
19537,3689,UDP,TELNET,19537
19538,443,TCP,HTTPS,19538
19539,10051,UDP,PGSQL,19539
19540,5432,TCP,XMPP,19540
19541,587,TCP,PGSQL,19541
19542,5900,UDP,EMS,19542
19543,5900,TCP,EMS,19543
19544,443,TCP,HTTPS,19544
19545,5900,UDP,MSSQL,19545
19546,1433,UDP,XMPP,19546
19547,5432,UDP,IMAP4,19547
19548,21,TCP,FTP,19548
19549,3689,TCP,TELNET,19549
19550,5432,UDP,ISAKMP,19550
19551,5060,TCP,HPSERVICE,19551
19552,5222,TCP,HTTPS,19552
19553,5900,UDP,SSH,19553
19554,9100,UDP,DAAPD,19554
19555,22,TCP,ZABBIX,19555
19556,1344,UDP,PGSQL,19556
19557,500,UDP,DAAPD,19557
19558,443,TCP,HTTPS,19558
19559,53,TCP,MDS,19559
19560,53,UDP,DNS,19560
19561,443,TCP,HTTPS,19561
19562,8000,UDP,SIP,19562
19563,443,TCP,HTTPS,19563
19564,443,TCP,HTTPS,19564
19565,3389,UDP,SNMP,19565
19566,10001,TCP,FTP,19566
19567,5432,UDP,ICAP,19567
19568,9100,TCP,IMAP4,19568
19569,3689,TCP,HPSERVICE,19569
19570,993,TCP,ISAKMP,19570
19571,161,UDP,UBIQUITY,19571
19572,9100,UDP,ZABBIX,19572
19573,161,UDP,DNS,19573
19574,9100,TCP,SSH,19574
19575,10051,UDP,HPSERVICE,19575
19576,443,TCP,HTTPS,19576
19577,3689,UDP,MSSQL,19577
19578,3389,TCP,HPSERVICE,19578
19579,21,TCP,EMS,19579
19580,443,TCP,HTTPS,19580
19581,22,TCP,SSH,19581
19582,21,UDP,SIP,19582
19583,443,TCP,HTTPS,19583
19584,443,TCP,HTTPS,19584
19585,500,TCP,PGSQL,19585
19586,22,UDP,VNC,19586
19587,993,TCP,RDP,19587
19588,3389,TCP,SSH,19588
19589,80,TCP,HTTP,19589
19590,3128,UDP,ICAP,19590
19591,445,UDP,MDS,19591
19592,5061,TCP,PGSQL,19592
19593,21,TCP,FTP,19593
19594,443,TCP,HTTPS,19594
19595,993,UDP,TELNET,19595
19596,21,UDP,MSSQL,19596
19597,500,UDP,DNS,19597
19598,1344,UDP,HTTPS,19598
19599,3389,TCP,SSH,19599
19600,53,UDP,DNS,19600
19601,443,TCP,HTTPS,19601
19602,3389,TCP,MDS,19602
19603,53,UDP,DNS,19603
19604,5900,TCP,RDP,19604
19605,21,UDP,SIP,19605
19606,22,UDP,PGSQL,19606
19607,8080,UDP,ISAKMP,19607
19608,443,TCP,HTTPS,19608
19609,443,TCP,HTTPS,19609
19610,443,TCP,HTTPS,19610
19611,993,UDP,PGSQL,19611
19612,6969,UDP,DNS,19612
19613,443,TCP,HTTPS,19613
19614,443,TCP,HTTPS,19614
19615,443,TCP,HTTPS,19615
19616,587,UDP,EMS,19616
19617,443,TCP,DAAPD,19617
19618,443,UDP,HTTPS,19618
19619,10051,TCP,SSH,19619
19620,22,TCP,HTTP,19620
19621,23,TCP,HTTP,19621
19622,6969,TCP,IMAP4,19622
19623,587,UDP,XMPP,19623
19624,993,TCP,RDP,19624
19625,23,UDP,MDS,19625
19626,1344,TCP,IMAP4,19626
19627,1433,TCP,EMS,19627
19628,161,UDP,SSH,19628
19629,500,UDP,XMPP,19629
19630,3128,TCP,HPSERVICE,19630
19631,23,TCP,VNC,19631
19632,3689,UDP,HPSERVICE,19632
19633,1344,UDP,MDS,19633
19634,1433,TCP,MSSQL,19634
19635,5060,UDP,PGSQL,19635
19636,3689,TCP,SIP,19636
19637,5061,TCP,RDP,19637
19638,587,UDP,RDP,19638
19639,443,TCP,HTTPS,19639
19640,500,TCP,PGSQL,19640
19641,80,UDP,EMS,19641
19642,80,TCP,FTP,19642
19643,138,UDP,IRDMI,19643
19644,5432,UDP,HTTPS,19644
19645,161,TCP,DAAPD,19645
19646,21,TCP,DAAPD,19646
19647,6969,UDP,RDP,19647
19648,1344,TCP,ISAKMP,19648
19649,10051,TCP,SIP,19649
19650,5222,TCP,SNMP,19650
19651,993,TCP,IMAP4,19651
19652,9100,UDP,PGSQL,19652
19653,1344,TCP,TELNET,19653
19654,1344,UDP,SSH,19654
19655,443,TCP,HTTPS,19655
19656,5432,UDP,MSSQL,19656
19657,993,UDP,FTP,19657
19658,23,TCP,IMAP4,19658
19659,21,UDP,MSSQL,19659
19660,5432,TCP,DAAPD,19660
19661,80,UDP,EMS,19661
19662,21,UDP,SSH,19662
19663,445,UDP,HTTPS,19663
19664,5061,TCP,ACMSODA,19664
19665,80,TCP,HTTP,19665
19666,138,TCP,RDP,19666
19667,5061,UDP,PGSQL,19667
19668,161,TCP,DAAPD,19668
19669,23,UDP,MDS,19669
19670,500,TCP,HTTPS,19670
19671,993,UDP,TELNET,19671
19672,1344,TCP,TELNET,19672
19673,161,TCP,HTTPS,19673
19674,5432,TCP,RDP,19674
19675,1344,TCP,HTTPS,19675
19676,6969,TCP,SIP,19676
19677,5900,UDP,MDS,19677
19678,993,TCP,IMAP4,19678
19679,5060,TCP,NETBIOS,19679
19680,80,TCP,HTTP,19680
19681,5222,TCP,ICAP,19681
19682,53,UDP,DNS,19682
19683,500,UDP,DAAPD,19683
19684,1344,UDP,PGSQL,19684
19685,443,TCP,HTTPS,19685
19686,1433,UDP,HPSERVICE,19686
19687,80,UDP,IRDMI,19687
19688,443,UDP,ACMSODA,19688
19689,443,TCP,HTTPS,19689
19690,3389,UDP,MSSQL,19690
19691,443,TCP,HTTPS,19691
19692,3389,UDP,PGSQL,19692
19693,21,TCP,FTP,19693
19694,21,UDP,MSSQL,19694
19695,5900,TCP,IRDMI,19695
19696,443,TCP,HTTPS,19696
19697,993,UDP,TELNET,19697
19698,21,UDP,ICAP,19698
19699,993,UDP,TELNET,19699
19700,5060,UDP,XMPP,19700
19701,443,UDP,ICAP,19701
19702,3389,UDP,SNMP,19702
19703,8080,TCP,ACMSODA,19703
19704,443,TCP,UBIQUITY,19704
19705,3689,TCP,SSH,19705
19706,23,TCP,HPSERVICE,19706
19707,22,UDP,SIP,19707
19708,80,TCP,HTTP,19708
19709,161,UDP,SNMP,19709
19710,443,TCP,HTTPS,19710
19711,80,TCP,EMS,19711
19712,137,TCP,PGSQL,19712
19713,993,UDP,DAAPD,19713
19714,22,UDP,SIP,19714
19715,993,TCP,NETBIOS,19715
19716,3689,UDP,SSH,19716
19717,21,TCP,EMS,19717
19718,3689,UDP,MSSQL,19718
19719,443,TCP,HTTPS,19719
19720,8080,UDP,TELNET,19720
19721,23,UDP,FTP,19721
19722,443,UDP,HTTPS,19722
19723,5060,TCP,HPSERVICE,19723
19724,1433,TCP,MDS,19724
19725,21,TCP,FTP,19725
19726,443,TCP,HTTPS,19726
19727,443,TCP,HTTPS,19727
19728,993,TCP,SSH,19728
19729,8080,UDP,TELNET,19729
19730,1344,TCP,TELNET,19730
19731,443,TCP,HTTPS,19731
19732,443,TCP,HTTPS,19732
19733,500,UDP,DAAPD,19733
19734,587,UDP,FTP,19734
19735,1433,TCP,PGSQL,19735
19736,137,UDP,XMPP,19736
19737,587,UDP,XMPP,19737
19738,161,TCP,IRDMI,19738
19739,587,TCP,PGSQL,19739
19740,443,TCP,HTTPS,19740
19741,8000,UDP,ICAP,19741
19742,3389,UDP,IRDMI,19742
19743,80,TCP,EMS,19743
19744,21,UDP,VNC,19744
19745,53,TCP,FTP,19745
19746,3128,UDP,ICAP,19746
19747,443,TCP,HTTPS,19747
19748,138,TCP,IRDMI,19748
19749,23,TCP,RDP,19749
19750,138,TCP,IRDMI,19750
19751,500,TCP,PGSQL,19751
19752,1433,UDP,MSSQL,19752
19753,9100,TCP,IRDMI,19753
19754,1344,TCP,ISAKMP,19754
19755,5900,TCP,PGSQL,19755
19756,443,TCP,IMAP4,19756
19757,8080,TCP,FTP,19757
19758,6969,UDP,ICAP,19758
19759,445,TCP,TELNET,19759
19760,80,UDP,XMPP,19760
19761,10051,UDP,PGSQL,19761
19762,8080,UDP,ICAP,19762
19763,5900,UDP,MSSQL,19763
19764,21,TCP,IMAP4,19764
19765,443,TCP,HTTPS,19765
19766,161,TCP,IRDMI,19766
19767,500,UDP,FTP,19767
19768,443,TCP,RDP,19768
19769,23,UDP,XMPP,19769
19770,80,TCP,HTTPS,19770
19771,443,TCP,HTTPS,19771
19772,23,UDP,SIP,19772
19773,23,UDP,IRDMI,19773
19774,9100,TCP,FTP,19774
19775,1433,TCP,MDS,19775
19776,443,TCP,HTTPS,19776
19777,10051,TCP,VNC,19777
19778,6969,TCP,HTTPS,19778
19779,6969,TCP,IMAP4,19779
19780,80,TCP,HTTP,19780
19781,993,TCP,HTTP,19781
19782,21,TCP,EMS,19782
19783,5432,UDP,MSSQL,19783
19784,8000,TCP,HTTPS,19784
19785,500,UDP,TELNET,19785
19786,1344,UDP,ISAKMP,19786
19787,21,UDP,UBIQUITY,19787
19788,5222,TCP,MDS,19788
19789,5432,TCP,SSH,19789
19790,3389,TCP,ACMSODA,19790
19791,443,TCP,HTTPS,19791
19792,500,UDP,RDP,19792
19793,138,TCP,ISAKMP,19793
19794,5222,TCP,EMS,19794
19795,587,UDP,XMPP,19795
19796,5222,UDP,EMS,19796
19797,22,UDP,ISAKMP,19797
19798,5061,UDP,PGSQL,19798
19799,445,TCP,IRDMI,19799
19800,443,TCP,HTTPS,19800
19801,443,TCP,HTTPS,19801
19802,1344,UDP,MDS,19802
19803,8080,UDP,MSSQL,19803
19804,53,UDP,XMPP,19804
19805,22,TCP,SSH,19805
19806,1344,TCP,UBIQUITY,19806
19807,80,UDP,SIP,19807
19808,8000,TCP,SSH,19808
19809,21,TCP,IMAP4,19809
19810,443,TCP,HTTPS,19810
19811,3689,TCP,PGSQL,19811
19812,5900,TCP,ZABBIX,19812
19813,80,TCP,HTTP,19813
19814,21,TCP,FTP,19814
19815,587,UDP,XMPP,19815
19816,5900,UDP,HTTP,19816
19817,138,UDP,IRDMI,19817
19818,5061,TCP,RDP,19818
19819,161,UDP,SSH,19819
19820,53,UDP,DNS,19820
19821,8080,TCP,ACMSODA,19821
19822,22,UDP,IRDMI,19822
19823,8080,UDP,ICAP,19823
19824,443,TCP,HTTPS,19824
19825,5432,UDP,ISAKMP,19825
19826,5222,UDP,DNS,19826
19827,445,TCP,IRDMI,19827
19828,993,TCP,RDP,19828
19829,993,TCP,PGSQL,19829
19830,53,UDP,DNS,19830
19831,443,TCP,HTTPS,19831
19832,21,UDP,SIP,19832
19833,23,UDP,SIP,19833
19834,137,TCP,ACMSODA,19834
19835,500,UDP,XMPP,19835
19836,80,TCP,HTTP,19836
19837,10001,UDP,SSH,19837
19838,10051,UDP,ISAKMP,19838
19839,6969,TCP,ZABBIX,19839
19840,8080,UDP,ACMSODA,19840
19841,53,UDP,DNS,19841
19842,80,TCP,HTTPS,19842
19843,53,UDP,ISAKMP,19843
19844,9100,TCP,FTP,19844
19845,3128,UDP,SNMP,19845
19846,5900,UDP,ICAP,19846
19847,10051,UDP,SIP,19847
19848,587,UDP,XMPP,19848
19849,53,UDP,DNS,19849
19850,443,TCP,HTTPS,19850
19851,23,TCP,HPSERVICE,19851
19852,5900,UDP,MSSQL,19852
19853,9100,UDP,DAAPD,19853
19854,993,TCP,RDP,19854
19855,23,UDP,MDS,19855
19856,443,TCP,HTTPS,19856
19857,1433,TCP,PGSQL,19857
19858,993,UDP,TELNET,19858
19859,3389,UDP,IRDMI,19859
19860,5432,UDP,RDP,19860
19861,1344,TCP,TELNET,19861
19862,443,TCP,HTTPS,19862
19863,443,UDP,ISAKMP,19863
19864,161,TCP,XMPP,19864
19865,587,UDP,IRDMI,19865
19866,5900,UDP,ICAP,19866
19867,3689,UDP,HPSERVICE,19867
19868,443,TCP,HTTPS,19868
19869,3128,UDP,SNMP,19869
19870,10001,TCP,MDS,19870
19871,9100,UDP,PGSQL,19871
19872,23,TCP,VNC,19872
19873,53,UDP,DNS,19873
19874,5060,UDP,TELNET,19874
19875,10001,UDP,ICAP,19875
19876,5061,UDP,HTTPS,19876
19877,3689,TCP,TELNET,19877
19878,21,TCP,FTP,19878
19879,3689,UDP,FTP,19879
19880,21,TCP,DAAPD,19880
19881,5222,TCP,HTTPS,19881
19882,1344,TCP,DAAPD,19882
19883,993,TCP,FTP,19883
19884,1433,TCP,EMS,19884
19885,22,TCP,UBIQUITY,19885
19886,5060,UDP,FTP,19886
19887,443,TCP,HTTPS,19887
19888,10051,UDP,MSSQL,19888
19889,3689,UDP,SNMP,19889
19890,10051,UDP,ICAP,19890
19891,443,TCP,HTTPS,19891
19892,5061,UDP,ACMSODA,19892
19893,587,TCP,HTTP,19893
19894,443,UDP,DAAPD,19894
19895,445,TCP,MDS,19895
19896,443,TCP,HTTPS,19896
19897,587,TCP,PGSQL,19897
19898,10001,UDP,PGSQL,19898
19899,21,UDP,RDP,19899
19900,5432,UDP,MSSQL,19900
19901,80,TCP,FTP,19901
19902,443,TCP,HTTPS,19902
19903,22,TCP,VNC,19903
19904,5900,UDP,NETBIOS,19904
19905,5222,TCP,MDS,19905
19906,22,UDP,SIP,19906
19907,9100,UDP,SIP,19907
19908,8080,UDP,TELNET,19908
19909,137,UDP,HTTPS,19909
19910,443,TCP,HTTPS,19910
19911,443,TCP,HTTPS,19911
19912,500,TCP,DNS,19912
19913,21,UDP,ICAP,19913
19914,3128,UDP,ZABBIX,19914
19915,1344,UDP,MDS,19915
19916,993,TCP,SSH,19916
19917,3128,UDP,ICAP,19917
19918,161,UDP,UBIQUITY,19918
19919,443,TCP,HTTPS,19919
19920,10051,UDP,SIP,19920
19921,138,TCP,IRDMI,19921
19922,21,TCP,FTP,19922
19923,10001,UDP,HTTP,19923
19924,6969,TCP,MDS,19924
19925,80,TCP,MSSQL,19925
19926,443,TCP,UBIQUITY,19926
19927,10051,UDP,DNS,19927
19928,3689,TCP,SNMP,19928
19929,3128,UDP,ICAP,19929
19930,5061,TCP,VNC,19930
19931,500,TCP,DNS,19931
19932,53,UDP,DNS,19932
19933,443,UDP,UBIQUITY,19933
19934,993,TCP,PGSQL,19934
19935,500,UDP,ICAP,19935
19936,8080,UDP,ZABBIX,19936
19937,5900,TCP,MSSQL,19937
19938,445,UDP,SNMP,19938
19939,10001,TCP,ZABBIX,19939
19940,10051,UDP,ICAP,19940
19941,22,UDP,PGSQL,19941
19942,445,TCP,TELNET,19942
19943,8080,UDP,XMPP,19943
19944,3389,TCP,SSH,19944
19945,5061,UDP,HTTPS,19945
19946,5060,UDP,HTTPS,19946
19947,23,TCP,HPSERVICE,19947
19948,443,UDP,DAAPD,19948
19949,21,TCP,FTP,19949
19950,993,TCP,NETBIOS,19950
19951,993,UDP,DAAPD,19951
19952,1344,UDP,HTTP,19952
19953,3128,UDP,ICAP,19953
19954,21,TCP,FTP,19954
19955,9100,TCP,RDP,19955
19956,161,UDP,SNMP,19956
19957,5432,UDP,MSSQL,19957
19958,80,UDP,ZABBIX,19958
19959,443,TCP,HTTPS,19959
19960,1433,UDP,ACMSODA,19960
19961,8080,UDP,ZABBIX,19961
19962,443,TCP,HTTPS,19962
19963,445,UDP,DNS,19963
19964,53,TCP,MSSQL,19964
19965,80,UDP,SIP,19965
19966,443,TCP,HTTPS,19966
19967,138,UDP,IRDMI,19967
19968,8080,TCP,EMS,19968
19969,8080,TCP,ZABBIX,19969
19970,5060,TCP,HPSERVICE,19970
19971,5900,UDP,FTP,19971
19972,137,TCP,XMPP,19972
19973,5060,UDP,MDS,19973
19974,5061,TCP,PGSQL,19974
19975,587,TCP,PGSQL,19975
19976,137,TCP,XMPP,19976
19977,3389,UDP,DNS,19977
19978,8080,TCP,DAAPD,19978
19979,8080,UDP,XMPP,19979
19980,53,UDP,DNS,19980
19981,5060,TCP,HTTPS,19981
19982,53,UDP,XMPP,19982
19983,6969,TCP,HTTPS,19983
19984,80,UDP,SIP,19984
19985,587,UDP,IRDMI,19985
19986,10001,UDP,SSH,19986
19987,1344,TCP,IMAP4,19987
19988,500,TCP,DNS,19988
19989,500,UDP,VNC,19989
19990,443,TCP,RDP,19990
19991,5222,TCP,ICAP,19991
19992,1433,UDP,ZABBIX,19992
19993,993,UDP,PGSQL,19993
19994,993,TCP,SSH,19994
19995,443,TCP,HTTPS,19995
19996,23,TCP,HPSERVICE,19996
19997,22,TCP,ZABBIX,19997
19998,587,TCP,MDS,19998
19999,10051,TCP,ZABBIX,19999
20000,3389,TCP,MSSQL,20000
20001,443,UDP,FTP,20001
20002,443,UDP,MDS,20002
20003,161,TCP,DAAPD,20003
20004,993,UDP,RDP,20004
20005,137,UDP,IRDMI,20005
20006,1433,UDP,MSSQL,20006
20007,443,TCP,HTTPS,20007
20008,993,TCP,NETBIOS,20008
20009,21,TCP,EMS,20009
20010,6969,TCP,ZABBIX,20010
20011,5060,UDP,MSSQL,20011
20012,53,UDP,DNS,20012
20013,1344,TCP,TELNET,20013
20014,8080,TCP,EMS,20014
20015,21,TCP,FTP,20015
20016,53,UDP,DNS,20016
20017,53,UDP,DNS,20017
20018,587,UDP,IRDMI,20018
20019,1433,TCP,HTTPS,20019
20020,138,TCP,IRDMI,20020
20021,1433,UDP,SNMP,20021
20022,1344,UDP,ISAKMP,20022
20023,1433,TCP,ZABBIX,20023
20024,500,UDP,RDP,20024
20025,161,TCP,VNC,20025
20026,80,TCP,HTTP,20026
20027,8080,TCP,MSSQL,20027
20028,443,TCP,HTTPS,20028
20029,10001,UDP,PGSQL,20029
20030,3689,UDP,TELNET,20030
20031,443,TCP,HTTPS,20031
20032,443,TCP,RDP,20032
20033,993,TCP,DNS,20033
20034,138,TCP,ICAP,20034
20035,80,TCP,HTTP,20035
20036,137,TCP,RDP,20036
20037,80,UDP,XMPP,20037
20038,80,UDP,ZABBIX,20038
20039,443,TCP,SIP,20039
20040,21,TCP,HPSERVICE,20040
20041,5900,UDP,ICAP,20041
20042,6969,TCP,IMAP4,20042
20043,10001,UDP,ZABBIX,20043
20044,443,TCP,UBIQUITY,20044
20045,993,UDP,SNMP,20045
20046,137,TCP,XMPP,20046
20047,443,TCP,HTTPS,20047
20048,1344,TCP,IMAP4,20048
20049,80,UDP,ZABBIX,20049
20050,443,UDP,HTTPS,20050
20051,21,UDP,HTTPS,20051
20052,443,TCP,HTTPS,20052
20053,500,UDP,RDP,20053
20054,3689,TCP,HPSERVICE,20054
20055,138,TCP,ACMSODA,20055
20056,3689,UDP,MSSQL,20056
20057,3128,UDP,IMAP4,20057
20058,993,UDP,TELNET,20058
20059,443,TCP,HTTPS,20059
20060,3128,UDP,MSSQL,20060
20061,993,TCP,PGSQL,20061
20062,993,TCP,RDP,20062
20063,587,UDP,IRDMI,20063
20064,53,UDP,DNS,20064
20065,161,TCP,RDP,20065
20066,3689,TCP,ICAP,20066
20067,3128,TCP,HTTP,20067
20068,6969,UDP,RDP,20068
20069,3389,UDP,SNMP,20069
20070,445,TCP,MDS,20070
20071,5222,UDP,SNMP,20071
20072,443,TCP,HTTPS,20072
20073,443,UDP,TELNET,20073
20074,21,UDP,ACMSODA,20074
20075,1344,UDP,MDS,20075
20076,5061,TCP,XMPP,20076
20077,500,UDP,FTP,20077
20078,993,UDP,PGSQL,20078
20079,22,UDP,SIP,20079
20080,445,TCP,MSSQL,20080
20081,445,UDP,IMAP4,20081
20082,80,UDP,ZABBIX,20082
20083,8000,TCP,UBIQUITY,20083
20084,137,UDP,VNC,20084
20085,23,TCP,HPSERVICE,20085
20086,23,UDP,TELNET,20086
20087,53,UDP,ZABBIX,20087
20088,445,TCP,MDS,20088
20089,1433,UDP,ZABBIX,20089
20090,5060,TCP,IMAP4,20090
20091,1344,UDP,MDS,20091
20092,10001,TCP,MDS,20092
20093,5061,TCP,VNC,20093
20094,993,TCP,RDP,20094
20095,80,UDP,SNMP,20095
20096,445,TCP,TELNET,20096
20097,5061,UDP,DNS,20097
20098,10001,TCP,EMS,20098
20099,80,TCP,HTTP,20099
20100,138,TCP,UBIQUITY,20100
20101,5060,UDP,DAAPD,20101
20102,443,TCP,DNS,20102
20103,5900,TCP,MDS,20103
20104,443,TCP,DNS,20104
20105,1344,TCP,UBIQUITY,20105
20106,3128,TCP,SSH,20106
20107,8080,UDP,ACMSODA,20107
20108,3389,UDP,RDP,20108
20109,5060,TCP,NETBIOS,20109
20110,138,UDP,IMAP4,20110
20111,5432,UDP,ICAP,20111
20112,10051,UDP,MSSQL,20112
20113,587,UDP,EMS,20113
20114,443,TCP,HTTPS,20114
20115,1344,UDP,ICAP,20115
20116,3128,UDP,IMAP4,20116
20117,5900,UDP,NETBIOS,20117
20118,443,TCP,HTTPS,20118
20119,53,UDP,NETBIOS,20119
20120,10051,UDP,VNC,20120
20121,443,TCP,HTTPS,20121
20122,8080,TCP,DAAPD,20122
20123,22,UDP,TELNET,20123
20124,3128,UDP,IRDMI,20124
20125,1344,TCP,UBIQUITY,20125
20126,443,TCP,HTTPS,20126
20127,10001,TCP,MDS,20127
20128,3128,UDP,ICAP,20128
20129,5222,TCP,FTP,20129
20130,443,TCP,HTTPS,20130
20131,53,TCP,SNMP,20131
20132,1433,UDP,ZABBIX,20132
20133,53,UDP,XMPP,20133
20134,5222,UDP,SNMP,20134
20135,3128,UDP,ICAP,20135
20136,22,UDP,PGSQL,20136
20137,993,TCP,NETBIOS,20137
20138,445,UDP,DNS,20138
20139,1433,TCP,PGSQL,20139
20140,3689,TCP,XMPP,20140
20141,10001,TCP,MDS,20141
20142,5900,TCP,EMS,20142
20143,443,UDP,TELNET,20143
20144,3689,UDP,IRDMI,20144
20145,443,TCP,HTTPS,20145
20146,3389,TCP,IMAP4,20146
20147,443,TCP,HTTPS,20147
20148,8000,TCP,UBIQUITY,20148
20149,993,UDP,SNMP,20149
20150,3389,UDP,PGSQL,20150
20151,22,UDP,SIP,20151
20152,5432,UDP,MSSQL,20152
20153,1344,TCP,UBIQUITY,20153
20154,445,UDP,HTTPS,20154
20155,10001,TCP,IRDMI,20155
20156,443,TCP,HTTPS,20156
20157,587,UDP,FTP,20157
20158,443,TCP,HTTPS,20158
20159,443,TCP,HTTPS,20159
20160,443,TCP,HTTPS,20160
20161,1344,UDP,MDS,20161
20162,993,UDP,DAAPD,20162
20163,21,TCP,HPSERVICE,20163
20164,3689,UDP,SNMP,20164
20165,161,UDP,VNC,20165
20166,5432,UDP,HTTPS,20166
20167,500,TCP,SSH,20167
20168,6969,TCP,IMAP4,20168
20169,5432,TCP,DAAPD,20169
20170,3389,UDP,NETBIOS,20170
20171,21,UDP,ACMSODA,20171
20172,53,UDP,XMPP,20172
20173,445,TCP,PGSQL,20173
20174,587,TCP,VNC,20174
20175,10001,UDP,PGSQL,20175
20176,443,TCP,UBIQUITY,20176
20177,443,TCP,UBIQUITY,20177
20178,443,TCP,HTTPS,20178
20179,80,UDP,SNMP,20179
20180,10051,UDP,MSSQL,20180
20181,53,UDP,VNC,20181
20182,993,UDP,TELNET,20182
20183,993,TCP,DNS,20183
20184,443,TCP,HTTPS,20184
20185,5432,TCP,DAAPD,20185
20186,3128,UDP,HPSERVICE,20186
20187,23,UDP,SIP,20187
20188,161,UDP,UBIQUITY,20188
20189,1344,UDP,DAAPD,20189
20190,80,TCP,HTTPS,20190
20191,80,TCP,FTP,20191
20192,443,TCP,HTTPS,20192
20193,443,TCP,HTTPS,20193
20194,5222,TCP,SIP,20194
20195,22,UDP,MSSQL,20195
20196,443,TCP,HTTPS,20196
20197,5900,UDP,FTP,20197
20198,138,TCP,MSSQL,20198
20199,443,TCP,HTTPS,20199
20200,5900,UDP,MSSQL,20200
20201,443,TCP,HTTPS,20201
20202,443,TCP,HTTPS,20202
20203,587,UDP,HTTP,20203
20204,3128,TCP,HPSERVICE,20204
20205,5432,TCP,XMPP,20205
20206,443,TCP,HTTPS,20206
20207,21,UDP,HTTPS,20207
20208,22,TCP,HTTP,20208
20209,137,UDP,SNMP,20209
20210,161,UDP,PGSQL,20210
20211,443,TCP,HTTPS,20211
20212,22,UDP,SNMP,20212
20213,500,TCP,DNS,20213
20214,443,TCP,HTTPS,20214
20215,21,TCP,FTP,20215
20216,443,UDP,MDS,20216
20217,80,TCP,EMS,20217
20218,443,TCP,HTTPS,20218
20219,10001,UDP,HTTP,20219
20220,21,UDP,XMPP,20220
20221,443,TCP,HTTPS,20221
20222,3128,UDP,ZABBIX,20222
20223,8000,TCP,ICAP,20223
20224,5900,UDP,SIP,20224
20225,3389,UDP,PGSQL,20225
20226,10001,TCP,HPSERVICE,20226
20227,10001,UDP,FTP,20227
20228,993,TCP,NETBIOS,20228
20229,5900,UDP,MSSQL,20229
20230,3128,UDP,IRDMI,20230
20231,1344,UDP,HTTP,20231
20232,138,TCP,IRDMI,20232
20233,10001,TCP,ISAKMP,20233
20234,500,UDP,DNS,20234
20235,161,TCP,TELNET,20235
20236,80,UDP,ZABBIX,20236
20237,500,UDP,XMPP,20237
20238,5061,TCP,VNC,20238
20239,443,TCP,HTTPS,20239
20240,21,UDP,XMPP,20240
20241,1344,TCP,IMAP4,20241
20242,161,TCP,IRDMI,20242
20243,6969,UDP,DAAPD,20243
20244,137,TCP,HTTPS,20244
20245,9100,UDP,MDS,20245
20246,1433,TCP,XMPP,20246
20247,443,TCP,HTTPS,20247
20248,3689,TCP,ICAP,20248
20249,137,TCP,IRDMI,20249
20250,5900,UDP,SIP,20250
20251,443,TCP,HTTPS,20251
20252,21,UDP,XMPP,20252
20253,3689,TCP,TELNET,20253
20254,161,UDP,VNC,20254
20255,1344,UDP,SSH,20255
20256,10001,TCP,MDS,20256
20257,1344,TCP,NETBIOS,20257
20258,53,UDP,DNS,20258
20259,443,UDP,FTP,20259
20260,138,TCP,ACMSODA,20260
20261,22,UDP,SNMP,20261
20262,5060,TCP,IRDMI,20262
20263,587,UDP,RDP,20263
20264,23,TCP,RDP,20264
20265,587,TCP,EMS,20265
20266,8000,TCP,UBIQUITY,20266
20267,5060,UDP,MDS,20267
20268,993,UDP,PGSQL,20268
20269,443,TCP,HTTPS,20269
20270,22,UDP,SIP,20270
20271,500,TCP,PGSQL,20271
20272,138,UDP,MDS,20272
20273,443,TCP,HTTPS,20273
20274,22,UDP,PGSQL,20274
20275,8080,TCP,ZABBIX,20275
20276,5061,UDP,HTTPS,20276
20277,443,TCP,HTTPS,20277
20278,587,UDP,TELNET,20278
20279,80,TCP,HPSERVICE,20279
20280,10001,TCP,HPSERVICE,20280
20281,3389,TCP,MDS,20281
20282,5222,UDP,EMS,20282
20283,587,TCP,ACMSODA,20283
20284,443,TCP,HTTPS,20284
20285,5222,TCP,EMS,20285
20286,5900,UDP,ISAKMP,20286
20287,5900,UDP,ISAKMP,20287
20288,5060,UDP,RDP,20288
20289,993,TCP,RDP,20289
20290,445,TCP,PGSQL,20290
20291,22,UDP,PGSQL,20291
20292,443,UDP,HTTPS,20292
20293,443,UDP,FTP,20293
20294,443,TCP,HTTPS,20294
20295,23,UDP,ICAP,20295
20296,9100,UDP,DAAPD,20296
20297,5432,UDP,ACMSODA,20297
20298,3128,UDP,ICAP,20298
20299,80,UDP,HTTP,20299
20300,53,UDP,DNS,20300
20301,1433,TCP,EMS,20301
20302,21,TCP,FTP,20302
20303,8000,TCP,MSSQL,20303
20304,138,UDP,PGSQL,20304
20305,5900,UDP,HTTP,20305
20306,445,UDP,HTTP,20306
20307,6969,TCP,IMAP4,20307
20308,500,UDP,DAAPD,20308
20309,21,TCP,FTP,20309
20310,1344,TCP,TELNET,20310
20311,5900,UDP,MDS,20311
20312,993,TCP,SSH,20312
20313,10001,UDP,SSH,20313
20314,53,UDP,DNS,20314
20315,1344,TCP,TELNET,20315
20316,443,TCP,HTTPS,20316
20317,53,UDP,DNS,20317
20318,21,TCP,EMS,20318
20319,10001,UDP,SNMP,20319
20320,500,TCP,SSH,20320
20321,587,UDP,HTTP,20321
20322,5900,TCP,MSSQL,20322
20323,137,TCP,RDP,20323
20324,80,TCP,HTTP,20324
20325,1433,TCP,UBIQUITY,20325
20326,443,TCP,HTTPS,20326
20327,443,UDP,SNMP,20327
20328,21,UDP,SIP,20328
20329,138,TCP,ACMSODA,20329
20330,3689,TCP,HPSERVICE,20330
20331,500,UDP,XMPP,20331
20332,137,TCP,ACMSODA,20332
20333,23,UDP,MDS,20333
20334,443,TCP,HTTPS,20334
20335,1344,TCP,UBIQUITY,20335
20336,443,TCP,HTTPS,20336
20337,5060,UDP,FTP,20337
20338,5061,TCP,VNC,20338
20339,3128,UDP,SNMP,20339
20340,1344,UDP,HTTPS,20340
20341,3689,UDP,FTP,20341
20342,587,TCP,PGSQL,20342
20343,53,TCP,MSSQL,20343
20344,3128,TCP,SSH,20344
20345,8080,TCP,ZABBIX,20345
20346,80,TCP,FTP,20346
20347,443,UDP,IRDMI,20347
20348,10051,UDP,PGSQL,20348
20349,443,TCP,HTTPS,20349
20350,993,UDP,FTP,20350
20351,445,UDP,DAAPD,20351
20352,3389,TCP,SSH,20352
20353,5222,TCP,TELNET,20353
20354,443,TCP,HTTPS,20354
20355,10001,UDP,SSH,20355
20356,443,TCP,HTTPS,20356
20357,1344,UDP,ICAP,20357
20358,443,TCP,HTTPS,20358
20359,443,TCP,HTTPS,20359
20360,8080,UDP,HPSERVICE,20360
20361,6969,TCP,HTTPS,20361
20362,3128,UDP,SNMP,20362
20363,993,UDP,RDP,20363
20364,993,TCP,SSH,20364
20365,10051,UDP,ACMSODA,20365
20366,5060,TCP,ICAP,20366
20367,5222,TCP,HTTPS,20367
20368,443,TCP,HTTPS,20368
20369,500,UDP,VNC,20369
20370,500,TCP,PGSQL,20370
20371,443,TCP,HTTPS,20371
20372,5900,UDP,SIP,20372
20373,5432,UDP,IMAP4,20373
20374,5060,UDP,MDS,20374
20375,443,TCP,HTTPS,20375
20376,1433,UDP,ZABBIX,20376
20377,5222,TCP,EMS,20377
20378,138,UDP,IRDMI,20378
20379,3689,TCP,HPSERVICE,20379
20380,8080,UDP,EMS,20380
20381,21,UDP,MSSQL,20381
20382,161,TCP,IMAP4,20382
20383,443,TCP,HTTPS,20383
20384,3389,UDP,IRDMI,20384
20385,443,TCP,HTTPS,20385
20386,8080,TCP,ACMSODA,20386
20387,1433,TCP,EMS,20387
20388,443,TCP,HTTPS,20388
20389,443,TCP,VNC,20389
20390,1433,TCP,SSH,20390
20391,5222,TCP,XMPP,20391
20392,22,UDP,VNC,20392
20393,22,UDP,VNC,20393
20394,5900,UDP,TELNET,20394
20395,5432,TCP,XMPP,20395
20396,443,TCP,HTTPS,20396
20397,443,TCP,HTTPS,20397
20398,443,TCP,HTTPS,20398
20399,22,UDP,ISAKMP,20399
20400,5432,UDP,DNS,20400
20401,8080,TCP,ZABBIX,20401
20402,443,TCP,HTTPS,20402
20403,22,TCP,UBIQUITY,20403
20404,443,TCP,VNC,20404
20405,21,UDP,MSSQL,20405
20406,5900,TCP,RDP,20406
20407,443,TCP,HTTPS,20407
20408,23,UDP,IRDMI,20408
20409,587,UDP,IRDMI,20409
20410,53,UDP,DNS,20410
20411,23,TCP,HPSERVICE,20411
20412,23,UDP,FTP,20412
20413,21,UDP,MSSQL,20413
20414,500,UDP,XMPP,20414
20415,10051,TCP,ISAKMP,20415
20416,161,TCP,MSSQL,20416
20417,9100,TCP,SSH,20417
20418,10051,TCP,VNC,20418
20419,587,TCP,SIP,20419
20420,993,UDP,TELNET,20420
20421,443,TCP,HTTPS,20421
20422,21,TCP,DAAPD,20422
20423,21,UDP,SIP,20423
20424,500,UDP,XMPP,20424
20425,6969,UDP,ICAP,20425
20426,1344,TCP,TELNET,20426
20427,137,TCP,HTTPS,20427
20428,587,TCP,MDS,20428
20429,587,TCP,PGSQL,20429
20430,22,TCP,FTP,20430
20431,5900,UDP,TELNET,20431
20432,5060,TCP,HPSERVICE,20432
20433,5432,UDP,ACMSODA,20433
20434,53,UDP,DNS,20434
20435,3689,TCP,HTTP,20435
20436,500,UDP,SNMP,20436
20437,443,TCP,HTTPS,20437
20438,21,TCP,FTP,20438
20439,3128,UDP,HPSERVICE,20439
20440,5900,UDP,HTTP,20440
20441,53,UDP,XMPP,20441
20442,5900,TCP,FTP,20442
20443,443,UDP,HPSERVICE,20443
20444,5061,UDP,DNS,20444
20445,1433,UDP,ACMSODA,20445
20446,993,UDP,PGSQL,20446
20447,3689,UDP,MSSQL,20447
20448,5900,UDP,MDS,20448
20449,22,TCP,ZABBIX,20449
20450,161,UDP,PGSQL,20450
20451,3689,TCP,HTTP,20451
20452,993,UDP,PGSQL,20452
20453,587,UDP,HPSERVICE,20453
20454,443,TCP,HTTPS,20454
20455,5432,TCP,VNC,20455
20456,161,UDP,SSH,20456
20457,21,TCP,HPSERVICE,20457
20458,3389,UDP,DNS,20458
20459,6969,TCP,IMAP4,20459
20460,443,TCP,HTTPS,20460
20461,3128,UDP,ICAP,20461
20462,5900,UDP,NETBIOS,20462
20463,587,UDP,RDP,20463
20464,443,UDP,DAAPD,20464
20465,443,TCP,HTTPS,20465
20466,993,TCP,SSH,20466
20467,23,TCP,HPSERVICE,20467
20468,8080,TCP,EMS,20468
20469,443,TCP,HTTPS,20469
20470,9100,UDP,MDS,20470
20471,5222,TCP,EMS,20471
20472,6969,UDP,SNMP,20472
20473,587,TCP,PGSQL,20473
20474,3689,TCP,ACMSODA,20474
20475,138,TCP,SSH,20475
20476,9100,UDP,PGSQL,20476
20477,5900,UDP,ISAKMP,20477
20478,445,TCP,MDS,20478
20479,443,TCP,HTTPS,20479
20480,10051,UDP,SIP,20480
20481,3689,UDP,VNC,20481
20482,5900,TCP,MSSQL,20482
20483,443,TCP,HTTPS,20483
20484,8000,TCP,ICAP,20484
20485,587,UDP,EMS,20485
20486,137,TCP,ISAKMP,20486
20487,22,UDP,PGSQL,20487
20488,53,UDP,DNS,20488
20489,8000,TCP,ICAP,20489
20490,5222,TCP,HTTPS,20490
20491,5900,TCP,MSSQL,20491
20492,5061,UDP,TELNET,20492
20493,443,TCP,ACMSODA,20493
20494,3689,TCP,HTTP,20494
20495,500,TCP,HTTPS,20495
20496,5061,TCP,PGSQL,20496
20497,9100,UDP,PGSQL,20497
20498,443,TCP,HTTPS,20498
20499,443,TCP,HTTPS,20499
20500,1433,TCP,IMAP4,20500
20501,443,TCP,HTTPS,20501
20502,23,UDP,MDS,20502
20503,445,UDP,DAAPD,20503
20504,5900,UDP,TELNET,20504
20505,5061,TCP,VNC,20505
20506,443,TCP,HTTPS,20506
20507,10001,UDP,RDP,20507
20508,3689,TCP,HTTP,20508
20509,5900,TCP,RDP,20509
20510,443,TCP,IRDMI,20510
20511,8080,UDP,TELNET,20511
20512,53,TCP,MSSQL,20512
20513,8080,UDP,TELNET,20513
20514,5060,UDP,TELNET,20514
20515,80,UDP,SNMP,20515
20516,10001,TCP,EMS,20516
20517,10001,UDP,SSH,20517
20518,443,TCP,HTTPS,20518
20519,10051,TCP,ISAKMP,20519
20520,80,UDP,ZABBIX,20520
20521,9100,UDP,PGSQL,20521
20522,22,TCP,FTP,20522
20523,80,UDP,EMS,20523
20524,10051,TCP,ISAKMP,20524
20525,1344,TCP,UBIQUITY,20525
20526,443,TCP,HTTPS,20526
20527,80,TCP,PGSQL,20527
20528,443,TCP,UBIQUITY,20528
20529,5432,UDP,ACMSODA,20529
20530,80,TCP,HTTPS,20530
20531,53,UDP,DNS,20531
20532,21,TCP,EMS,20532
20533,443,TCP,HTTPS,20533
20534,587,UDP,XMPP,20534
20535,80,UDP,SNMP,20535
20536,5060,UDP,FTP,20536
20537,21,TCP,FTP,20537
20538,10051,UDP,SIP,20538
20539,1344,UDP,EMS,20539
20540,21,TCP,MDS,20540
20541,80,UDP,IRDMI,20541
20542,1433,TCP,HTTPS,20542
20543,53,UDP,DNS,20543
20544,5222,UDP,EMS,20544
20545,10001,TCP,EMS,20545
20546,22,TCP,ACMSODA,20546
20547,8080,TCP,ACMSODA,20547
20548,587,UDP,IRDMI,20548
20549,22,TCP,VNC,20549
20550,10001,UDP,NETBIOS,20550
20551,443,TCP,HTTPS,20551
20552,22,TCP,IMAP4,20552
20553,5432,UDP,MSSQL,20553
20554,161,UDP,FTP,20554
20555,1344,TCP,UBIQUITY,20555
20556,443,TCP,HTTPS,20556
20557,587,UDP,HTTP,20557
20558,161,UDP,SSH,20558
20559,1433,TCP,UBIQUITY,20559
20560,443,TCP,HTTPS,20560
20561,8000,UDP,SIP,20561
20562,500,UDP,TELNET,20562
20563,993,TCP,RDP,20563
20564,21,UDP,MSSQL,20564
20565,161,UDP,DNS,20565
20566,445,TCP,PGSQL,20566
20567,445,UDP,DNS,20567
20568,3128,UDP,SNMP,20568
20569,5432,UDP,HTTPS,20569
20570,1344,TCP,NETBIOS,20570
20571,443,TCP,HTTPS,20571
20572,5432,UDP,DNS,20572
20573,10051,UDP,SIP,20573
20574,8080,TCP,ACMSODA,20574
20575,443,TCP,HTTPS,20575
20576,10051,UDP,DNS,20576
20577,587,UDP,ICAP,20577
20578,23,UDP,TELNET,20578
20579,1344,UDP,MDS,20579
20580,3689,UDP,SNMP,20580
20581,6969,UDP,DAAPD,20581
20582,587,UDP,EMS,20582
20583,443,TCP,HTTPS,20583
20584,21,UDP,RDP,20584
20585,5060,TCP,NETBIOS,20585
20586,3128,UDP,RDP,20586
20587,587,TCP,RDP,20587
20588,5432,TCP,XMPP,20588
20589,22,TCP,SSH,20589
20590,443,TCP,HTTPS,20590
20591,6969,UDP,ICAP,20591
20592,443,TCP,HTTPS,20592
20593,21,TCP,IRDMI,20593
20594,3689,TCP,HTTP,20594
20595,8080,UDP,FTP,20595
20596,137,TCP,SSH,20596
20597,443,TCP,HTTPS,20597
20598,5900,TCP,ICAP,20598
20599,21,TCP,FTP,20599
20600,80,TCP,HTTP,20600
20601,443,TCP,HTTPS,20601
20602,161,TCP,TELNET,20602
20603,3689,UDP,VNC,20603
20604,5900,TCP,FTP,20604
20605,445,UDP,HTTP,20605
20606,3389,TCP,ACMSODA,20606
20607,53,UDP,DNS,20607
20608,443,TCP,HTTPS,20608
20609,9100,TCP,RDP,20609
20610,8000,TCP,SSH,20610
20611,6969,TCP,IMAP4,20611
20612,1433,TCP,SSH,20612
20613,993,TCP,RDP,20613
20614,1433,TCP,PGSQL,20614
20615,23,TCP,HPSERVICE,20615
20616,443,UDP,UBIQUITY,20616
20617,80,TCP,HTTP,20617
20618,1344,TCP,UBIQUITY,20618
20619,138,TCP,ACMSODA,20619
20620,53,UDP,XMPP,20620
20621,138,UDP,IMAP4,20621
20622,500,UDP,DNS,20622
20623,5061,UDP,SNMP,20623
20624,5432,UDP,ISAKMP,20624
20625,138,TCP,SSH,20625
20626,3689,TCP,PGSQL,20626
20627,5900,UDP,TELNET,20627
20628,3389,UDP,SNMP,20628
20629,6969,UDP,ICAP,20629
20630,138,TCP,ACMSODA,20630
20631,445,TCP,PGSQL,20631
20632,80,TCP,HTTP,20632
20633,5432,UDP,HTTPS,20633
20634,21,UDP,RDP,20634
20635,1433,UDP,ACMSODA,20635
20636,443,TCP,UBIQUITY,20636
20637,137,TCP,IRDMI,20637
20638,443,UDP,MDS,20638
20639,443,UDP,SNMP,20639
20640,5060,UDP,FTP,20640
20641,3389,TCP,MSSQL,20641
20642,137,UDP,RDP,20642
20643,22,UDP,PGSQL,20643
20644,80,UDP,SNMP,20644
20645,443,TCP,HTTPS,20645
20646,138,TCP,MSSQL,20646
20647,3389,UDP,SNMP,20647
20648,443,UDP,HTTPS,20648
20649,6969,TCP,HTTPS,20649
20650,443,TCP,HTTPS,20650
20651,3128,UDP,ICAP,20651
20652,3389,TCP,MSSQL,20652
20653,443,TCP,HTTPS,20653
20654,445,TCP,TELNET,20654
20655,500,UDP,RDP,20655
20656,500,UDP,DAAPD,20656
20657,3689,TCP,SIP,20657
20658,5432,TCP,DAAPD,20658
20659,137,TCP,MSSQL,20659
20660,445,TCP,MDS,20660
20661,3128,TCP,UBIQUITY,20661
20662,443,TCP,HPSERVICE,20662
20663,443,TCP,VNC,20663
20664,21,TCP,FTP,20664
20665,443,TCP,HTTPS,20665
20666,443,TCP,HTTPS,20666
20667,443,UDP,HTTPS,20667
20668,3128,UDP,SNMP,20668
20669,161,TCP,IRDMI,20669
20670,23,TCP,VNC,20670
20671,500,TCP,SIP,20671
20672,1433,UDP,ZABBIX,20672
20673,22,TCP,UBIQUITY,20673
20674,445,TCP,TELNET,20674
20675,23,UDP,SIP,20675
20676,5222,TCP,HTTPS,20676
20677,161,UDP,PGSQL,20677
20678,443,TCP,HTTPS,20678
20679,6969,UDP,DNS,20679
20680,53,UDP,DNS,20680
20681,587,TCP,PGSQL,20681
20682,1344,UDP,PGSQL,20682
20683,10051,UDP,ACMSODA,20683
20684,5432,UDP,RDP,20684
20685,10001,UDP,DAAPD,20685
20686,445,UDP,TELNET,20686
20687,500,TCP,DNS,20687
20688,138,TCP,ACMSODA,20688
20689,993,UDP,RDP,20689
20690,5900,UDP,SSH,20690
20691,80,TCP,IMAP4,20691
20692,993,UDP,TELNET,20692
20693,22,UDP,SIP,20693
20694,6969,TCP,DNS,20694
20695,80,UDP,PGSQL,20695
20696,9100,TCP,SSH,20696
20697,10051,UDP,MSSQL,20697
20698,6969,TCP,SIP,20698
20699,137,TCP,HTTPS,20699
20700,5061,TCP,VNC,20700
20701,137,UDP,RDP,20701
20702,443,TCP,HTTPS,20702
20703,5061,UDP,HTTPS,20703
20704,1344,TCP,NETBIOS,20704
20705,443,TCP,HTTPS,20705
20706,8080,UDP,ICAP,20706
20707,21,TCP,IMAP4,20707
20708,443,TCP,VNC,20708
20709,443,UDP,IRDMI,20709
20710,8000,TCP,SSH,20710
20711,9100,UDP,PGSQL,20711
20712,1344,UDP,DAAPD,20712
20713,500,TCP,SSH,20713
20714,443,TCP,HTTP,20714
20715,5222,TCP,FTP,20715
20716,138,TCP,RDP,20716
20717,23,TCP,EMS,20717
20718,5061,TCP,ICAP,20718
20719,500,TCP,DNS,20719
20720,21,TCP,IRDMI,20720
20721,8080,UDP,XMPP,20721
20722,443,TCP,HTTPS,20722
20723,587,UDP,RDP,20723
20724,21,TCP,FTP,20724
20725,138,TCP,MSSQL,20725
20726,5900,UDP,EMS,20726
20727,5060,TCP,ACMSODA,20727
20728,6969,UDP,UBIQUITY,20728
20729,21,UDP,MSSQL,20729
20730,993,TCP,RDP,20730
20731,993,TCP,RDP,20731
20732,8080,UDP,TELNET,20732
20733,8000,UDP,HTTP,20733
20734,8080,TCP,ACMSODA,20734
20735,3128,UDP,SNMP,20735
20736,21,UDP,MSSQL,20736
20737,5222,TCP,ICAP,20737
20738,80,TCP,FTP,20738
20739,10051,TCP,ISAKMP,20739
20740,443,TCP,HTTPS,20740
20741,22,TCP,ZABBIX,20741
20742,443,TCP,HTTPS,20742
20743,5222,TCP,NETBIOS,20743
20744,587,UDP,FTP,20744
20745,53,UDP,DNS,20745
20746,8080,TCP,HTTP,20746
20747,500,TCP,UBIQUITY,20747
20748,3689,UDP,IMAP4,20748
20749,1344,TCP,UBIQUITY,20749
20750,5061,TCP,ACMSODA,20750
20751,80,UDP,ZABBIX,20751
20752,443,TCP,HTTPS,20752
20753,443,TCP,HTTPS,20753
20754,445,UDP,HTTP,20754
20755,8080,UDP,SSH,20755
20756,993,TCP,IMAP4,20756
20757,5432,TCP,ZABBIX,20757
20758,3689,TCP,HPSERVICE,20758
20759,5060,TCP,ACMSODA,20759
20760,5432,UDP,ISAKMP,20760
20761,5900,TCP,FTP,20761
20762,500,UDP,SNMP,20762
20763,5900,UDP,SIP,20763
20764,6969,UDP,DAAPD,20764
20765,5222,UDP,RDP,20765
20766,443,TCP,HTTPS,20766
20767,23,UDP,TELNET,20767
20768,587,UDP,IRDMI,20768
20769,5900,UDP,MDS,20769
20770,443,TCP,HTTPS,20770
20771,5432,UDP,IMAP4,20771
20772,5900,UDP,TELNET,20772
20773,5061,TCP,ICAP,20773
20774,443,TCP,HTTPS,20774
20775,587,UDP,IRDMI,20775
20776,993,UDP,DAAPD,20776
20777,23,TCP,VNC,20777
20778,3389,TCP,SSH,20778
20779,500,TCP,FTP,20779
20780,53,UDP,XMPP,20780
20781,8080,UDP,ICAP,20781
20782,993,TCP,IMAP4,20782
20783,443,TCP,HTTPS,20783
20784,1433,UDP,ZABBIX,20784
20785,10051,UDP,VNC,20785
20786,10051,UDP,VNC,20786
20787,21,TCP,FTP,20787
20788,53,UDP,DNS,20788
20789,21,UDP,XMPP,20789
20790,53,UDP,HTTP,20790
20791,500,UDP,DNS,20791
20792,993,UDP,MDS,20792
20793,993,TCP,RDP,20793
20794,445,UDP,HTTP,20794
20795,587,TCP,RDP,20795
20796,5222,TCP,HTTPS,20796
20797,138,TCP,ICAP,20797
20798,443,TCP,HTTPS,20798
20799,8080,UDP,FTP,20799
20800,5060,UDP,UBIQUITY,20800
20801,22,UDP,ACMSODA,20801
20802,137,UDP,HTTPS,20802
20803,137,TCP,XMPP,20803
20804,3389,UDP,SNMP,20804
20805,443,TCP,HTTPS,20805
20806,5900,TCP,MSSQL,20806
20807,5900,UDP,MSSQL,20807
20808,1433,UDP,MSSQL,20808
20809,443,TCP,HTTPS,20809
20810,5432,TCP,SSH,20810
20811,137,TCP,ACMSODA,20811
20812,21,TCP,FTP,20812
20813,5061,TCP,XMPP,20813
20814,53,UDP,XMPP,20814
20815,53,UDP,DNS,20815
20816,587,UDP,FTP,20816
20817,443,TCP,HPSERVICE,20817
20818,161,UDP,SIP,20818
20819,500,UDP,DAAPD,20819
20820,22,TCP,UBIQUITY,20820
20821,6969,TCP,IMAP4,20821
20822,23,TCP,HPSERVICE,20822
20823,587,TCP,ZABBIX,20823
20824,445,UDP,DAAPD,20824
20825,1433,TCP,UBIQUITY,20825
20826,6969,UDP,ZABBIX,20826
20827,23,UDP,SIP,20827
20828,21,TCP,FTP,20828
20829,993,TCP,SSH,20829
20830,138,TCP,DNS,20830
20831,21,UDP,MSSQL,20831
20832,443,TCP,HTTPS,20832
20833,6969,TCP,IMAP4,20833
20834,443,TCP,HTTPS,20834
20835,53,UDP,TELNET,20835
20836,1344,UDP,MDS,20836
20837,500,UDP,ICAP,20837
20838,5061,TCP,FTP,20838
20839,500,TCP,DNS,20839
20840,8000,UDP,ACMSODA,20840
20841,53,UDP,DNS,20841
20842,443,TCP,HTTPS,20842
20843,10051,TCP,ZABBIX,20843
20844,5432,UDP,HTTPS,20844
20845,1344,UDP,UBIQUITY,20845
20846,1433,TCP,VNC,20846
20847,1344,TCP,ZABBIX,20847
20848,5900,UDP,SSH,20848
20849,3689,UDP,VNC,20849
20850,443,TCP,HTTPS,20850
20851,3128,UDP,ICAP,20851
20852,443,UDP,HTTPS,20852
20853,443,TCP,DAAPD,20853
20854,5222,TCP,SNMP,20854
20855,3128,UDP,IRDMI,20855
20856,1344,TCP,UBIQUITY,20856
20857,993,TCP,NETBIOS,20857
20858,1344,TCP,IMAP4,20858
20859,5432,UDP,MSSQL,20859
20860,6969,TCP,UBIQUITY,20860
20861,5432,TCP,VNC,20861
20862,53,UDP,DNS,20862
20863,445,TCP,SSH,20863
20864,5432,UDP,ISAKMP,20864
20865,5900,UDP,SIP,20865
20866,443,TCP,HTTPS,20866
20867,10001,TCP,ZABBIX,20867
20868,587,UDP,IRDMI,20868
20869,10001,UDP,NETBIOS,20869
20870,6969,TCP,HTTPS,20870
20871,53,UDP,ISAKMP,20871
20872,587,TCP,RDP,20872
20873,10051,UDP,HPSERVICE,20873
20874,3389,TCP,SSH,20874
20875,5432,TCP,DAAPD,20875
20876,8000,UDP,UBIQUITY,20876
20877,443,TCP,HTTPS,20877
20878,5060,TCP,ACMSODA,20878
20879,5432,UDP,ISAKMP,20879
20880,993,TCP,RDP,20880
20881,10001,UDP,NETBIOS,20881
20882,993,TCP,HTTP,20882
20883,9100,TCP,SNMP,20883
20884,8080,UDP,SNMP,20884
20885,3128,TCP,HTTP,20885
20886,993,UDP,PGSQL,20886
20887,5432,TCP,SSH,20887
20888,8080,UDP,FTP,20888
20889,500,UDP,DAAPD,20889
20890,10001,TCP,FTP,20890
20891,993,TCP,PGSQL,20891
20892,5222,TCP,ICAP,20892
20893,5900,TCP,EMS,20893
20894,21,UDP,MSSQL,20894
20895,8000,TCP,ICAP,20895
20896,161,UDP,VNC,20896
20897,443,TCP,HTTPS,20897
20898,443,TCP,HTTPS,20898
20899,5060,TCP,NETBIOS,20899
20900,10051,UDP,HPSERVICE,20900
20901,5432,TCP,ZABBIX,20901
20902,587,UDP,IRDMI,20902
20903,443,UDP,IRDMI,20903
20904,9100,TCP,SSH,20904
20905,445,TCP,MSSQL,20905
20906,23,UDP,TELNET,20906
20907,443,TCP,HTTPS,20907
20908,3689,UDP,MSSQL,20908
20909,53,UDP,DNS,20909
20910,6969,TCP,HTTPS,20910
20911,5222,UDP,SSH,20911
20912,80,TCP,HTTP,20912
20913,5900,TCP,PGSQL,20913
20914,5432,UDP,DNS,20914
20915,1344,TCP,EMS,20915
20916,8080,TCP,EMS,20916
20917,443,TCP,HTTPS,20917
20918,3689,TCP,PGSQL,20918
20919,137,TCP,ACMSODA,20919
20920,138,UDP,IRDMI,20920
20921,5061,UDP,ACMSODA,20921
20922,445,UDP,DAAPD,20922
20923,80,UDP,HTTP,20923
20924,21,UDP,HTTPS,20924
20925,993,TCP,NETBIOS,20925
20926,993,TCP,SSH,20926
20927,5900,UDP,MDS,20927
20928,5432,UDP,FTP,20928
20929,3389,TCP,FTP,20929
20930,23,UDP,MDS,20930
20931,5432,UDP,HTTPS,20931
20932,6969,TCP,DNS,20932
20933,22,UDP,ISAKMP,20933
20934,1344,UDP,ICAP,20934
20935,10001,UDP,ICAP,20935
20936,10051,UDP,DNS,20936
20937,21,UDP,XMPP,20937
20938,993,TCP,DNS,20938
20939,22,UDP,VNC,20939
20940,53,UDP,DNS,20940
20941,53,UDP,DNS,20941
20942,3389,UDP,PGSQL,20942
20943,443,TCP,HTTPS,20943
20944,3689,UDP,IMAP4,20944
20945,993,UDP,TELNET,20945
20946,443,TCP,HTTPS,20946
20947,443,TCP,HTTPS,20947
20948,445,UDP,UBIQUITY,20948
20949,5900,TCP,FTP,20949
20950,21,UDP,RDP,20950
20951,443,TCP,HTTPS,20951
20952,5900,UDP,SSH,20952
20953,443,UDP,HTTPS,20953
20954,445,TCP,SSH,20954
20955,5900,UDP,SIP,20955
20956,500,UDP,DAAPD,20956
20957,1344,TCP,HPSERVICE,20957
20958,161,TCP,DAAPD,20958
20959,443,UDP,DAAPD,20959
20960,80,TCP,HTTP,20960
20961,161,TCP,MSSQL,20961
20962,587,UDP,EMS,20962
20963,3689,UDP,VNC,20963
20964,138,TCP,ICAP,20964
20965,500,UDP,DAAPD,20965
20966,993,TCP,IMAP4,20966
20967,445,UDP,DAAPD,20967
20968,5222,TCP,HTTPS,20968
20969,5222,UDP,SSH,20969
20970,161,UDP,SSH,20970
20971,21,TCP,EMS,20971
20972,6969,TCP,ISAKMP,20972
20973,80,TCP,HTTP,20973
20974,3689,TCP,HTTP,20974
20975,9100,TCP,IRDMI,20975
20976,443,TCP,UBIQUITY,20976
20977,443,TCP,HTTPS,20977
20978,443,TCP,HTTPS,20978
20979,445,UDP,HTTPS,20979
20980,53,UDP,NETBIOS,20980
20981,137,TCP,HTTPS,20981
20982,5432,UDP,MSSQL,20982
20983,161,UDP,UBIQUITY,20983
20984,138,TCP,ACMSODA,20984
20985,587,TCP,ACMSODA,20985
20986,161,UDP,SIP,20986
20987,5900,UDP,SIP,20987
20988,3389,TCP,XMPP,20988
20989,500,TCP,SIP,20989
20990,10051,TCP,UBIQUITY,20990
20991,443,TCP,HTTPS,20991
20992,9100,UDP,MDS,20992
20993,10051,UDP,VNC,20993
20994,5061,UDP,ACMSODA,20994
20995,5900,UDP,SIP,20995
20996,3689,UDP,ACMSODA,20996
20997,500,TCP,PGSQL,20997
20998,1433,TCP,EMS,20998
20999,5061,TCP,FTP,20999
21000,993,TCP,DNS,21000
21001,443,TCP,HTTPS,21001
21002,9100,UDP,MDS,21002
21003,5432,UDP,HTTPS,21003
21004,1433,TCP,VNC,21004
21005,53,UDP,DNS,21005
21006,161,TCP,IRDMI,21006
21007,23,TCP,IMAP4,21007
21008,10001,TCP,MDS,21008
21009,3689,UDP,IMAP4,21009
21010,1433,UDP,ACMSODA,21010
21011,5432,UDP,ISAKMP,21011
21012,9100,UDP,MDS,21012
21013,80,TCP,HPSERVICE,21013
21014,8080,UDP,ICAP,21014
21015,587,UDP,TELNET,21015
21016,443,TCP,HTTPS,21016
21017,161,UDP,UBIQUITY,21017
21018,137,TCP,XMPP,21018
21019,9100,UDP,MDS,21019
21020,443,TCP,HTTPS,21020
21021,443,UDP,HTTPS,21021
21022,22,UDP,VNC,21022
21023,5060,UDP,MSSQL,21023
21024,1344,TCP,NETBIOS,21024
21025,443,TCP,HTTPS,21025
21026,5061,TCP,ACMSODA,21026
21027,138,TCP,DNS,21027
21028,993,UDP,RDP,21028
21029,1344,UDP,HTTP,21029
21030,3389,TCP,ACMSODA,21030
21031,138,TCP,ISAKMP,21031
21032,5060,UDP,NETBIOS,21032
21033,22,TCP,MSSQL,21033
21034,6969,UDP,SNMP,21034
21035,10001,UDP,FTP,21035
21036,443,TCP,HTTPS,21036
21037,5061,TCP,VNC,21037
21038,993,UDP,TELNET,21038
21039,80,TCP,EMS,21039
21040,53,UDP,DNS,21040
21041,5432,TCP,ZABBIX,21041
21042,80,UDP,SNMP,21042
21043,5222,UDP,SSH,21043
21044,3689,UDP,FTP,21044
21045,3689,TCP,ICAP,21045
21046,5060,TCP,IMAP4,21046
21047,3689,TCP,TELNET,21047
21048,445,UDP,IMAP4,21048
21049,500,TCP,TELNET,21049
21050,21,TCP,FTP,21050
21051,3689,TCP,TELNET,21051
21052,443,TCP,HTTPS,21052
21053,137,TCP,ACMSODA,21053
21054,5900,TCP,MSSQL,21054
21055,6969,TCP,ACMSODA,21055
21056,80,TCP,HPSERVICE,21056
21057,500,TCP,TELNET,21057
21058,443,TCP,HTTP,21058
21059,5060,UDP,MSSQL,21059
21060,443,TCP,RDP,21060
21061,5060,UDP,EMS,21061
21062,5432,TCP,PGSQL,21062
21063,5432,TCP,HTTPS,21063
21064,443,TCP,HTTPS,21064
21065,443,TCP,HTTPS,21065
21066,443,UDP,HTTPS,21066
21067,443,UDP,HTTPS,21067
21068,8080,TCP,HTTP,21068
21069,3689,UDP,HTTP,21069
21070,138,TCP,ICAP,21070
21071,5900,UDP,TELNET,21071
21072,5060,UDP,DAAPD,21072
21073,161,UDP,SIP,21073
21074,1344,TCP,TELNET,21074
21075,500,UDP,DAAPD,21075
21076,6969,UDP,UBIQUITY,21076
21077,80,UDP,NETBIOS,21077
21078,1344,TCP,UBIQUITY,21078
21079,8000,TCP,ICAP,21079
21080,443,TCP,HTTPS,21080
21081,443,TCP,HTTPS,21081
21082,53,UDP,DNS,21082
21083,993,UDP,PGSQL,21083
21084,1344,TCP,NETBIOS,21084
21085,443,UDP,MDS,21085
21086,1433,TCP,MSSQL,21086
21087,138,UDP,PGSQL,21087
21088,443,TCP,HTTP,21088
21089,138,TCP,MSSQL,21089
21090,138,UDP,VNC,21090
21091,993,TCP,PGSQL,21091
21092,587,UDP,IRDMI,21092
21093,138,TCP,DNS,21093
21094,53,UDP,DNS,21094
21095,3389,TCP,SSH,21095
21096,587,TCP,ZABBIX,21096
21097,443,TCP,HTTPS,21097
21098,443,TCP,HTTPS,21098
21099,443,TCP,HTTPS,21099
21100,53,UDP,DNS,21100
21101,993,UDP,SNMP,21101
21102,445,TCP,MDS,21102
21103,10051,UDP,SIP,21103
21104,443,TCP,HTTPS,21104
21105,3128,TCP,HTTP,21105
21106,1433,TCP,ZABBIX,21106
21107,443,TCP,HTTPS,21107
21108,443,TCP,HTTPS,21108
21109,443,TCP,HTTPS,21109
21110,8000,TCP,SIP,21110
21111,161,TCP,IRDMI,21111
21112,587,UDP,IRDMI,21112
21113,500,TCP,IMAP4,21113
21114,3389,TCP,IRDMI,21114
21115,10001,UDP,PGSQL,21115
21116,1433,TCP,SNMP,21116
21117,443,UDP,HTTPS,21117
21118,10051,TCP,ISAKMP,21118
21119,6969,TCP,ZABBIX,21119
21120,137,TCP,PGSQL,21120
21121,53,UDP,DNS,21121
21122,80,UDP,SNMP,21122
21123,445,UDP,HTTP,21123
21124,138,TCP,MSSQL,21124
21125,8080,UDP,FTP,21125
21126,5060,TCP,MDS,21126
21127,161,UDP,FTP,21127
21128,1344,TCP,TELNET,21128
21129,53,UDP,DNS,21129
21130,5432,TCP,HPSERVICE,21130
21131,587,UDP,HPSERVICE,21131
21132,22,UDP,TELNET,21132
21133,8080,UDP,HTTP,21133
21134,21,UDP,MSSQL,21134
21135,21,UDP,ISAKMP,21135
21136,443,TCP,HTTPS,21136
21137,1344,UDP,ICAP,21137
21138,22,UDP,ISAKMP,21138
21139,3689,UDP,TELNET,21139
21140,5432,UDP,ISAKMP,21140
21141,5222,TCP,XMPP,21141
21142,3128,TCP,SNMP,21142
21143,3389,UDP,IRDMI,21143
21144,80,UDP,SIP,21144
21145,3389,UDP,HTTPS,21145
21146,443,TCP,HTTPS,21146
21147,5222,TCP,HTTPS,21147
21148,5060,UDP,RDP,21148
21149,443,TCP,HTTPS,21149
21150,443,TCP,HTTPS,21150
21151,21,UDP,SIP,21151
21152,1433,TCP,PGSQL,21152
21153,443,TCP,HTTPS,21153
21154,5222,UDP,SSH,21154
21155,5060,TCP,NETBIOS,21155
21156,5222,TCP,XMPP,21156
21157,587,UDP,ICAP,21157
21158,500,TCP,FTP,21158
21159,5900,UDP,MSSQL,21159
21160,5060,TCP,NETBIOS,21160
21161,8080,TCP,ACMSODA,21161
21162,80,TCP,HPSERVICE,21162
21163,993,TCP,NETBIOS,21163
21164,3689,UDP,VNC,21164
21165,5222,TCP,HTTPS,21165
21166,80,TCP,HTTP,21166
21167,9100,TCP,MDS,21167
21168,1344,TCP,UBIQUITY,21168
21169,587,UDP,IRDMI,21169
21170,5060,TCP,HPSERVICE,21170
21171,1433,TCP,PGSQL,21171
21172,443,TCP,HTTPS,21172
21173,80,TCP,HTTP,21173
21174,993,UDP,TELNET,21174
21175,53,UDP,NETBIOS,21175
21176,443,TCP,HTTPS,21176
21177,5060,TCP,ACMSODA,21177
21178,8000,TCP,ICAP,21178
21179,993,TCP,UBIQUITY,21179
21180,137,TCP,HTTPS,21180
21181,21,TCP,FTP,21181
21182,8080,UDP,ISAKMP,21182
21183,9100,TCP,RDP,21183
21184,22,TCP,VNC,21184
21185,161,TCP,IMAP4,21185
21186,3689,TCP,HTTP,21186
21187,8080,UDP,FTP,21187
21188,1344,TCP,HTTPS,21188
21189,443,TCP,HTTPS,21189
21190,5900,UDP,FTP,21190
21191,993,TCP,IMAP4,21191
21192,1344,TCP,DNS,21192
21193,443,UDP,MDS,21193
21194,500,TCP,IMAP4,21194
21195,1433,TCP,VNC,21195
21196,5061,UDP,TELNET,21196
21197,1344,TCP,NETBIOS,21197
21198,443,TCP,HTTPS,21198
21199,22,UDP,ACMSODA,21199
21200,8000,TCP,MSSQL,21200
21201,8080,UDP,ZABBIX,21201
21202,80,TCP,HTTP,21202
21203,5061,TCP,XMPP,21203
21204,3689,TCP,ICAP,21204
21205,8000,UDP,SIP,21205
21206,9100,UDP,MDS,21206
21207,6969,TCP,ACMSODA,21207
21208,443,TCP,DNS,21208
21209,3128,TCP,IMAP4,21209
21210,5432,TCP,HTTPS,21210
21211,500,TCP,TELNET,21211
21212,3128,TCP,SNMP,21212
21213,443,TCP,HTTPS,21213
21214,6969,TCP,IMAP4,21214
21215,10051,UDP,HTTPS,21215
21216,10001,UDP,PGSQL,21216
21217,21,UDP,ICAP,21217
21218,161,UDP,IRDMI,21218
21219,500,UDP,RDP,21219
21220,5060,TCP,ACMSODA,21220
21221,443,TCP,HTTPS,21221
21222,137,UDP,XMPP,21222
21223,5222,UDP,EMS,21223
21224,137,TCP,SSH,21224
21225,500,UDP,DNS,21225
21226,5222,TCP,TELNET,21226
21227,5061,UDP,TELNET,21227
21228,445,TCP,EMS,21228
21229,5060,TCP,EMS,21229
21230,3689,TCP,PGSQL,21230
21231,8000,TCP,MSSQL,21231
21232,137,TCP,ACMSODA,21232
21233,993,TCP,SSH,21233
21234,5432,UDP,DNS,21234
21235,1344,UDP,PGSQL,21235
21236,80,TCP,HTTP,21236
21237,5432,TCP,DAAPD,21237
21238,8000,TCP,UBIQUITY,21238
21239,138,TCP,HTTP,21239
21240,1344,UDP,DAAPD,21240
21241,9100,UDP,DNS,21241
21242,3689,UDP,IMAP4,21242
21243,9100,UDP,SSH,21243
21244,5432,TCP,HTTPS,21244
21245,10051,UDP,HPSERVICE,21245
21246,21,UDP,RDP,21246
21247,161,UDP,TELNET,21247
21248,443,TCP,HTTPS,21248
21249,1344,UDP,EMS,21249
21250,1433,UDP,MSSQL,21250
21251,53,UDP,DNS,21251
21252,5222,TCP,SNMP,21252
21253,587,UDP,IRDMI,21253
21254,137,TCP,IRDMI,21254
21255,80,UDP,NETBIOS,21255
21256,5432,UDP,IMAP4,21256
21257,3128,UDP,ICAP,21257
21258,1344,TCP,TELNET,21258
21259,80,TCP,HTTP,21259
21260,443,UDP,SNMP,21260
21261,443,TCP,HTTPS,21261
21262,500,UDP,TELNET,21262
21263,500,TCP,IMAP4,21263
21264,53,UDP,HTTP,21264
21265,3128,UDP,SNMP,21265
21266,23,TCP,HPSERVICE,21266
21267,23,UDP,SIP,21267
21268,3689,UDP,HPSERVICE,21268
21269,993,UDP,ISAKMP,21269
21270,10051,UDP,VNC,21270
21271,5432,UDP,MSSQL,21271
21272,443,TCP,HTTPS,21272
21273,993,UDP,TELNET,21273
21274,443,UDP,HTTPS,21274
21275,443,TCP,SNMP,21275
21276,1344,UDP,MDS,21276
21277,21,UDP,ISAKMP,21277
21278,80,TCP,HPSERVICE,21278
21279,3389,UDP,SNMP,21279
21280,21,TCP,FTP,21280
21281,5222,TCP,FTP,21281
21282,443,UDP,DAAPD,21282
21283,5900,UDP,ICAP,21283
21284,445,UDP,HTTP,21284
21285,23,TCP,DAAPD,21285
21286,80,UDP,ZABBIX,21286
21287,3128,TCP,HTTP,21287
21288,5061,UDP,SNMP,21288
21289,10001,UDP,NETBIOS,21289
21290,10051,TCP,ZABBIX,21290
21291,5060,TCP,MDS,21291
21292,3389,UDP,PGSQL,21292
21293,3689,TCP,HPSERVICE,21293
21294,443,TCP,HTTPS,21294
21295,993,TCP,DNS,21295
21296,21,UDP,MSSQL,21296
21297,53,UDP,DNS,21297
21298,9100,UDP,PGSQL,21298
21299,443,TCP,HTTPS,21299
21300,500,UDP,DAAPD,21300
21301,587,UDP,RDP,21301
21302,443,TCP,HTTPS,21302
21303,443,TCP,HTTPS,21303
21304,500,TCP,PGSQL,21304
21305,443,TCP,UBIQUITY,21305
21306,5900,UDP,FTP,21306
21307,443,TCP,HTTP,21307
21308,443,TCP,HTTPS,21308
21309,138,TCP,ACMSODA,21309
21310,3128,UDP,ICAP,21310
21311,5900,UDP,ICAP,21311
21312,10001,TCP,MDS,21312
21313,5061,TCP,ICAP,21313
21314,3128,UDP,IRDMI,21314
21315,137,TCP,XMPP,21315
21316,5900,TCP,SNMP,21316
21317,3689,TCP,HTTP,21317
21318,21,TCP,FTP,21318
21319,445,UDP,MDS,21319
21320,1433,UDP,HTTP,21320
21321,443,UDP,HTTPS,21321
21322,3128,UDP,SNMP,21322
21323,80,UDP,ZABBIX,21323
21324,10001,UDP,ICAP,21324
21325,8080,UDP,ISAKMP,21325
21326,587,UDP,HTTP,21326
21327,10001,TCP,MDS,21327
21328,22,TCP,ZABBIX,21328
21329,500,UDP,DNS,21329
21330,443,TCP,HTTPS,21330
21331,443,TCP,HTTPS,21331
21332,5432,TCP,DAAPD,21332
21333,10051,UDP,PGSQL,21333
21334,443,TCP,HTTPS,21334
21335,22,UDP,NETBIOS,21335
21336,53,UDP,DNS,21336
21337,443,TCP,TELNET,21337
21338,5060,UDP,PGSQL,21338
21339,22,TCP,HPSERVICE,21339
21340,443,TCP,HTTPS,21340
21341,443,TCP,HTTPS,21341
21342,53,UDP,DNS,21342
21343,500,UDP,TELNET,21343
21344,8080,TCP,ZABBIX,21344
21345,443,TCP,HTTPS,21345
21346,500,TCP,SIP,21346
21347,445,UDP,IMAP4,21347
21348,137,TCP,DAAPD,21348
21349,10051,TCP,EMS,21349
21350,443,TCP,VNC,21350
21351,445,TCP,TELNET,21351
21352,5900,TCP,FTP,21352
21353,53,UDP,DNS,21353
21354,9100,TCP,MDS,21354
21355,587,UDP,FTP,21355
21356,1433,UDP,ACMSODA,21356
21357,993,TCP,PGSQL,21357
21358,1433,TCP,DAAPD,21358
21359,5900,TCP,ZABBIX,21359
21360,3689,TCP,SSH,21360
21361,5900,UDP,HTTP,21361
21362,443,TCP,HTTPS,21362
21363,445,TCP,SSH,21363
21364,22,UDP,MSSQL,21364
21365,5060,TCP,MDS,21365
21366,8080,UDP,UBIQUITY,21366
21367,5900,UDP,HPSERVICE,21367
21368,445,TCP,TELNET,21368
21369,138,TCP,MSSQL,21369
21370,3128,UDP,ICAP,21370
21371,6969,UDP,UBIQUITY,21371
21372,53,UDP,DNS,21372
21373,3128,UDP,ICAP,21373
21374,443,TCP,HTTPS,21374
21375,8080,UDP,ACMSODA,21375
21376,80,UDP,SIP,21376
21377,137,TCP,XMPP,21377
21378,443,TCP,HTTPS,21378
21379,53,UDP,DNS,21379
21380,138,UDP,PGSQL,21380
21381,3689,UDP,TELNET,21381
21382,80,UDP,ZABBIX,21382
21383,9100,TCP,PGSQL,21383
21384,23,TCP,HTTP,21384
21385,5900,UDP,NETBIOS,21385
21386,443,TCP,HTTPS,21386
21387,587,TCP,MDS,21387
21388,993,TCP,RDP,21388
21389,443,TCP,HTTPS,21389
21390,445,UDP,HTTPS,21390
21391,443,TCP,VNC,21391
21392,53,UDP,ZABBIX,21392
21393,1344,UDP,UBIQUITY,21393
21394,53,UDP,DNS,21394
21395,10001,UDP,ICAP,21395
21396,21,TCP,FTP,21396
21397,5900,UDP,TELNET,21397
21398,500,UDP,DAAPD,21398
21399,443,TCP,HTTPS,21399
21400,443,TCP,HTTPS,21400
21401,6969,UDP,ZABBIX,21401
21402,443,TCP,HTTPS,21402
21403,138,TCP,MSSQL,21403
21404,161,TCP,HTTPS,21404
21405,23,UDP,MDS,21405
21406,21,UDP,SIP,21406
21407,5222,UDP,SNMP,21407
21408,6969,UDP,SNMP,21408
21409,138,TCP,MSSQL,21409
21410,993,TCP,IMAP4,21410
21411,22,TCP,UBIQUITY,21411
21412,1344,TCP,NETBIOS,21412
21413,445,TCP,EMS,21413
21414,1344,TCP,TELNET,21414
21415,138,UDP,IRDMI,21415
21416,993,UDP,TELNET,21416
21417,53,TCP,XMPP,21417
21418,5061,UDP,ACMSODA,21418
21419,10051,TCP,ISAKMP,21419
21420,993,UDP,RDP,21420
21421,5060,UDP,XMPP,21421
21422,21,UDP,MSSQL,21422
21423,3389,UDP,RDP,21423
21424,3689,UDP,HTTP,21424
21425,5432,UDP,MSSQL,21425
21426,6969,TCP,IMAP4,21426
21427,500,UDP,XMPP,21427
21428,443,UDP,ACMSODA,21428
21429,3389,UDP,SNMP,21429
21430,8080,UDP,HTTP,21430
21431,8080,UDP,TELNET,21431
21432,587,UDP,HTTP,21432
21433,5060,UDP,MSSQL,21433
21434,10001,TCP,ISAKMP,21434
21435,443,TCP,HTTPS,21435
21436,23,TCP,VNC,21436
21437,5060,UDP,RDP,21437
21438,5060,UDP,MSSQL,21438
21439,6969,TCP,MDS,21439
21440,1344,UDP,UBIQUITY,21440
21441,9100,TCP,MDS,21441
21442,1433,UDP,SNMP,21442
21443,80,TCP,HTTP,21443
21444,21,TCP,EMS,21444
21445,443,TCP,HTTPS,21445
21446,445,UDP,HTTPS,21446
21447,6969,TCP,HTTPS,21447
21448,5061,TCP,RDP,21448
21449,5900,UDP,ICAP,21449
21450,137,TCP,RDP,21450
21451,8080,TCP,FTP,21451
21452,3389,UDP,RDP,21452
21453,5900,UDP,ISAKMP,21453
21454,10051,TCP,ISAKMP,21454
21455,6969,TCP,IMAP4,21455
21456,5222,TCP,ICAP,21456
21457,21,TCP,FTP,21457
21458,3128,UDP,ICAP,21458
21459,3689,TCP,ACMSODA,21459
21460,443,TCP,HTTPS,21460
21461,10051,TCP,SSH,21461
21462,443,TCP,HTTPS,21462
21463,22,UDP,ISAKMP,21463
21464,3389,UDP,PGSQL,21464
21465,443,TCP,HTTPS,21465
21466,443,TCP,UBIQUITY,21466
21467,9100,TCP,RDP,21467
21468,443,TCP,HTTPS,21468
21469,80,TCP,FTP,21469
21470,443,UDP,IRDMI,21470
21471,500,UDP,TELNET,21471
21472,8080,UDP,HTTP,21472
21473,443,TCP,VNC,21473
21474,10001,UDP,SSH,21474
21475,3128,UDP,ICAP,21475
21476,587,TCP,HTTP,21476
21477,6969,TCP,IMAP4,21477
21478,21,TCP,FTP,21478
21479,23,TCP,HPSERVICE,21479
21480,1433,TCP,SSH,21480
21481,1433,UDP,MSSQL,21481
21482,5061,TCP,SIP,21482
21483,161,UDP,TELNET,21483
21484,5060,UDP,HTTPS,21484
21485,5432,UDP,IMAP4,21485
21486,3689,TCP,HPSERVICE,21486
21487,443,UDP,DAAPD,21487
21488,443,TCP,HTTPS,21488
21489,6969,TCP,SNMP,21489
21490,445,TCP,SSH,21490
21491,5900,TCP,ICAP,21491
21492,80,TCP,HTTP,21492
21493,5222,TCP,SNMP,21493
21494,443,TCP,HTTPS,21494
21495,500,UDP,DAAPD,21495
21496,53,UDP,FTP,21496
21497,8080,UDP,TELNET,21497
21498,53,UDP,NETBIOS,21498
21499,5432,UDP,ISAKMP,21499
21500,21,TCP,FTP,21500
21501,10051,UDP,ICAP,21501
21502,5060,UDP,RDP,21502
21503,53,UDP,DNS,21503
21504,21,TCP,FTP,21504
21505,5222,UDP,EMS,21505
21506,23,UDP,FTP,21506
21507,53,UDP,DNS,21507
21508,21,TCP,FTP,21508
21509,443,TCP,HTTPS,21509
21510,5222,UDP,SSH,21510
21511,5432,TCP,VNC,21511
21512,9100,UDP,ZABBIX,21512
21513,161,UDP,UBIQUITY,21513
21514,161,TCP,MSSQL,21514
21515,443,TCP,HTTPS,21515
21516,22,TCP,UBIQUITY,21516
21517,161,TCP,RDP,21517
21518,1433,TCP,DNS,21518
21519,21,UDP,ACMSODA,21519
21520,3389,TCP,UBIQUITY,21520
21521,3128,UDP,ICAP,21521
21522,445,TCP,HPSERVICE,21522
21523,443,TCP,HTTPS,21523
21524,22,TCP,UBIQUITY,21524
21525,1344,UDP,EMS,21525
21526,80,UDP,XMPP,21526
21527,5061,UDP,TELNET,21527
21528,8000,TCP,UBIQUITY,21528
21529,1433,TCP,MSSQL,21529
21530,161,TCP,IRDMI,21530
21531,1344,TCP,TELNET,21531
21532,5432,UDP,DNS,21532
21533,5222,TCP,HTTPS,21533
21534,8080,UDP,SIP,21534
21535,445,UDP,UBIQUITY,21535
21536,10051,UDP,VNC,21536
21537,6969,TCP,IMAP4,21537
21538,3689,UDP,UBIQUITY,21538
21539,443,TCP,HTTPS,21539
21540,1433,UDP,ACMSODA,21540
21541,5060,UDP,MSSQL,21541
21542,137,TCP,RDP,21542
21543,443,TCP,HTTPS,21543
21544,21,TCP,FTP,21544
21545,1344,UDP,ICAP,21545
21546,3689,TCP,TELNET,21546
21547,137,TCP,ACMSODA,21547
21548,587,TCP,ZABBIX,21548
21549,3689,TCP,SIP,21549
21550,5061,UDP,SNMP,21550
21551,500,TCP,ICAP,21551
21552,5900,TCP,RDP,21552
21553,3389,TCP,HTTPS,21553
21554,993,TCP,DNS,21554
21555,161,TCP,IRDMI,21555
21556,23,TCP,DAAPD,21556
21557,1433,UDP,DAAPD,21557
21558,138,TCP,IRDMI,21558
21559,161,UDP,UBIQUITY,21559
21560,5222,TCP,EMS,21560
21561,53,UDP,DNS,21561
21562,3128,UDP,ZABBIX,21562
21563,23,UDP,ICAP,21563
21564,5060,TCP,ACMSODA,21564
21565,445,UDP,HTTP,21565
21566,587,UDP,ICAP,21566
21567,10051,TCP,UBIQUITY,21567
21568,443,TCP,HTTPS,21568
21569,443,TCP,HTTPS,21569
21570,80,UDP,ZABBIX,21570
21571,443,TCP,HTTPS,21571
21572,587,TCP,ZABBIX,21572
21573,9100,TCP,FTP,21573
21574,3689,TCP,TELNET,21574
21575,3128,UDP,IRDMI,21575
21576,3128,UDP,ICAP,21576
21577,1344,UDP,HTTP,21577
21578,3389,TCP,SSH,21578
21579,80,UDP,SNMP,21579
21580,500,UDP,DAAPD,21580
21581,1344,TCP,TELNET,21581
21582,5060,TCP,SIP,21582
21583,21,UDP,MSSQL,21583
21584,3389,TCP,MSSQL,21584
21585,80,UDP,ZABBIX,21585
21586,1433,UDP,SSH,21586
21587,587,TCP,TELNET,21587
21588,443,TCP,HTTPS,21588
21589,53,TCP,SNMP,21589
21590,21,UDP,MSSQL,21590
21591,10051,TCP,VNC,21591
21592,9100,TCP,IRDMI,21592
21593,22,UDP,PGSQL,21593
21594,993,TCP,DNS,21594
21595,161,UDP,PGSQL,21595
21596,5061,UDP,PGSQL,21596
21597,1344,TCP,UBIQUITY,21597
21598,5432,UDP,MSSQL,21598
21599,3389,UDP,IRDMI,21599
21600,3389,TCP,IMAP4,21600
21601,5061,UDP,PGSQL,21601
21602,993,TCP,RDP,21602
21603,80,UDP,ZABBIX,21603
21604,5060,UDP,FTP,21604
21605,6969,UDP,ACMSODA,21605
21606,6969,UDP,SNMP,21606
21607,1433,TCP,MSSQL,21607
21608,443,TCP,VNC,21608
21609,443,UDP,MDS,21609
21610,8080,TCP,ZABBIX,21610
21611,443,UDP,MDS,21611
21612,993,UDP,PGSQL,21612
21613,443,TCP,HTTPS,21613
21614,23,UDP,SIP,21614
21615,443,TCP,HTTPS,21615
21616,21,UDP,XMPP,21616
21617,443,TCP,HTTPS,21617
21618,500,TCP,IMAP4,21618
21619,21,TCP,FTP,21619
21620,993,TCP,NETBIOS,21620
21621,53,TCP,SNMP,21621
21622,500,TCP,ICAP,21622
21623,3689,UDP,HTTP,21623
21624,5060,TCP,MDS,21624
21625,3389,TCP,MSSQL,21625
21626,587,TCP,NETBIOS,21626
21627,23,TCP,HTTP,21627
21628,3389,UDP,IRDMI,21628
21629,80,TCP,HTTP,21629
21630,23,TCP,IMAP4,21630
21631,9100,TCP,RDP,21631
21632,3689,UDP,SSH,21632
21633,22,TCP,SSH,21633
21634,8080,TCP,ACMSODA,21634
21635,161,UDP,VNC,21635
21636,1344,TCP,EMS,21636
21637,10051,UDP,DNS,21637
21638,443,TCP,HTTPS,21638
21639,6969,TCP,IMAP4,21639
21640,443,TCP,HTTPS,21640
21641,10051,UDP,DNS,21641
21642,445,UDP,DNS,21642
21643,5900,UDP,HTTP,21643
21644,500,UDP,HPSERVICE,21644
21645,3128,UDP,ICAP,21645
21646,23,TCP,VNC,21646
21647,8000,TCP,UBIQUITY,21647
21648,5432,TCP,DAAPD,21648
21649,993,TCP,RDP,21649
21650,80,UDP,SIP,21650
21651,6969,UDP,DAAPD,21651
21652,500,TCP,SSH,21652
21653,443,TCP,HTTPS,21653
21654,443,UDP,TELNET,21654
21655,161,UDP,PGSQL,21655
21656,3128,UDP,ICAP,21656
21657,10001,UDP,HTTP,21657
21658,80,UDP,SIP,21658
21659,443,TCP,HTTPS,21659
21660,5060,UDP,MSSQL,21660
21661,587,UDP,EMS,21661
21662,993,TCP,FTP,21662
21663,10051,TCP,UBIQUITY,21663
21664,5432,UDP,HTTPS,21664
21665,8080,UDP,ICAP,21665
21666,5061,TCP,VNC,21666
21667,22,UDP,SNMP,21667
21668,80,TCP,HPSERVICE,21668
21669,1344,UDP,EMS,21669
21670,21,UDP,ACMSODA,21670
21671,3128,TCP,SSH,21671
21672,1433,UDP,MSSQL,21672
21673,53,TCP,MSSQL,21673
21674,587,UDP,HTTP,21674
21675,161,UDP,UBIQUITY,21675
21676,80,UDP,ZABBIX,21676
21677,3128,UDP,ICAP,21677
21678,443,TCP,HTTPS,21678
21679,500,TCP,DNS,21679
21680,5900,UDP,ISAKMP,21680
21681,443,TCP,HTTPS,21681
21682,500,TCP,DNS,21682
21683,3689,UDP,HTTP,21683
21684,5900,UDP,EMS,21684
21685,5432,UDP,ICAP,21685
21686,3389,TCP,IMAP4,21686
21687,1433,UDP,ZABBIX,21687
21688,22,UDP,PGSQL,21688
21689,5222,UDP,EMS,21689
21690,1433,UDP,ACMSODA,21690
21691,161,UDP,VNC,21691
21692,21,UDP,SIP,21692
21693,5432,TCP,RDP,21693
21694,3128,TCP,SSH,21694
21695,3689,UDP,SSH,21695
21696,443,UDP,HTTPS,21696
21697,445,UDP,IMAP4,21697
21698,5432,UDP,DNS,21698
21699,3689,TCP,XMPP,21699
21700,6969,TCP,ZABBIX,21700
21701,443,TCP,HTTPS,21701
21702,3389,TCP,UBIQUITY,21702
21703,23,TCP,HPSERVICE,21703
21704,5432,UDP,ICAP,21704
21705,443,UDP,MDS,21705
21706,10051,TCP,SIP,21706
21707,993,UDP,TELNET,21707
21708,5222,TCP,HTTPS,21708
21709,5900,UDP,DAAPD,21709
21710,1433,UDP,ZABBIX,21710
21711,80,UDP,ZABBIX,21711
21712,5060,UDP,TELNET,21712
21713,443,TCP,HTTPS,21713
21714,138,TCP,MSSQL,21714
21715,137,UDP,SNMP,21715
21716,3128,UDP,VNC,21716
21717,1344,UDP,HTTP,21717
21718,443,UDP,ISAKMP,21718
21719,137,TCP,RDP,21719
21720,8080,UDP,ICAP,21720
21721,80,TCP,HTTP,21721
21722,22,TCP,MSSQL,21722
21723,3389,TCP,SSH,21723
21724,8000,TCP,MSSQL,21724
21725,5222,TCP,SNMP,21725
21726,23,TCP,HPSERVICE,21726
21727,500,UDP,DAAPD,21727
21728,138,TCP,RDP,21728
21729,3689,TCP,ICAP,21729
21730,443,TCP,HTTPS,21730
21731,443,TCP,HTTPS,21731
21732,3689,TCP,TELNET,21732
21733,500,TCP,IMAP4,21733
21734,5060,TCP,NETBIOS,21734
21735,1433,UDP,ISAKMP,21735
21736,5900,UDP,MSSQL,21736
21737,5222,TCP,EMS,21737
21738,5900,UDP,TELNET,21738
21739,161,TCP,IMAP4,21739
21740,53,TCP,SNMP,21740
21741,445,UDP,HTTPS,21741
21742,5900,UDP,EMS,21742
21743,9100,TCP,FTP,21743
21744,445,TCP,MDS,21744
21745,10001,TCP,ZABBIX,21745
21746,5060,TCP,ICAP,21746
21747,5432,TCP,ZABBIX,21747
21748,5432,TCP,PGSQL,21748
21749,21,TCP,FTP,21749
21750,1344,UDP,EMS,21750
21751,443,TCP,HTTPS,21751
21752,587,UDP,EMS,21752
21753,6969,UDP,DNS,21753
21754,445,UDP,UBIQUITY,21754
21755,53,UDP,DNS,21755
21756,8080,TCP,ACMSODA,21756
21757,1344,UDP,HTTP,21757
21758,161,UDP,PGSQL,21758
21759,8000,UDP,UBIQUITY,21759
21760,443,TCP,HTTPS,21760
21761,6969,TCP,IMAP4,21761
21762,443,TCP,HTTPS,21762
21763,9100,UDP,PGSQL,21763
21764,22,UDP,SIP,21764
21765,10001,TCP,MDS,21765
21766,500,UDP,XMPP,21766
21767,10051,UDP,MSSQL,21767
21768,443,TCP,HTTPS,21768
21769,587,TCP,ACMSODA,21769
21770,5900,UDP,MSSQL,21770
21771,993,UDP,PGSQL,21771
21772,1344,UDP,HTTPS,21772
21773,445,UDP,HTTP,21773
21774,10001,UDP,DAAPD,21774
21775,587,UDP,HPSERVICE,21775
21776,5432,UDP,RDP,21776
21777,5432,UDP,NETBIOS,21777
21778,445,UDP,TELNET,21778
21779,443,TCP,HTTPS,21779
21780,443,TCP,HTTPS,21780
21781,5060,TCP,ACMSODA,21781
21782,22,TCP,UBIQUITY,21782
21783,443,TCP,HTTPS,21783
21784,9100,UDP,MDS,21784
21785,3389,UDP,RDP,21785
21786,10051,TCP,ISAKMP,21786
21787,5900,UDP,SIP,21787
21788,993,TCP,NETBIOS,21788
21789,443,TCP,UBIQUITY,21789
21790,587,TCP,ZABBIX,21790
21791,3128,TCP,SSH,21791
21792,443,TCP,UBIQUITY,21792
21793,5222,TCP,HTTPS,21793
21794,500,TCP,SIP,21794
21795,8000,UDP,UBIQUITY,21795
21796,993,UDP,PGSQL,21796
21797,21,TCP,IRDMI,21797
21798,80,TCP,FTP,21798
21799,137,TCP,MSSQL,21799
21800,21,TCP,FTP,21800
21801,137,TCP,HTTPS,21801
21802,3689,TCP,HTTP,21802
21803,23,UDP,SIP,21803
21804,53,TCP,SNMP,21804
21805,161,UDP,UBIQUITY,21805
21806,80,UDP,SNMP,21806
21807,8000,UDP,HTTP,21807
21808,443,TCP,HTTPS,21808
21809,8080,TCP,MSSQL,21809
21810,80,UDP,SNMP,21810
21811,161,UDP,HPSERVICE,21811
21812,9100,TCP,RDP,21812
21813,443,TCP,HTTPS,21813
21814,443,TCP,HTTPS,21814
21815,6969,UDP,DAAPD,21815
21816,443,TCP,HTTPS,21816
21817,21,TCP,FTP,21817
21818,993,TCP,SSH,21818
21819,443,TCP,HTTPS,21819
21820,443,TCP,HTTPS,21820
21821,3128,UDP,ICAP,21821
21822,23,TCP,RDP,21822
21823,500,UDP,DAAPD,21823
21824,53,UDP,MDS,21824
21825,587,UDP,XMPP,21825
21826,138,UDP,MDS,21826
21827,22,TCP,SSH,21827
21828,993,TCP,PGSQL,21828
21829,9100,TCP,MDS,21829
21830,443,TCP,HTTPS,21830
21831,587,UDP,ISAKMP,21831
21832,5222,TCP,NETBIOS,21832
21833,53,UDP,DNS,21833
21834,3689,TCP,ICAP,21834
21835,80,UDP,HTTP,21835
21836,443,TCP,HTTPS,21836
21837,6969,TCP,IMAP4,21837
21838,443,TCP,HTTPS,21838
21839,21,TCP,VNC,21839
21840,6969,TCP,ICAP,21840
21841,443,TCP,HTTPS,21841
21842,8080,TCP,EMS,21842
21843,443,TCP,HTTPS,21843
21844,993,TCP,IMAP4,21844
21845,1433,TCP,VNC,21845
21846,5432,UDP,ISAKMP,21846
21847,22,UDP,SIP,21847
21848,587,UDP,FTP,21848
21849,80,UDP,DAAPD,21849
21850,5222,TCP,NETBIOS,21850
21851,1433,TCP,HTTPS,21851
21852,443,TCP,ACMSODA,21852
21853,587,TCP,RDP,21853
21854,3389,UDP,SNMP,21854
21855,1344,TCP,IMAP4,21855
21856,6969,TCP,IMAP4,21856
21857,5900,TCP,RDP,21857
21858,5900,TCP,MDS,21858
21859,443,TCP,HPSERVICE,21859
21860,587,UDP,XMPP,21860
21861,5432,TCP,ACMSODA,21861
21862,445,TCP,EMS,21862
21863,80,TCP,HPSERVICE,21863
21864,80,UDP,DAAPD,21864
21865,22,UDP,SIP,21865
21866,443,TCP,DAAPD,21866
21867,53,UDP,DNS,21867
21868,1433,TCP,ZABBIX,21868
21869,443,TCP,HTTPS,21869
21870,500,UDP,ICAP,21870
21871,587,UDP,HTTP,21871
21872,3689,UDP,SNMP,21872
21873,445,UDP,HTTP,21873
21874,443,TCP,HTTPS,21874
21875,5061,TCP,VNC,21875
21876,21,UDP,MSSQL,21876
21877,22,UDP,SIP,21877
21878,80,UDP,HTTP,21878
21879,1344,UDP,EMS,21879
21880,993,UDP,TELNET,21880
21881,10051,UDP,HPSERVICE,21881
21882,443,UDP,MDS,21882
21883,3128,UDP,ICAP,21883
21884,3128,UDP,ZABBIX,21884
21885,500,UDP,RDP,21885
21886,161,UDP,VNC,21886
21887,80,TCP,HTTP,21887
21888,80,UDP,ZABBIX,21888
21889,443,TCP,HTTP,21889
21890,53,UDP,DNS,21890
21891,3389,TCP,ACMSODA,21891
21892,3389,TCP,IMAP4,21892
21893,993,TCP,PGSQL,21893
21894,161,UDP,SSH,21894
21895,5432,UDP,HTTPS,21895
21896,1433,TCP,PGSQL,21896
21897,80,TCP,HPSERVICE,21897
21898,21,UDP,UBIQUITY,21898
21899,21,TCP,FTP,21899
21900,21,UDP,SSH,21900
21901,443,TCP,HTTPS,21901
21902,53,UDP,DNS,21902
21903,5222,TCP,SNMP,21903
21904,9100,TCP,SNMP,21904
21905,53,UDP,NETBIOS,21905
21906,53,UDP,NETBIOS,21906
21907,80,TCP,HTTP,21907
21908,5900,UDP,FTP,21908
21909,443,TCP,HTTPS,21909
21910,443,TCP,HTTPS,21910
21911,22,TCP,UBIQUITY,21911
21912,21,TCP,HPSERVICE,21912
21913,443,TCP,HTTPS,21913
21914,443,TCP,HTTPS,21914
21915,5432,TCP,SSH,21915
21916,5432,TCP,XMPP,21916
21917,138,UDP,IMAP4,21917
21918,8000,TCP,ICAP,21918
21919,5060,TCP,ACMSODA,21919
21920,21,TCP,FTP,21920
21921,587,TCP,MDS,21921
21922,993,UDP,SNMP,21922
21923,3689,UDP,SSH,21923
21924,3389,TCP,ACMSODA,21924
21925,443,TCP,HTTPS,21925
21926,500,UDP,TELNET,21926
21927,500,TCP,SSH,21927
21928,21,UDP,SIP,21928
21929,8080,UDP,FTP,21929
21930,23,UDP,SIP,21930
21931,53,UDP,DNS,21931
21932,5900,TCP,PGSQL,21932
21933,8000,UDP,UBIQUITY,21933
21934,443,TCP,HTTPS,21934
21935,22,UDP,TELNET,21935
21936,3128,UDP,IRDMI,21936
21937,21,TCP,VNC,21937
21938,443,TCP,HTTPS,21938
21939,443,TCP,HTTPS,21939
21940,6969,TCP,ZABBIX,21940
21941,8080,TCP,EMS,21941
21942,80,TCP,HTTP,21942
21943,22,UDP,VNC,21943
21944,23,UDP,MDS,21944
21945,587,UDP,IMAP4,21945
21946,137,UDP,VNC,21946
21947,1433,UDP,HPSERVICE,21947
21948,8000,TCP,MSSQL,21948
21949,443,TCP,HTTPS,21949
21950,5432,UDP,ISAKMP,21950
21951,53,UDP,DNS,21951
21952,5900,UDP,SIP,21952
21953,137,UDP,SNMP,21953
21954,53,TCP,MSSQL,21954
21955,1344,TCP,ISAKMP,21955
21956,10001,TCP,MDS,21956
21957,443,TCP,HTTPS,21957
21958,5060,TCP,MDS,21958
21959,138,TCP,ICAP,21959
21960,5060,TCP,ACMSODA,21960
21961,22,UDP,TELNET,21961
21962,3389,TCP,HPSERVICE,21962
21963,1433,TCP,EMS,21963
21964,6969,UDP,MSSQL,21964
21965,5060,UDP,MDS,21965
21966,5900,UDP,SIP,21966
21967,1433,UDP,ZABBIX,21967
21968,23,UDP,MDS,21968
21969,5432,UDP,RDP,21969
21970,445,UDP,HTTP,21970
21971,3128,TCP,HTTP,21971
21972,443,TCP,HTTPS,21972
21973,3689,UDP,FTP,21973
21974,8000,TCP,ICAP,21974
21975,443,TCP,HTTPS,21975
21976,500,UDP,ICAP,21976
21977,6969,TCP,UBIQUITY,21977
21978,9100,TCP,IRDMI,21978
21979,161,UDP,SSH,21979
21980,443,TCP,HTTPS,21980
21981,1433,TCP,XMPP,21981
21982,10051,UDP,MSSQL,21982
21983,3689,TCP,XMPP,21983
21984,1344,TCP,HPSERVICE,21984
21985,1433,TCP,PGSQL,21985
21986,21,UDP,HTTPS,21986
21987,5222,UDP,SNMP,21987
21988,5060,UDP,DAAPD,21988
21989,3389,UDP,HTTPS,21989
21990,22,UDP,SIP,21990
21991,53,UDP,DNS,21991
21992,9100,TCP,IMAP4,21992
21993,3389,UDP,ZABBIX,21993
21994,443,TCP,HTTPS,21994
21995,443,TCP,HTTPS,21995
21996,21,UDP,SSH,21996
21997,21,TCP,FTP,21997
21998,22,UDP,ISAKMP,21998
21999,587,UDP,IRDMI,21999
22000,993,UDP,PGSQL,22000
22001,500,TCP,PGSQL,22001
22002,22,TCP,ZABBIX,22002
22003,587,TCP,PGSQL,22003
22004,5432,UDP,RDP,22004
22005,22,TCP,VNC,22005
22006,53,UDP,DNS,22006
22007,161,UDP,SSH,22007
22008,443,TCP,HTTPS,22008
22009,1433,UDP,SSH,22009
22010,10051,TCP,ISAKMP,22010
22011,587,UDP,RDP,22011
22012,23,UDP,MDS,22012
22013,443,UDP,ACMSODA,22013
22014,445,TCP,HPSERVICE,22014
22015,53,UDP,ISAKMP,22015
22016,53,UDP,DNS,22016
22017,587,UDP,IRDMI,22017
22018,23,TCP,HPSERVICE,22018
22019,10001,UDP,ICAP,22019
22020,53,UDP,DNS,22020
22021,5061,UDP,SNMP,22021
22022,443,TCP,HTTPS,22022
22023,1433,TCP,EMS,22023
22024,443,UDP,MDS,22024
22025,5432,UDP,DNS,22025
22026,5060,TCP,ACMSODA,22026
22027,161,UDP,UBIQUITY,22027
22028,5222,TCP,SNMP,22028
22029,8080,TCP,ZABBIX,22029
22030,5432,UDP,RDP,22030
22031,443,TCP,ICAP,22031
22032,3128,UDP,ICAP,22032
22033,5222,TCP,SNMP,22033
22034,138,UDP,PGSQL,22034
22035,443,TCP,HTTPS,22035
22036,80,UDP,SIP,22036
22037,5061,UDP,TELNET,22037
22038,5432,UDP,HTTPS,22038
22039,443,TCP,HTTPS,22039
22040,21,UDP,ACMSODA,22040
22041,5900,UDP,ISAKMP,22041
22042,5061,UDP,DNS,22042
22043,53,TCP,MSSQL,22043
22044,993,UDP,TELNET,22044
22045,1344,UDP,DAAPD,22045
22046,161,UDP,VNC,22046
22047,443,TCP,HTTPS,22047
22048,22,UDP,SIP,22048
22049,443,TCP,HTTPS,22049
22050,500,TCP,ISAKMP,22050
22051,443,UDP,UBIQUITY,22051
22052,23,UDP,SIP,22052
22053,8000,UDP,PGSQL,22053
22054,53,UDP,DNS,22054
22055,587,TCP,RDP,22055
22056,993,UDP,DAAPD,22056
22057,10001,UDP,ICAP,22057
22058,443,TCP,HTTPS,22058
22059,443,TCP,HTTPS,22059
22060,5900,TCP,MSSQL,22060
22061,5061,UDP,DNS,22061
22062,138,TCP,ACMSODA,22062
22063,443,TCP,HTTPS,22063
22064,21,TCP,IMAP4,22064
22065,10001,UDP,SSH,22065
22066,443,UDP,MDS,22066
22067,445,UDP,TELNET,22067
22068,80,TCP,PGSQL,22068
22069,21,TCP,FTP,22069
22070,443,TCP,HTTPS,22070
22071,5061,UDP,TELNET,22071
22072,6969,TCP,ZABBIX,22072
22073,8080,UDP,TELNET,22073
22074,445,TCP,TELNET,22074
22075,1433,TCP,UBIQUITY,22075
22076,5060,TCP,MDS,22076
22077,3128,TCP,ACMSODA,22077
22078,138,TCP,MSSQL,22078
22079,138,UDP,ZABBIX,22079
22080,21,UDP,HTTPS,22080
22081,500,TCP,DNS,22081
22082,443,TCP,HTTPS,22082
22083,3689,TCP,SSH,22083
22084,443,TCP,HTTPS,22084
22085,53,UDP,ISAKMP,22085
22086,1344,TCP,TELNET,22086
22087,21,UDP,ACMSODA,22087
22088,5432,UDP,HTTPS,22088
22089,500,UDP,XMPP,22089
22090,6969,TCP,DNS,22090
22091,3128,UDP,SNMP,22091
22092,3128,UDP,IRDMI,22092
22093,5222,UDP,EMS,22093
22094,3389,TCP,HPSERVICE,22094
22095,22,UDP,SIP,22095
22096,993,TCP,ISAKMP,22096
22097,500,TCP,SSH,22097
22098,10051,UDP,VNC,22098
22099,1433,TCP,ISAKMP,22099
22100,443,TCP,HTTPS,22100
22101,443,TCP,HTTPS,22101
22102,161,UDP,SIP,22102
22103,138,TCP,SSH,22103
22104,3128,UDP,ICAP,22104
22105,8000,UDP,ACMSODA,22105
22106,138,TCP,DNS,22106
22107,53,UDP,XMPP,22107
22108,443,TCP,HTTPS,22108
22109,1433,UDP,ACMSODA,22109
22110,3689,TCP,ACMSODA,22110
22111,5432,UDP,IMAP4,22111
22112,10051,UDP,SIP,22112
22113,1344,UDP,TELNET,22113
22114,443,TCP,HTTPS,22114
22115,3128,UDP,ICAP,22115
22116,137,TCP,ACMSODA,22116
22117,993,TCP,NETBIOS,22117
22118,10001,TCP,MDS,22118
22119,3389,TCP,MSSQL,22119
22120,443,TCP,HTTPS,22120
22121,445,UDP,DNS,22121
22122,443,TCP,UBIQUITY,22122
22123,138,TCP,SSH,22123
22124,3389,TCP,MSSQL,22124
22125,8000,TCP,ICAP,22125
22126,138,TCP,SSH,22126
22127,21,UDP,XMPP,22127
22128,1433,UDP,XMPP,22128
22129,9100,TCP,RDP,22129
22130,5432,TCP,SSH,22130
22131,5432,UDP,IMAP4,22131
22132,3128,UDP,ICAP,22132
22133,22,TCP,HTTP,22133
22134,137,TCP,ISAKMP,22134
22135,587,UDP,RDP,22135
22136,5061,UDP,SNMP,22136
22137,5900,UDP,SIP,22137
22138,8080,TCP,ACMSODA,22138
22139,80,TCP,HTTPS,22139
22140,161,TCP,IRDMI,22140
22141,443,UDP,HPSERVICE,22141
22142,80,TCP,HTTP,22142
22143,3389,UDP,SNMP,22143
22144,138,UDP,IRDMI,22144
22145,443,TCP,HTTPS,22145
22146,443,TCP,HTTPS,22146
22147,138,UDP,HPSERVICE,22147
22148,5900,UDP,SIP,22148
22149,9100,TCP,IMAP4,22149
22150,9100,TCP,SNMP,22150
22151,5061,UDP,SNMP,22151
22152,3689,TCP,ACMSODA,22152
22153,5900,TCP,ZABBIX,22153
22154,3689,UDP,XMPP,22154
22155,443,TCP,HTTPS,22155
22156,21,TCP,FTP,22156
22157,161,UDP,SNMP,22157
22158,5900,TCP,MSSQL,22158
22159,5222,TCP,EMS,22159
22160,6969,TCP,ZABBIX,22160
22161,5900,TCP,RDP,22161
22162,3389,TCP,MSSQL,22162
22163,445,TCP,IRDMI,22163
22164,5061,TCP,ACMSODA,22164
22165,5432,UDP,HTTPS,22165
22166,138,TCP,IRDMI,22166
22167,443,TCP,HTTPS,22167
22168,8080,TCP,ZABBIX,22168
22169,5222,TCP,SNMP,22169
22170,3389,UDP,PGSQL,22170
22171,500,TCP,DNS,22171
22172,443,TCP,HTTPS,22172
22173,22,UDP,SIP,22173
22174,10051,UDP,MDS,22174
22175,21,TCP,FTP,22175
22176,5222,UDP,MDS,22176
22177,443,UDP,HTTPS,22177
22178,5432,TCP,DAAPD,22178
22179,500,UDP,DAAPD,22179
22180,6969,TCP,IMAP4,22180
22181,500,TCP,DNS,22181
22182,10051,UDP,SIP,22182
22183,137,TCP,MDS,22183
22184,443,TCP,HTTPS,22184
22185,8080,TCP,ACMSODA,22185
22186,8000,TCP,MSSQL,22186
22187,138,UDP,ZABBIX,22187
22188,3689,UDP,XMPP,22188
22189,5432,TCP,SSH,22189
22190,137,TCP,IRDMI,22190
22191,993,UDP,PGSQL,22191
22192,23,TCP,VNC,22192
22193,21,UDP,ACMSODA,22193
22194,5432,TCP,HPSERVICE,22194
22195,587,UDP,TELNET,22195
22196,5061,TCP,VNC,22196
22197,3689,TCP,HPSERVICE,22197
22198,443,TCP,HTTPS,22198
22199,500,TCP,DNS,22199
22200,5061,TCP,SNMP,22200
22201,587,UDP,ISAKMP,22201
22202,21,UDP,XMPP,22202
22203,443,TCP,HTTPS,22203
22204,10051,UDP,MDS,22204
22205,80,UDP,VNC,22205
22206,443,UDP,DAAPD,22206
22207,5432,TCP,DAAPD,22207
22208,161,TCP,IMAP4,22208
22209,5061,UDP,PGSQL,22209
22210,53,UDP,HTTP,22210
22211,5900,TCP,PGSQL,22211
22212,1344,TCP,IMAP4,22212
22213,10051,UDP,SIP,22213
22214,8080,TCP,ACMSODA,22214
22215,1433,UDP,XMPP,22215
22216,587,UDP,IRDMI,22216
22217,587,UDP,EMS,22217
22218,587,UDP,ICAP,22218
22219,1433,UDP,ACMSODA,22219
22220,8080,UDP,ISAKMP,22220
22221,443,TCP,UBIQUITY,22221
22222,1433,TCP,PGSQL,22222
22223,1344,TCP,TELNET,22223
22224,443,TCP,ACMSODA,22224
22225,80,UDP,HTTP,22225
22226,23,TCP,HPSERVICE,22226
22227,443,TCP,HTTPS,22227
22228,5432,UDP,ISAKMP,22228
22229,443,TCP,HTTPS,22229
22230,23,TCP,HPSERVICE,22230
22231,443,TCP,HTTPS,22231
22232,443,TCP,HTTPS,22232
22233,9100,UDP,PGSQL,22233
22234,443,TCP,HTTPS,22234
22235,8080,TCP,MSSQL,22235
22236,443,TCP,HTTPS,22236
22237,443,TCP,HTTPS,22237
22238,3689,TCP,HPSERVICE,22238
22239,138,UDP,HPSERVICE,22239
22240,443,UDP,MDS,22240
22241,5432,UDP,ISAKMP,22241
22242,1433,UDP,XMPP,22242
22243,500,TCP,PGSQL,22243
22244,8000,TCP,MSSQL,22244
22245,993,TCP,ICAP,22245
22246,1344,TCP,NETBIOS,22246
22247,10001,UDP,RDP,22247
22248,445,TCP,TELNET,22248
22249,443,TCP,HTTPS,22249
22250,8080,UDP,TELNET,22250
22251,1433,TCP,MSSQL,22251
22252,161,TCP,DAAPD,22252
22253,5900,UDP,MDS,22253
22254,5900,UDP,MSSQL,22254
22255,5060,UDP,HTTPS,22255
22256,161,TCP,DAAPD,22256
22257,500,UDP,XMPP,22257
22258,10051,TCP,UBIQUITY,22258
22259,23,UDP,SIP,22259
22260,21,UDP,VNC,22260
22261,1344,UDP,EMS,22261
22262,5432,UDP,HTTPS,22262
22263,53,TCP,XMPP,22263
22264,80,UDP,ZABBIX,22264
22265,3689,TCP,PGSQL,22265
22266,443,TCP,HTTPS,22266
22267,443,TCP,HTTPS,22267
22268,80,UDP,PGSQL,22268
22269,5432,UDP,IMAP4,22269
22270,587,UDP,IMAP4,22270
22271,23,TCP,FTP,22271
22272,161,UDP,VNC,22272
22273,443,TCP,HTTPS,22273
22274,445,UDP,HTTP,22274
22275,6969,TCP,HTTPS,22275
22276,53,UDP,XMPP,22276
22277,993,UDP,ISAKMP,22277
22278,5900,UDP,HTTP,22278
22279,3128,TCP,HPSERVICE,22279
22280,443,TCP,HTTPS,22280
22281,22,TCP,IMAP4,22281
22282,80,TCP,HTTP,22282
22283,443,TCP,HTTPS,22283
22284,10051,UDP,SIP,22284
22285,1344,UDP,RDP,22285
22286,445,UDP,DNS,22286
22287,6969,TCP,ZABBIX,22287
22288,138,UDP,HPSERVICE,22288
22289,5900,UDP,MDS,22289
22290,1433,TCP,MDS,22290
22291,500,UDP,XMPP,22291
22292,10001,TCP,HPSERVICE,22292
22293,1433,UDP,XMPP,22293
22294,5432,UDP,DNS,22294
22295,80,UDP,SIP,22295
22296,5061,UDP,PGSQL,22296
22297,5432,UDP,MSSQL,22297
22298,500,UDP,XMPP,22298
22299,443,TCP,HTTPS,22299
22300,500,UDP,DAAPD,22300
22301,587,TCP,SIP,22301
22302,443,UDP,IRDMI,22302
22303,5432,UDP,ACMSODA,22303
22304,5900,UDP,MSSQL,22304
22305,8080,UDP,ACMSODA,22305
22306,10051,UDP,VNC,22306
22307,443,TCP,HTTPS,22307
22308,3689,TCP,HTTP,22308
22309,80,TCP,HTTP,22309
22310,443,TCP,HTTPS,22310
22311,9100,UDP,DAAPD,22311
22312,443,TCP,HTTPS,22312
22313,21,UDP,RDP,22313
22314,5060,UDP,DAAPD,22314
22315,6969,TCP,EMS,22315
22316,443,TCP,HTTPS,22316
22317,21,TCP,FTP,22317
22318,53,UDP,DNS,22318
22319,5061,TCP,XMPP,22319
22320,137,TCP,MDS,22320
22321,3128,TCP,IMAP4,22321
22322,5061,UDP,DNS,22322
22323,1344,UDP,EMS,22323
22324,443,TCP,RDP,22324
22325,445,UDP,HTTPS,22325
22326,5061,UDP,ACMSODA,22326
22327,5060,TCP,ACMSODA,22327
22328,5060,TCP,HTTP,22328
22329,443,TCP,HTTPS,22329
22330,8080,UDP,TELNET,22330
22331,587,UDP,HTTP,22331
22332,80,UDP,XMPP,22332
22333,6969,TCP,HTTPS,22333
22334,10001,UDP,FTP,22334
22335,22,TCP,HTTP,22335
22336,10001,UDP,HTTP,22336
22337,500,UDP,TELNET,22337
22338,161,TCP,TELNET,22338
22339,443,TCP,HTTPS,22339
22340,1344,UDP,DAAPD,22340
22341,8080,TCP,ACMSODA,22341
22342,161,TCP,XMPP,22342
22343,1344,TCP,TELNET,22343
22344,161,UDP,UBIQUITY,22344
22345,587,UDP,RDP,22345
22346,53,UDP,DNS,22346
22347,443,TCP,RDP,22347
22348,80,TCP,HTTP,22348
22349,1344,TCP,NETBIOS,22349
22350,8000,UDP,HPSERVICE,22350
22351,587,UDP,IRDMI,22351
22352,22,UDP,SIP,22352
22353,1344,UDP,SSH,22353
22354,443,TCP,HTTP,22354
22355,5900,UDP,MSSQL,22355
22356,443,TCP,HTTPS,22356
22357,9100,TCP,IRDMI,22357
22358,443,TCP,HTTPS,22358
22359,5060,UDP,MSSQL,22359
22360,1433,TCP,HTTPS,22360
22361,3128,UDP,ICAP,22361
22362,5061,TCP,VNC,22362
22363,53,UDP,DNS,22363
22364,445,UDP,DNS,22364
22365,1433,TCP,IMAP4,22365
22366,53,UDP,HTTP,22366
22367,21,TCP,IMAP4,22367
22368,53,UDP,DNS,22368
22369,3689,TCP,PGSQL,22369
22370,443,TCP,HTTPS,22370
22371,21,UDP,MSSQL,22371
22372,1344,TCP,TELNET,22372
22373,443,TCP,HTTPS,22373
22374,80,TCP,PGSQL,22374
22375,53,UDP,ZABBIX,22375
22376,161,UDP,VNC,22376
22377,23,UDP,SIP,22377
22378,587,UDP,ICAP,22378
22379,10051,UDP,MSSQL,22379
22380,5061,TCP,VNC,22380
22381,80,TCP,HTTP,22381
22382,443,TCP,HTTPS,22382
22383,8000,UDP,UBIQUITY,22383
22384,80,TCP,HTTP,22384
22385,53,UDP,DNS,22385
22386,21,TCP,FTP,22386
22387,443,TCP,HTTPS,22387
22388,500,UDP,XMPP,22388
22389,80,UDP,SNMP,22389
22390,3128,UDP,ICAP,22390
22391,21,TCP,EMS,22391
22392,443,TCP,HTTPS,22392
22393,138,TCP,IRDMI,22393
22394,3689,UDP,MSSQL,22394
22395,138,TCP,SSH,22395
22396,1344,TCP,SNMP,22396
22397,53,UDP,NETBIOS,22397
22398,138,TCP,DNS,22398
22399,500,UDP,DAAPD,22399
22400,21,TCP,NETBIOS,22400
22401,22,TCP,FTP,22401
22402,80,UDP,ZABBIX,22402
22403,10001,UDP,SSH,22403
22404,445,UDP,DNS,22404
22405,3128,TCP,HTTP,22405
22406,443,TCP,HTTPS,22406
22407,587,UDP,HTTP,22407
22408,5061,TCP,VNC,22408
22409,8000,TCP,SSH,22409
22410,6969,TCP,ISAKMP,22410
22411,53,UDP,DNS,22411
22412,443,TCP,HTTPS,22412
22413,5432,TCP,SSH,22413
22414,443,TCP,HTTPS,22414
22415,10001,UDP,PGSQL,22415
22416,5222,UDP,RDP,22416
22417,3389,TCP,IRDMI,22417
22418,1344,UDP,DAAPD,22418
22419,3689,TCP,TELNET,22419
22420,53,UDP,DNS,22420
22421,993,UDP,SNMP,22421
22422,138,TCP,ACMSODA,22422
22423,5061,UDP,SNMP,22423
22424,5432,UDP,HTTPS,22424
22425,10001,TCP,IRDMI,22425
22426,5061,TCP,VNC,22426
22427,443,TCP,HTTPS,22427
22428,3689,UDP,IMAP4,22428
22429,5222,UDP,SSH,22429
22430,3689,UDP,MSSQL,22430
22431,445,UDP,IMAP4,22431
22432,6969,TCP,ISAKMP,22432
22433,3128,TCP,SNMP,22433
22434,161,TCP,TELNET,22434
22435,443,TCP,HTTPS,22435
22436,161,TCP,IMAP4,22436
22437,161,UDP,UBIQUITY,22437
22438,21,TCP,FTP,22438
22439,8080,UDP,ISAKMP,22439
22440,993,TCP,SSH,22440
22441,80,UDP,HTTP,22441
22442,138,TCP,ICAP,22442
22443,8080,UDP,ACMSODA,22443
22444,1433,TCP,ISAKMP,22444
22445,10051,TCP,ZABBIX,22445
22446,443,TCP,HTTPS,22446
22447,138,UDP,IRDMI,22447
22448,443,UDP,HTTPS,22448
22449,80,UDP,ZABBIX,22449
22450,1433,UDP,ZABBIX,22450
22451,3389,TCP,SSH,22451
22452,445,UDP,MDS,22452
22453,3689,UDP,HTTP,22453
22454,53,UDP,DNS,22454
22455,5432,TCP,XMPP,22455
22456,500,UDP,RDP,22456
22457,443,TCP,HTTPS,22457
22458,53,UDP,DNS,22458
22459,22,UDP,SIP,22459
22460,10051,UDP,DNS,22460
22461,443,TCP,HTTPS,22461
22462,22,TCP,PGSQL,22462
22463,161,UDP,SSH,22463
22464,53,UDP,TELNET,22464
22465,6969,TCP,SNMP,22465
22466,3689,TCP,TELNET,22466
22467,23,TCP,VNC,22467
22468,5060,TCP,ACMSODA,22468
22469,587,UDP,PGSQL,22469
22470,23,UDP,SIP,22470
22471,443,TCP,HTTPS,22471
22472,5222,TCP,FTP,22472
22473,443,TCP,HTTPS,22473
22474,23,UDP,SIP,22474
22475,443,TCP,UBIQUITY,22475
22476,8080,UDP,FTP,22476
22477,23,UDP,MDS,22477
22478,6969,TCP,ZABBIX,22478
22479,443,TCP,HTTPS,22479
22480,3689,TCP,SSH,22480
22481,6969,TCP,HTTPS,22481
22482,1433,TCP,VNC,22482
22483,22,TCP,SSH,22483
22484,10001,UDP,DAAPD,22484
22485,5061,TCP,ICAP,22485
22486,1433,UDP,XMPP,22486
22487,443,TCP,HTTPS,22487
22488,138,TCP,IRDMI,22488
22489,3389,UDP,RDP,22489
22490,5222,UDP,SNMP,22490
22491,22,TCP,PGSQL,22491
22492,5060,TCP,FTP,22492
22493,8000,UDP,DNS,22493
22494,500,UDP,XMPP,22494
22495,8000,UDP,DNS,22495
22496,1344,TCP,TELNET,22496
22497,80,UDP,SNMP,22497
22498,5060,UDP,PGSQL,22498
22499,161,TCP,SSH,22499
22500,23,TCP,HTTP,22500
22501,5900,TCP,FTP,22501
22502,5900,TCP,SNMP,22502
22503,10051,TCP,NETBIOS,22503
22504,500,UDP,DNS,22504
22505,138,TCP,SSH,22505
22506,1433,UDP,MSSQL,22506
22507,137,TCP,PGSQL,22507
22508,587,UDP,XMPP,22508
22509,3128,TCP,SSH,22509
22510,3689,TCP,PGSQL,22510
22511,587,TCP,PGSQL,22511
22512,443,TCP,HTTPS,22512
22513,443,TCP,UBIQUITY,22513
22514,587,UDP,XMPP,22514
22515,443,UDP,HTTPS,22515
22516,443,TCP,HTTPS,22516
22517,443,TCP,HTTPS,22517
22518,8080,UDP,TELNET,22518
22519,53,UDP,SSH,22519
22520,500,TCP,HTTPS,22520
22521,1433,TCP,EMS,22521
22522,5061,UDP,TELNET,22522
22523,443,TCP,HTTPS,22523
22524,500,UDP,DNS,22524
22525,23,UDP,TELNET,22525
22526,80,UDP,ZABBIX,22526
22527,1344,TCP,IMAP4,22527
22528,445,TCP,SSH,22528
22529,1344,TCP,DAAPD,22529
22530,587,TCP,ACMSODA,22530
22531,137,UDP,HTTPS,22531
22532,8080,UDP,TELNET,22532
22533,9100,TCP,SSH,22533
22534,137,UDP,ZABBIX,22534
22535,587,TCP,RDP,22535
22536,10001,UDP,ZABBIX,22536
22537,993,TCP,DNS,22537
22538,80,UDP,SIP,22538
22539,23,TCP,HPSERVICE,22539
22540,1344,TCP,TELNET,22540
22541,23,TCP,IMAP4,22541
22542,23,UDP,FTP,22542
22543,8080,UDP,TELNET,22543
22544,8080,UDP,ISAKMP,22544
22545,161,UDP,UBIQUITY,22545
22546,10051,TCP,ZABBIX,22546
22547,3689,UDP,FTP,22547
22548,22,TCP,ZABBIX,22548
22549,138,UDP,HPSERVICE,22549
22550,8000,TCP,SSH,22550
22551,5061,UDP,HTTP,22551
22552,80,TCP,PGSQL,22552
22553,137,TCP,RDP,22553
22554,3128,TCP,SNMP,22554
22555,53,UDP,ISAKMP,22555
22556,3389,UDP,PGSQL,22556
22557,500,TCP,IMAP4,22557
22558,5432,UDP,ACMSODA,22558
22559,3128,UDP,ICAP,22559
22560,22,UDP,IMAP4,22560
22561,5060,TCP,ACMSODA,22561
22562,500,TCP,SIP,22562
22563,500,UDP,DAAPD,22563
22564,443,UDP,ACMSODA,22564
22565,22,UDP,TELNET,22565
22566,80,TCP,MSSQL,22566
22567,443,TCP,HTTPS,22567
22568,1433,UDP,ZABBIX,22568
22569,8000,TCP,SSH,22569
22570,587,TCP,VNC,22570
22571,5061,UDP,PGSQL,22571
22572,22,UDP,VNC,22572
22573,137,UDP,XMPP,22573
22574,443,TCP,HTTPS,22574
22575,993,TCP,SSH,22575
22576,9100,TCP,PGSQL,22576
22577,161,UDP,VNC,22577
22578,587,UDP,HTTP,22578
22579,443,TCP,HTTPS,22579
22580,161,UDP,PGSQL,22580
22581,22,UDP,VNC,22581
22582,5432,TCP,SSH,22582
22583,1344,TCP,EMS,22583
22584,1344,UDP,HTTPS,22584
22585,21,UDP,SIP,22585
22586,22,TCP,VNC,22586
22587,443,TCP,HTTPS,22587
22588,3689,TCP,HPSERVICE,22588
22589,443,TCP,HTTPS,22589
22590,21,TCP,FTP,22590
22591,443,TCP,HTTPS,22591
22592,21,TCP,DAAPD,22592
22593,443,TCP,HTTPS,22593
22594,5432,UDP,RDP,22594
22595,80,UDP,SIP,22595
22596,3128,TCP,UBIQUITY,22596
22597,443,TCP,HTTPS,22597
22598,500,UDP,DAAPD,22598
22599,6969,UDP,DAAPD,22599
22600,138,TCP,XMPP,22600
22601,443,TCP,HTTPS,22601
22602,5060,TCP,HTTP,22602
22603,5222,TCP,NETBIOS,22603
22604,53,TCP,MSSQL,22604
22605,443,TCP,HTTP,22605
22606,53,UDP,DNS,22606
22607,500,UDP,DAAPD,22607
22608,443,TCP,HTTPS,22608
22609,993,UDP,DAAPD,22609
22610,1344,TCP,NETBIOS,22610
22611,21,UDP,SSH,22611
22612,138,TCP,SSH,22612
22613,53,UDP,DNS,22613
22614,8000,TCP,SSH,22614
22615,5432,TCP,ZABBIX,22615
22616,138,UDP,UBIQUITY,22616
22617,445,UDP,TELNET,22617
22618,6969,UDP,DAAPD,22618
22619,161,TCP,IRDMI,22619
22620,8080,UDP,ACMSODA,22620
22621,5432,UDP,NETBIOS,22621
22622,137,TCP,ICAP,22622
22623,443,TCP,HTTPS,22623
22624,993,UDP,DAAPD,22624
22625,3389,TCP,HPSERVICE,22625
22626,23,TCP,HPSERVICE,22626
22627,500,UDP,VNC,22627
22628,80,TCP,HTTP,22628
22629,443,TCP,HTTPS,22629
22630,443,TCP,HTTPS,22630
22631,8000,UDP,PGSQL,22631
22632,10001,TCP,EMS,22632
22633,1433,UDP,MSSQL,22633
22634,443,TCP,DAAPD,22634
22635,137,TCP,PGSQL,22635
22636,5432,TCP,VNC,22636
22637,137,TCP,MSSQL,22637
22638,161,UDP,PGSQL,22638
22639,443,TCP,HTTPS,22639
22640,587,UDP,RDP,22640
22641,3689,UDP,SNMP,22641
22642,6969,TCP,ACMSODA,22642
22643,10001,UDP,SNMP,22643
22644,5222,UDP,ICAP,22644
22645,993,UDP,PGSQL,22645
22646,443,TCP,HTTPS,22646
22647,1344,UDP,EMS,22647
22648,8000,TCP,SSH,22648
22649,53,UDP,DNS,22649
22650,5222,UDP,MSSQL,22650
22651,587,TCP,PGSQL,22651
22652,5432,UDP,MSSQL,22652
22653,3689,TCP,HPSERVICE,22653
22654,23,TCP,HPSERVICE,22654
22655,5432,UDP,HTTPS,22655
22656,587,UDP,FTP,22656
22657,5900,TCP,MSSQL,22657
22658,23,TCP,HPSERVICE,22658
22659,443,TCP,HTTPS,22659
22660,23,UDP,XMPP,22660
22661,10001,TCP,EMS,22661
22662,443,TCP,HTTPS,22662
22663,5432,UDP,ISAKMP,22663
22664,3128,UDP,ICAP,22664
22665,5061,TCP,XMPP,22665
22666,10001,TCP,FTP,22666
22667,5900,UDP,HTTP,22667
22668,53,UDP,ISAKMP,22668
22669,138,UDP,IRDMI,22669
22670,6969,UDP,DNS,22670
22671,5222,UDP,SSH,22671
22672,5432,UDP,NETBIOS,22672
22673,10001,UDP,SNMP,22673
22674,587,TCP,SIP,22674
22675,443,TCP,HTTPS,22675
22676,23,UDP,FTP,22676
22677,443,TCP,HTTPS,22677
22678,161,TCP,IMAP4,22678
22679,445,UDP,HTTPS,22679
22680,443,TCP,HTTPS,22680
22681,138,UDP,HPSERVICE,22681
22682,443,TCP,HTTPS,22682
22683,80,TCP,HTTP,22683
22684,500,UDP,VNC,22684
22685,21,TCP,FTP,22685
22686,5061,TCP,XMPP,22686
22687,10051,UDP,MSSQL,22687
22688,443,TCP,HTTPS,22688
22689,1344,TCP,UBIQUITY,22689
22690,5432,TCP,ACMSODA,22690
22691,3689,TCP,TELNET,22691
22692,5060,TCP,MDS,22692
22693,53,UDP,DNS,22693
22694,443,TCP,HTTPS,22694
22695,22,TCP,PGSQL,22695
22696,21,TCP,FTP,22696
22697,9100,TCP,SSH,22697
22698,5432,UDP,IMAP4,22698
22699,5222,UDP,EMS,22699
22700,8080,UDP,ICAP,22700
22701,443,TCP,HTTPS,22701
22702,5061,UDP,HTTP,22702
22703,80,TCP,FTP,22703
22704,10051,UDP,VNC,22704
22705,10001,UDP,ICAP,22705
22706,22,TCP,VNC,22706
22707,5432,UDP,NETBIOS,22707
22708,53,UDP,DNS,22708
22709,10001,UDP,SNMP,22709
22710,1433,UDP,ACMSODA,22710
22711,9100,TCP,SSH,22711
22712,5432,TCP,ZABBIX,22712
22713,138,TCP,MSSQL,22713
22714,5900,UDP,ICAP,22714
22715,10051,UDP,HTTPS,22715
22716,1433,TCP,UBIQUITY,22716
22717,443,TCP,HTTPS,22717
22718,445,UDP,DAAPD,22718
22719,5061,TCP,VNC,22719
22720,1433,TCP,MDS,22720
22721,587,TCP,MDS,22721
22722,1344,UDP,SSH,22722
22723,22,UDP,PGSQL,22723
22724,445,TCP,SSH,22724
22725,1433,TCP,UBIQUITY,22725
22726,3689,UDP,SNMP,22726
22727,53,TCP,MSSQL,22727
22728,443,TCP,HTTPS,22728
22729,8080,UDP,FTP,22729
22730,993,UDP,RDP,22730
22731,3128,UDP,ICAP,22731
22732,443,TCP,HTTPS,22732
22733,3689,UDP,HPSERVICE,22733
22734,5222,TCP,EMS,22734
22735,993,TCP,DNS,22735
22736,10051,UDP,PGSQL,22736
22737,6969,TCP,ACMSODA,22737
22738,993,TCP,RDP,22738
22739,21,UDP,MSSQL,22739
22740,161,UDP,IRDMI,22740
22741,3689,UDP,HTTP,22741
22742,443,TCP,HTTPS,22742
22743,445,UDP,DAAPD,22743
22744,3128,TCP,UBIQUITY,22744
22745,22,TCP,VNC,22745
22746,5060,TCP,MDS,22746
22747,993,UDP,TELNET,22747
22748,5432,TCP,ACMSODA,22748
22749,5432,UDP,ACMSODA,22749
22750,3128,UDP,IMAP4,22750
22751,5432,TCP,VNC,22751
22752,443,TCP,UBIQUITY,22752
22753,3128,UDP,IMAP4,22753
22754,3689,TCP,TELNET,22754
22755,8000,TCP,SSH,22755
22756,1344,TCP,IMAP4,22756
22757,5900,TCP,FTP,22757
22758,6969,TCP,IMAP4,22758
22759,587,UDP,FTP,22759
22760,6969,UDP,ZABBIX,22760
22761,587,UDP,XMPP,22761
22762,3689,TCP,ICAP,22762
22763,21,TCP,FTP,22763
22764,1433,TCP,MDS,22764
22765,21,TCP,FTP,22765
22766,80,TCP,HTTP,22766
22767,137,TCP,ACMSODA,22767
22768,1344,UDP,SSH,22768
22769,8000,TCP,HTTPS,22769
22770,443,TCP,HTTPS,22770
22771,5900,TCP,PGSQL,22771
22772,993,UDP,TELNET,22772
22773,138,TCP,HTTP,22773
22774,5432,UDP,DNS,22774
22775,21,UDP,MSSQL,22775
22776,5060,UDP,FTP,22776
22777,443,TCP,HTTPS,22777
22778,5900,TCP,IRDMI,22778
22779,443,TCP,HTTPS,22779
22780,21,TCP,FTP,22780
22781,53,UDP,NETBIOS,22781
22782,1433,TCP,EMS,22782
22783,53,UDP,DNS,22783
22784,3689,TCP,ICAP,22784
22785,21,TCP,FTP,22785
22786,161,TCP,XMPP,22786
22787,1344,TCP,NETBIOS,22787
22788,5432,TCP,DAAPD,22788
22789,137,TCP,MSSQL,22789
22790,138,TCP,ICAP,22790
22791,22,UDP,VNC,22791
22792,445,UDP,IMAP4,22792
22793,21,TCP,FTP,22793
22794,443,TCP,HTTPS,22794
22795,53,UDP,DNS,22795
22796,5900,UDP,SIP,22796
22797,3389,TCP,MSSQL,22797
22798,21,TCP,FTP,22798
22799,21,UDP,ACMSODA,22799
22800,21,TCP,VNC,22800
22801,3689,UDP,VNC,22801
22802,53,UDP,DNS,22802
22803,21,TCP,IMAP4,22803
22804,443,TCP,ACMSODA,22804
22805,80,TCP,HTTP,22805
22806,3128,TCP,HTTP,22806
22807,21,TCP,IMAP4,22807
22808,443,TCP,HTTPS,22808
22809,10051,UDP,DNS,22809
22810,443,TCP,HTTPS,22810
22811,5900,UDP,MDS,22811
22812,22,TCP,UBIQUITY,22812
22813,443,TCP,HTTPS,22813
22814,8080,TCP,FTP,22814
22815,5900,TCP,FTP,22815
22816,5222,TCP,HTTPS,22816
22817,993,TCP,NETBIOS,22817
22818,1344,TCP,TELNET,22818
22819,138,UDP,IRDMI,22819
22820,993,TCP,IMAP4,22820
22821,80,TCP,HTTP,22821
22822,5432,TCP,XMPP,22822
22823,443,TCP,HTTPS,22823
22824,10051,UDP,VNC,22824
22825,443,TCP,HTTPS,22825
22826,21,TCP,IMAP4,22826
22827,3689,UDP,HTTP,22827
22828,10051,TCP,ISAKMP,22828
22829,443,UDP,DAAPD,22829
22830,3689,TCP,SSH,22830
22831,10051,UDP,MDS,22831
22832,8080,UDP,ACMSODA,22832
22833,443,TCP,HTTPS,22833
22834,5061,UDP,PGSQL,22834
22835,443,TCP,HTTPS,22835
22836,10001,UDP,HTTP,22836
22837,1344,UDP,ICAP,22837
22838,3389,TCP,HTTPS,22838
22839,443,UDP,IRDMI,22839
22840,993,TCP,DNS,22840
22841,5432,UDP,MSSQL,22841
22842,137,TCP,ACMSODA,22842
22843,5432,UDP,ISAKMP,22843
22844,53,TCP,SNMP,22844
22845,21,TCP,FTP,22845
22846,500,UDP,MDS,22846
22847,5432,TCP,XMPP,22847
22848,10051,UDP,VNC,22848
22849,8080,TCP,ACMSODA,22849
22850,500,TCP,SIP,22850
22851,443,UDP,HTTPS,22851
22852,587,TCP,PGSQL,22852
22853,22,UDP,ACMSODA,22853
22854,993,TCP,NETBIOS,22854
22855,443,TCP,HTTPS,22855
22856,5222,TCP,TELNET,22856
22857,5900,UDP,MSSQL,22857
22858,8000,UDP,HTTP,22858
22859,6969,TCP,SIP,22859
22860,1344,UDP,DAAPD,22860
22861,500,UDP,DNS,22861
22862,5061,TCP,VNC,22862
22863,587,TCP,RDP,22863
22864,5060,TCP,MDS,22864
22865,1433,TCP,UBIQUITY,22865
22866,3128,TCP,SSH,22866
22867,3128,UDP,ICAP,22867
22868,8000,TCP,UBIQUITY,22868
22869,6969,TCP,ZABBIX,22869
22870,10051,UDP,VNC,22870
22871,443,TCP,HTTPS,22871
22872,443,TCP,HTTPS,22872
22873,53,UDP,DNS,22873
22874,3128,TCP,HTTP,22874
22875,443,TCP,UBIQUITY,22875
22876,445,UDP,TELNET,22876
22877,1433,UDP,ACMSODA,22877
22878,587,UDP,ISAKMP,22878
22879,500,UDP,RDP,22879
22880,5900,UDP,SSH,22880
22881,8080,UDP,FTP,22881
22882,443,TCP,HTTPS,22882
22883,6969,TCP,XMPP,22883
22884,23,UDP,MDS,22884
22885,80,UDP,HTTP,22885
22886,21,UDP,HTTPS,22886
22887,23,UDP,MDS,22887
22888,138,UDP,PGSQL,22888
22889,137,TCP,HTTPS,22889
22890,10051,UDP,ICAP,22890
22891,3128,UDP,ICAP,22891
22892,5900,TCP,FTP,22892
22893,443,TCP,HTTPS,22893
22894,443,TCP,IRDMI,22894
22895,5060,TCP,NETBIOS,22895
22896,80,UDP,NETBIOS,22896
22897,5060,UDP,FTP,22897
22898,21,UDP,MSSQL,22898
22899,23,UDP,MDS,22899
22900,443,TCP,HTTPS,22900
22901,5222,TCP,ICAP,22901
22902,3689,TCP,TELNET,22902
22903,80,UDP,ZABBIX,22903
22904,443,TCP,HTTPS,22904
22905,1344,UDP,PGSQL,22905
22906,23,UDP,SIP,22906
22907,138,UDP,HPSERVICE,22907
22908,5222,UDP,PGSQL,22908
22909,443,TCP,HTTPS,22909
22910,137,TCP,XMPP,22910
22911,3689,UDP,FTP,22911
22912,5900,UDP,MDS,22912
22913,443,TCP,HTTPS,22913
22914,500,TCP,SSH,22914
22915,80,TCP,HTTP,22915
22916,1433,UDP,XMPP,22916
22917,1433,TCP,ZABBIX,22917
22918,443,TCP,UBIQUITY,22918
22919,21,UDP,SIP,22919
22920,5432,UDP,ISAKMP,22920
22921,443,UDP,ISAKMP,22921
22922,80,TCP,HTTP,22922
22923,1344,UDP,MDS,22923
22924,5060,TCP,NETBIOS,22924
22925,53,UDP,DNS,22925
22926,3389,UDP,PGSQL,22926
22927,587,UDP,IRDMI,22927
22928,587,TCP,MDS,22928
22929,5061,TCP,SIP,22929
22930,80,UDP,HTTP,22930
22931,3689,UDP,IMAP4,22931
22932,5061,UDP,ACMSODA,22932
22933,8000,UDP,HTTP,22933
22934,21,UDP,RDP,22934
22935,445,UDP,TELNET,22935
22936,8000,TCP,UBIQUITY,22936
22937,10001,UDP,SSH,22937
22938,443,TCP,HTTPS,22938
22939,22,UDP,VNC,22939
22940,23,TCP,VNC,22940
22941,21,UDP,RDP,22941
22942,3689,UDP,SNMP,22942
22943,5900,TCP,PGSQL,22943
22944,445,UDP,IMAP4,22944
22945,3689,TCP,HTTP,22945
22946,5060,TCP,XMPP,22946
22947,443,UDP,UBIQUITY,22947
22948,21,UDP,MSSQL,22948
22949,23,TCP,VNC,22949
22950,8080,UDP,ACMSODA,22950
22951,6969,TCP,IMAP4,22951
22952,443,UDP,IRDMI,22952
22953,5060,TCP,HPSERVICE,22953
22954,138,TCP,ICAP,22954
22955,161,UDP,HPSERVICE,22955
22956,10001,TCP,ZABBIX,22956
22957,443,TCP,HTTPS,22957
22958,5432,TCP,ZABBIX,22958
22959,3689,UDP,VNC,22959
22960,3389,TCP,IMAP4,22960
22961,1344,TCP,IMAP4,22961
22962,161,UDP,SSH,22962
22963,23,UDP,SIP,22963
22964,3389,TCP,SSH,22964
22965,23,UDP,TELNET,22965
22966,443,TCP,HTTPS,22966
22967,1344,TCP,TELNET,22967
22968,137,TCP,HTTPS,22968
22969,21,UDP,UBIQUITY,22969
22970,443,UDP,HTTPS,22970
22971,80,TCP,PGSQL,22971
22972,443,TCP,HTTPS,22972
22973,137,TCP,ACMSODA,22973
22974,5060,TCP,IMAP4,22974
22975,3389,UDP,SNMP,22975
22976,443,TCP,HTTPS,22976
22977,3689,TCP,SSH,22977
22978,443,TCP,HTTPS,22978
22979,1344,TCP,DAAPD,22979
22980,21,TCP,IMAP4,22980
22981,161,TCP,TELNET,22981
22982,3128,UDP,ICAP,22982
22983,9100,UDP,MDS,22983
22984,500,UDP,XMPP,22984
22985,3128,UDP,IRDMI,22985
22986,587,UDP,ISAKMP,22986
22987,5900,UDP,EMS,22987
22988,10051,UDP,SSH,22988
22989,3689,UDP,SSH,22989
22990,443,UDP,HTTPS,22990
22991,1344,UDP,HTTP,22991
22992,8080,UDP,SSH,22992
22993,53,UDP,VNC,22993
22994,5900,UDP,UBIQUITY,22994
22995,500,TCP,DNS,22995
22996,161,TCP,XMPP,22996
22997,443,TCP,ACMSODA,22997
22998,3128,UDP,ZABBIX,22998
22999,5061,UDP,PGSQL,22999
23000,8000,UDP,HPSERVICE,23000
23001,443,TCP,HTTPS,23001
23002,137,TCP,HTTP,23002
23003,80,TCP,HTTP,23003
23004,10051,UDP,SIP,23004
23005,443,TCP,HTTPS,23005
23006,5432,TCP,DAAPD,23006
23007,21,TCP,FTP,23007
23008,21,TCP,VNC,23008
23009,138,UDP,VNC,23009
23010,5222,TCP,EMS,23010
23011,3389,TCP,HPSERVICE,23011
23012,443,TCP,HTTPS,23012
23013,5432,TCP,VNC,23013
23014,443,TCP,RDP,23014
23015,1344,TCP,UBIQUITY,23015
23016,22,TCP,VNC,23016
23017,10001,UDP,ZABBIX,23017
23018,6969,TCP,IMAP4,23018
23019,3689,TCP,ICAP,23019
23020,80,TCP,HTTP,23020
23021,10001,TCP,MDS,23021
23022,5900,UDP,MSSQL,23022
23023,3128,UDP,ICAP,23023
23024,80,TCP,FTP,23024
23025,21,UDP,MSSQL,23025
23026,445,UDP,DAAPD,23026
23027,22,UDP,PGSQL,23027
23028,443,TCP,HTTPS,23028
23029,3128,UDP,ICAP,23029
23030,21,TCP,FTP,23030
23031,161,UDP,UBIQUITY,23031
23032,137,TCP,HTTPS,23032
23033,22,TCP,UBIQUITY,23033
23034,5432,TCP,SSH,23034
23035,1433,UDP,ACMSODA,23035
23036,53,UDP,DNS,23036
23037,443,TCP,HTTPS,23037
23038,587,UDP,HTTP,23038
23039,445,UDP,IMAP4,23039
23040,587,TCP,PGSQL,23040
23041,23,UDP,SIP,23041
23042,5060,TCP,MDS,23042
23043,21,TCP,FTP,23043
23044,443,TCP,IRDMI,23044
23045,5900,TCP,EMS,23045
23046,587,TCP,RDP,23046
23047,161,UDP,SSH,23047
23048,5222,UDP,MDS,23048
23049,10051,UDP,ACMSODA,23049
23050,10051,UDP,HPSERVICE,23050
23051,8000,TCP,SIP,23051
23052,22,UDP,TELNET,23052
23053,5061,UDP,TELNET,23053
23054,5432,UDP,ACMSODA,23054
23055,1344,UDP,HTTP,23055
23056,5432,UDP,ACMSODA,23056
23057,443,TCP,HTTPS,23057
23058,5060,TCP,ICAP,23058
23059,443,TCP,UBIQUITY,23059
23060,500,TCP,IMAP4,23060
23061,3389,TCP,MSSQL,23061
23062,9100,TCP,RDP,23062
23063,1433,TCP,PGSQL,23063
23064,3689,TCP,SSH,23064
23065,8080,UDP,XMPP,23065
23066,443,TCP,HTTPS,23066
23067,22,TCP,MSSQL,23067
23068,443,TCP,HTTPS,23068
23069,8000,TCP,UBIQUITY,23069
23070,22,TCP,VNC,23070
23071,10051,UDP,HTTPS,23071
23072,21,UDP,UBIQUITY,23072
23073,443,TCP,HTTPS,23073
23074,3689,TCP,XMPP,23074
23075,443,TCP,HTTPS,23075
23076,5900,UDP,SIP,23076
23077,3128,TCP,SNMP,23077
23078,5432,UDP,MSSQL,23078
23079,137,TCP,HTTPS,23079
23080,80,TCP,HTTP,23080
23081,80,TCP,PGSQL,23081
23082,443,TCP,HTTPS,23082
23083,80,TCP,HTTP,23083
23084,5900,UDP,MSSQL,23084
23085,443,TCP,HTTPS,23085
23086,587,TCP,RDP,23086
23087,5060,TCP,HTTPS,23087
23088,80,TCP,MSSQL,23088
23089,443,TCP,HTTPS,23089
23090,443,TCP,HTTPS,23090
23091,5432,TCP,DAAPD,23091
23092,23,TCP,VNC,23092
23093,80,TCP,PGSQL,23093
23094,1433,UDP,SSH,23094
23095,3689,UDP,IMAP4,23095
23096,53,UDP,DNS,23096
23097,5061,TCP,ACMSODA,23097
23098,8000,TCP,MSSQL,23098
23099,443,TCP,HTTPS,23099
23100,1344,TCP,TELNET,23100
23101,5222,TCP,EMS,23101
23102,443,TCP,HTTPS,23102
23103,23,UDP,TELNET,23103
23104,5222,TCP,SIP,23104
23105,443,TCP,RDP,23105
23106,80,TCP,HTTP,23106
23107,8000,TCP,SSH,23107
23108,443,TCP,HTTPS,23108
23109,8080,UDP,TELNET,23109
23110,3389,UDP,SNMP,23110
23111,21,UDP,MSSQL,23111
23112,5061,UDP,HTTP,23112
23113,5432,UDP,ICAP,23113
23114,993,UDP,PGSQL,23114
23115,443,TCP,HTTPS,23115
23116,53,UDP,DNS,23116
23117,500,UDP,RDP,23117
23118,443,TCP,HTTPS,23118
23119,443,TCP,HTTPS,23119
23120,161,UDP,SIP,23120
23121,10001,UDP,SSH,23121
23122,443,TCP,HTTPS,23122
23123,3128,UDP,ICAP,23123
23124,80,UDP,RDP,23124
23125,80,UDP,SNMP,23125
23126,500,UDP,ICAP,23126
23127,443,TCP,HTTPS,23127
23128,21,UDP,MSSQL,23128
23129,5060,TCP,HTTPS,23129
23130,5900,UDP,FTP,23130
23131,445,TCP,MDS,23131
23132,5432,UDP,ISAKMP,23132
23133,137,UDP,SNMP,23133
23134,5222,TCP,ICAP,23134
23135,587,TCP,ACMSODA,23135
23136,80,TCP,HTTP,23136
23137,1433,UDP,DAAPD,23137
23138,137,TCP,MSSQL,23138
23139,1433,TCP,PGSQL,23139
23140,443,TCP,HTTPS,23140
23141,443,TCP,HTTPS,23141
23142,443,TCP,HPSERVICE,23142
23143,23,TCP,HPSERVICE,23143
23144,10051,UDP,MSSQL,23144
23145,5061,TCP,XMPP,23145
23146,5061,TCP,XMPP,23146
23147,8080,TCP,ZABBIX,23147
23148,993,TCP,NETBIOS,23148
23149,8000,UDP,HTTP,23149
23150,5432,UDP,ISAKMP,23150
23151,5060,UDP,SSH,23151
23152,1344,UDP,RDP,23152
23153,445,UDP,UBIQUITY,23153
23154,80,TCP,FTP,23154
23155,10051,UDP,MDS,23155
23156,80,TCP,HTTPS,23156
23157,993,TCP,PGSQL,23157
23158,6969,TCP,ACMSODA,23158
23159,3689,TCP,ICAP,23159
23160,53,UDP,NETBIOS,23160
23161,1433,UDP,ACMSODA,23161
23162,5432,UDP,IMAP4,23162
23163,443,UDP,ISAKMP,23163
23164,3389,TCP,SSH,23164
23165,80,TCP,HTTP,23165
23166,5900,UDP,FTP,23166
23167,23,TCP,HPSERVICE,23167
23168,53,UDP,DNS,23168
23169,993,UDP,DAAPD,23169
23170,5222,TCP,SIP,23170
23171,445,UDP,IMAP4,23171
23172,21,UDP,XMPP,23172
23173,443,TCP,HTTPS,23173
23174,8000,TCP,UBIQUITY,23174
23175,10051,UDP,VNC,23175
23176,3128,UDP,ICAP,23176
23177,993,TCP,ICAP,23177
23178,500,TCP,SIP,23178
23179,3689,TCP,PGSQL,23179
23180,53,UDP,ISAKMP,23180
23181,443,TCP,HTTPS,23181
23182,5222,TCP,XMPP,23182
23183,5060,UDP,XMPP,23183
23184,445,TCP,PGSQL,23184
23185,5061,TCP,VNC,23185
23186,80,UDP,NETBIOS,23186
23187,8000,TCP,UBIQUITY,23187
23188,3389,UDP,IRDMI,23188
23189,500,UDP,XMPP,23189
23190,53,UDP,DNS,23190
23191,3389,TCP,MSSQL,23191
23192,6969,UDP,ZABBIX,23192
23193,21,UDP,ACMSODA,23193
23194,443,TCP,HTTPS,23194
23195,5432,UDP,MSSQL,23195
23196,1433,UDP,ZABBIX,23196
23197,5060,UDP,FTP,23197
23198,3689,TCP,ICAP,23198
23199,3389,UDP,IRDMI,23199
23200,5061,TCP,ICAP,23200
23201,443,TCP,HTTPS,23201
23202,53,UDP,DNS,23202
23203,3389,TCP,MDS,23203
23204,5061,TCP,XMPP,23204
23205,3689,TCP,PGSQL,23205
23206,1433,UDP,ACMSODA,23206
23207,1344,TCP,ZABBIX,23207
23208,3689,UDP,FTP,23208
23209,3389,UDP,HTTPS,23209
23210,500,UDP,XMPP,23210
23211,5222,UDP,SNMP,23211
23212,443,UDP,IRDMI,23212
23213,8080,TCP,EMS,23213
23214,5222,TCP,XMPP,23214
23215,443,UDP,HTTPS,23215
23216,8080,TCP,ACMSODA,23216
23217,10051,UDP,SIP,23217
23218,5222,UDP,SSH,23218
23219,443,TCP,HTTPS,23219
23220,21,UDP,MSSQL,23220
23221,161,TCP,DAAPD,23221
23222,80,UDP,EMS,23222
23223,443,TCP,HTTPS,23223
23224,500,TCP,RDP,23224
23225,137,TCP,ACMSODA,23225
23226,5060,TCP,HPSERVICE,23226
23227,445,TCP,SSH,23227
23228,8080,TCP,MSSQL,23228
23229,500,TCP,DNS,23229
23230,53,UDP,XMPP,23230
23231,3689,TCP,HPSERVICE,23231
23232,5060,TCP,NETBIOS,23232
23233,443,TCP,HTTPS,23233
23234,443,TCP,ACMSODA,23234
23235,443,TCP,HTTPS,23235
23236,10001,TCP,EMS,23236
23237,1344,TCP,UBIQUITY,23237
23238,443,TCP,HTTPS,23238
23239,9100,TCP,RDP,23239
23240,21,TCP,FTP,23240
23241,445,UDP,IMAP4,23241
23242,23,TCP,RDP,23242
23243,21,UDP,SIP,23243
23244,161,TCP,IRDMI,23244
23245,993,UDP,MDS,23245
23246,500,TCP,IMAP4,23246
23247,1433,TCP,ISAKMP,23247
23248,443,TCP,IRDMI,23248
23249,5060,UDP,FTP,23249
23250,53,TCP,SNMP,23250
23251,138,UDP,IRDMI,23251
23252,80,TCP,PGSQL,23252
23253,1433,TCP,SSH,23253
23254,443,TCP,HTTPS,23254
23255,21,UDP,ICAP,23255
23256,10001,UDP,DAAPD,23256
23257,3389,TCP,EMS,23257
23258,993,TCP,PGSQL,23258
23259,443,TCP,HTTPS,23259
23260,443,TCP,HTTPS,23260
23261,5900,UDP,FTP,23261
23262,80,UDP,SNMP,23262
23263,21,TCP,DAAPD,23263
23264,5222,UDP,PGSQL,23264
23265,5432,TCP,RDP,23265
23266,1433,TCP,EMS,23266
23267,443,TCP,HTTPS,23267
23268,161,TCP,IMAP4,23268
23269,138,TCP,DAAPD,23269
23270,443,TCP,HTTPS,23270
23271,21,UDP,ICAP,23271
23272,3389,TCP,XMPP,23272
23273,3689,UDP,VNC,23273
23274,5061,UDP,SNMP,23274
23275,443,TCP,HTTPS,23275
23276,21,TCP,FTP,23276
23277,80,UDP,HTTP,23277
23278,9100,TCP,FTP,23278
23279,3389,UDP,SIP,23279
23280,5900,TCP,FTP,23280
23281,3689,TCP,PGSQL,23281
23282,21,TCP,FTP,23282
23283,161,TCP,IRDMI,23283
23284,500,TCP,PGSQL,23284
23285,5432,UDP,ACMSODA,23285
23286,161,TCP,MSSQL,23286
23287,8080,UDP,ISAKMP,23287
23288,10051,UDP,HPSERVICE,23288
23289,5222,TCP,NETBIOS,23289
23290,161,TCP,XMPP,23290
23291,23,UDP,SIP,23291
23292,587,TCP,UBIQUITY,23292
23293,1433,UDP,EMS,23293
23294,9100,UDP,MDS,23294
23295,3389,UDP,SIP,23295
23296,5432,UDP,FTP,23296
23297,10001,UDP,ZABBIX,23297
23298,587,TCP,PGSQL,23298
23299,80,TCP,HTTP,23299
23300,9100,TCP,PGSQL,23300
23301,5900,UDP,DAAPD,23301
23302,5432,UDP,HTTPS,23302
23303,3128,UDP,ZABBIX,23303
23304,993,TCP,NETBIOS,23304
23305,80,UDP,ZABBIX,23305
23306,21,TCP,IMAP4,23306
23307,161,TCP,MSSQL,23307
23308,6969,TCP,SIP,23308
23309,137,TCP,MSSQL,23309
23310,445,TCP,RDP,23310
23311,5900,UDP,SIP,23311
23312,6969,TCP,IMAP4,23312
23313,5060,TCP,ACMSODA,23313
23314,53,UDP,DNS,23314
23315,161,UDP,PGSQL,23315
23316,80,UDP,SNMP,23316
23317,22,UDP,SNMP,23317
23318,10001,TCP,UBIQUITY,23318
23319,3689,UDP,ACMSODA,23319
23320,3689,UDP,UBIQUITY,23320
23321,53,UDP,DNS,23321
23322,9100,UDP,IRDMI,23322
23323,443,TCP,HTTPS,23323
23324,443,TCP,HTTPS,23324
23325,1433,TCP,SSH,23325
23326,8080,UDP,ACMSODA,23326
23327,161,UDP,FTP,23327
23328,10051,UDP,ICAP,23328
23329,5432,UDP,MSSQL,23329
23330,8000,TCP,ICAP,23330
23331,443,TCP,VNC,23331
23332,138,UDP,PGSQL,23332
23333,443,TCP,HTTPS,23333
23334,53,UDP,DNS,23334
23335,8080,TCP,SIP,23335
23336,5222,TCP,SNMP,23336
23337,443,TCP,HTTPS,23337
23338,500,UDP,XMPP,23338
23339,5222,UDP,SSH,23339
23340,1433,UDP,XMPP,23340
23341,443,TCP,HTTPS,23341
23342,5432,UDP,ISAKMP,23342
23343,5900,UDP,SIP,23343
23344,443,TCP,HTTPS,23344
23345,443,TCP,HTTPS,23345
23346,80,UDP,ZABBIX,23346
23347,138,TCP,MSSQL,23347
23348,993,UDP,DAAPD,23348
23349,1433,TCP,IMAP4,23349
23350,9100,UDP,PGSQL,23350
23351,443,TCP,HTTPS,23351
23352,10001,UDP,FTP,23352
23353,8080,TCP,MSSQL,23353
23354,161,TCP,IMAP4,23354
23355,587,UDP,RDP,23355
23356,445,UDP,MDS,23356
23357,80,TCP,HTTP,23357
23358,5222,UDP,ACMSODA,23358
23359,443,TCP,HTTPS,23359
23360,137,TCP,PGSQL,23360
23361,8080,UDP,UBIQUITY,23361
23362,443,TCP,HTTPS,23362
23363,21,UDP,HTTPS,23363
23364,3689,UDP,MDS,23364
23365,8080,TCP,FTP,23365
23366,5222,TCP,SNMP,23366
23367,6969,UDP,DAAPD,23367
23368,3389,UDP,SNMP,23368
23369,1344,TCP,EMS,23369
23370,10001,TCP,EMS,23370
23371,161,UDP,SSH,23371
23372,80,TCP,HTTP,23372
23373,587,UDP,IMAP4,23373
23374,1433,TCP,PGSQL,23374
23375,500,TCP,SIP,23375
23376,1433,TCP,PGSQL,23376
23377,161,TCP,RDP,23377
23378,5060,TCP,HTTP,23378
23379,53,UDP,DNS,23379
23380,500,UDP,DAAPD,23380
23381,5061,UDP,TELNET,23381
23382,21,TCP,FTP,23382
23383,6969,TCP,ZABBIX,23383
23384,23,TCP,HTTP,23384
23385,80,TCP,HTTP,23385
23386,443,TCP,HTTP,23386
23387,5222,UDP,SSH,23387
23388,10001,UDP,SSH,23388
23389,5432,TCP,VNC,23389
23390,1433,TCP,PGSQL,23390
23391,53,UDP,DNS,23391
23392,9100,UDP,SSH,23392
23393,6969,UDP,DAAPD,23393
23394,10051,TCP,UBIQUITY,23394
23395,587,TCP,ACMSODA,23395
23396,443,TCP,DNS,23396
23397,1344,UDP,ICAP,23397
23398,1344,TCP,UBIQUITY,23398
23399,9100,TCP,PGSQL,23399
23400,23,TCP,HPSERVICE,23400
23401,443,TCP,HTTPS,23401
23402,1433,UDP,HTTP,23402
23403,3128,TCP,IMAP4,23403
23404,21,UDP,ACMSODA,23404
23405,445,UDP,DNS,23405
23406,5900,TCP,PGSQL,23406
23407,53,UDP,DNS,23407
23408,21,TCP,FTP,23408
23409,3128,UDP,ICAP,23409
23410,443,TCP,HTTPS,23410
23411,993,TCP,ICAP,23411
23412,6969,TCP,DNS,23412
23413,9100,TCP,PGSQL,23413
23414,1433,UDP,EMS,23414
23415,23,TCP,HTTP,23415
23416,443,TCP,HTTPS,23416
23417,500,TCP,DNS,23417
23418,5060,UDP,RDP,23418
23419,443,TCP,HTTPS,23419
23420,443,TCP,HTTPS,23420
23421,1344,UDP,TELNET,23421
23422,3128,TCP,SNMP,23422
23423,5432,TCP,PGSQL,23423
23424,21,UDP,SIP,23424
23425,5060,UDP,MSSQL,23425
23426,587,UDP,FTP,23426
23427,9100,TCP,SSH,23427
23428,3389,TCP,IRDMI,23428
23429,5900,TCP,MSSQL,23429
23430,22,UDP,IMAP4,23430
23431,443,TCP,UBIQUITY,23431
23432,3389,TCP,UBIQUITY,23432
23433,3689,UDP,MDS,23433
23434,5061,TCP,XMPP,23434
23435,3128,UDP,ICAP,23435
23436,53,UDP,NETBIOS,23436
23437,5061,TCP,XMPP,23437
23438,3128,UDP,SNMP,23438
23439,3389,UDP,RDP,23439
23440,1344,UDP,MDS,23440
23441,8080,UDP,ICAP,23441
23442,443,TCP,HTTPS,23442
23443,993,TCP,IMAP4,23443
23444,3389,UDP,SNMP,23444
23445,10051,UDP,ACMSODA,23445
23446,993,TCP,NETBIOS,23446
23447,10051,UDP,SIP,23447
23448,10051,UDP,HTTPS,23448
23449,5900,UDP,SSH,23449
23450,22,UDP,SNMP,23450
23451,5061,UDP,TELNET,23451
23452,587,TCP,VNC,23452
23453,6969,TCP,IMAP4,23453
23454,445,UDP,DNS,23454
23455,5432,UDP,MSSQL,23455
23456,587,UDP,XMPP,23456
23457,21,TCP,FTP,23457
23458,53,UDP,FTP,23458
23459,3689,UDP,XMPP,23459
23460,3389,UDP,HTTPS,23460
23461,3389,UDP,PGSQL,23461
23462,1344,TCP,NETBIOS,23462
23463,443,TCP,HTTPS,23463
23464,6969,UDP,DAAPD,23464
23465,445,UDP,DNS,23465
23466,443,TCP,HTTPS,23466
23467,80,TCP,PGSQL,23467
23468,138,UDP,MDS,23468
23469,5900,UDP,MDS,23469
23470,500,TCP,SIP,23470
23471,500,UDP,XMPP,23471
23472,500,UDP,DAAPD,23472
23473,587,UDP,ISAKMP,23473
23474,445,UDP,TELNET,23474
23475,3389,TCP,HPSERVICE,23475
23476,5060,TCP,HTTP,23476
23477,500,UDP,RDP,23477
23478,993,TCP,NETBIOS,23478
23479,443,TCP,HTTPS,23479
23480,3389,UDP,IRDMI,23480
23481,10001,UDP,TELNET,23481
23482,1433,TCP,IMAP4,23482
23483,443,TCP,RDP,23483
23484,10051,UDP,VNC,23484
23485,22,UDP,TELNET,23485
23486,1344,UDP,MDS,23486
23487,445,UDP,SNMP,23487
23488,3689,UDP,MDS,23488
23489,587,TCP,RDP,23489
23490,5222,TCP,SNMP,23490
23491,1433,UDP,ZABBIX,23491
23492,445,TCP,HTTP,23492
23493,1433,TCP,SSH,23493
23494,161,UDP,SSH,23494
23495,443,TCP,HTTPS,23495
23496,21,TCP,EMS,23496
23497,993,TCP,DNS,23497
23498,137,TCP,SSH,23498
23499,5061,TCP,VNC,23499
23500,161,UDP,VNC,23500
23501,9100,UDP,MDS,23501
23502,5432,TCP,SSH,23502
23503,587,TCP,RDP,23503
23504,23,TCP,TELNET,23504
23505,10001,TCP,ZABBIX,23505
23506,5061,TCP,PGSQL,23506
23507,1344,TCP,NETBIOS,23507
23508,8080,TCP,ZABBIX,23508
23509,1433,UDP,ACMSODA,23509
23510,587,UDP,TELNET,23510
23511,445,UDP,DAAPD,23511
23512,1433,TCP,PGSQL,23512
23513,3689,UDP,VNC,23513
23514,443,TCP,HTTPS,23514
23515,138,UDP,ZABBIX,23515
23516,21,UDP,ACMSODA,23516
23517,161,TCP,TELNET,23517
23518,5061,TCP,XMPP,23518
23519,21,UDP,MSSQL,23519
23520,3128,TCP,SNMP,23520
23521,138,UDP,MDS,23521
23522,53,UDP,DNS,23522
23523,5222,UDP,SSH,23523
23524,21,UDP,SSH,23524
23525,993,UDP,PGSQL,23525
23526,5900,UDP,SSH,23526
23527,8080,TCP,FTP,23527
23528,3689,UDP,HPSERVICE,23528
23529,587,UDP,ICAP,23529
23530,5900,UDP,MSSQL,23530
23531,443,TCP,HTTPS,23531
23532,10051,TCP,ZABBIX,23532
23533,443,TCP,HTTPS,23533
23534,21,UDP,SSH,23534
23535,443,TCP,HTTPS,23535
23536,5060,UDP,MSSQL,23536
23537,500,UDP,RDP,23537
23538,3128,UDP,VNC,23538
23539,443,TCP,UBIQUITY,23539
23540,53,UDP,VNC,23540
23541,443,TCP,HTTPS,23541
23542,21,TCP,EMS,23542
23543,8080,TCP,ACMSODA,23543
23544,21,TCP,FTP,23544
23545,443,TCP,HPSERVICE,23545
23546,137,UDP,DNS,23546
23547,443,TCP,HTTPS,23547
23548,5432,UDP,ISAKMP,23548
23549,138,TCP,IRDMI,23549
23550,500,TCP,PGSQL,23550
23551,5222,TCP,FTP,23551
23552,161,TCP,IMAP4,23552
23553,1344,TCP,TELNET,23553
23554,443,TCP,HTTPS,23554
23555,3689,TCP,SSH,23555
23556,443,TCP,HTTPS,23556
23557,3128,UDP,SNMP,23557
23558,5060,UDP,DAAPD,23558
23559,1344,TCP,TELNET,23559
23560,587,UDP,IRDMI,23560
23561,1433,TCP,PGSQL,23561
23562,22,UDP,MSSQL,23562
23563,138,UDP,VNC,23563
23564,23,TCP,HPSERVICE,23564
23565,137,TCP,HTTPS,23565
23566,53,UDP,DNS,23566
23567,587,TCP,ZABBIX,23567
23568,587,UDP,IRDMI,23568
23569,10051,TCP,ISAKMP,23569
23570,443,TCP,HTTPS,23570
23571,500,TCP,PGSQL,23571
23572,5900,TCP,EMS,23572
23573,6969,TCP,SIP,23573
23574,993,TCP,IMAP4,23574
23575,3128,TCP,HTTP,23575
23576,3389,TCP,IMAP4,23576
23577,23,TCP,VNC,23577
23578,993,TCP,NETBIOS,23578
23579,22,TCP,VNC,23579
23580,10001,UDP,ICAP,23580
23581,993,TCP,DNS,23581
23582,1344,UDP,SSH,23582
23583,53,UDP,SSH,23583
23584,443,UDP,HTTPS,23584
23585,22,TCP,UBIQUITY,23585
23586,5060,TCP,HPSERVICE,23586
23587,21,TCP,FTP,23587
23588,5060,UDP,TELNET,23588
23589,3389,TCP,HPSERVICE,23589
23590,443,TCP,HTTPS,23590
23591,500,UDP,DAAPD,23591
23592,10001,TCP,IRDMI,23592
23593,22,TCP,HPSERVICE,23593
23594,5432,UDP,ISAKMP,23594
23595,1433,TCP,EMS,23595
23596,445,TCP,IRDMI,23596
23597,80,UDP,ZABBIX,23597
23598,137,TCP,HTTPS,23598
23599,500,UDP,DNS,23599
23600,9100,TCP,RDP,23600
23601,80,TCP,HTTP,23601
23602,443,TCP,HTTPS,23602
23603,993,TCP,SNMP,23603
23604,445,TCP,HPSERVICE,23604
23605,1344,UDP,HTTP,23605
23606,53,TCP,XMPP,23606
23607,8080,TCP,FTP,23607
23608,3389,TCP,UBIQUITY,23608
23609,161,TCP,IRDMI,23609
23610,993,TCP,RDP,23610
23611,1344,UDP,DAAPD,23611
23612,10051,UDP,ACMSODA,23612
23613,587,UDP,ICAP,23613
23614,80,TCP,HTTPS,23614
23615,3389,UDP,PGSQL,23615
23616,161,UDP,SSH,23616
23617,1344,TCP,TELNET,23617
23618,3128,UDP,ICAP,23618
23619,137,TCP,ACMSODA,23619
23620,21,UDP,XMPP,23620
23621,500,UDP,XMPP,23621
23622,993,UDP,DAAPD,23622
23623,443,TCP,HTTPS,23623
23624,443,TCP,HTTPS,23624
23625,10051,UDP,SIP,23625
23626,22,UDP,XMPP,23626
23627,21,TCP,IRDMI,23627
23628,1344,UDP,HTTPS,23628
23629,445,TCP,EMS,23629
23630,1433,TCP,SSH,23630
23631,3389,UDP,PGSQL,23631
23632,5900,UDP,SIP,23632
23633,443,TCP,DNS,23633
23634,443,TCP,HTTPS,23634
23635,5061,UDP,ACMSODA,23635
23636,21,TCP,MSSQL,23636
23637,1344,TCP,IMAP4,23637
23638,3689,UDP,MSSQL,23638
23639,443,TCP,HTTPS,23639
23640,3689,UDP,SSH,23640
23641,443,UDP,HTTPS,23641
23642,993,TCP,PGSQL,23642
23643,5222,TCP,TELNET,23643
23644,8080,UDP,ICAP,23644
23645,80,UDP,NETBIOS,23645
23646,3689,UDP,VNC,23646
23647,161,TCP,IRDMI,23647
23648,8000,UDP,DNS,23648
23649,10001,UDP,DAAPD,23649
23650,3689,UDP,IMAP4,23650
23651,1344,TCP,NETBIOS,23651
23652,53,UDP,DNS,23652
23653,80,TCP,HTTP,23653
23654,10051,UDP,ICAP,23654
23655,1433,UDP,MSSQL,23655
23656,587,TCP,ACMSODA,23656
23657,1344,UDP,HTTPS,23657
23658,161,TCP,IMAP4,23658
23659,443,TCP,HTTPS,23659
23660,3128,UDP,SNMP,23660
23661,23,UDP,ICAP,23661
23662,1344,UDP,ICAP,23662
23663,500,TCP,FTP,23663
23664,1344,UDP,SSH,23664
23665,993,TCP,DNS,23665
23666,445,TCP,PGSQL,23666
23667,10051,UDP,SIP,23667
23668,443,TCP,HTTPS,23668
23669,138,UDP,ZABBIX,23669
23670,5060,UDP,DAAPD,23670
23671,10051,UDP,PGSQL,23671
23672,80,UDP,ZABBIX,23672
23673,138,UDP,UBIQUITY,23673
23674,443,TCP,UBIQUITY,23674
23675,9100,TCP,SSH,23675
23676,443,TCP,HTTPS,23676
23677,5222,TCP,SNMP,23677
23678,443,TCP,HTTPS,23678
23679,443,TCP,HTTPS,23679
23680,5432,UDP,RDP,23680
23681,500,UDP,HPSERVICE,23681
23682,443,TCP,HTTPS,23682
23683,500,UDP,XMPP,23683
23684,5060,UDP,TELNET,23684
23685,8000,TCP,UBIQUITY,23685
23686,10001,UDP,DAAPD,23686
23687,138,UDP,NETBIOS,23687
23688,443,TCP,HTTPS,23688
23689,587,UDP,HTTP,23689
23690,5060,TCP,NETBIOS,23690
23691,21,UDP,MSSQL,23691
23692,5060,TCP,NETBIOS,23692
23693,445,TCP,TELNET,23693
23694,138,UDP,IRDMI,23694
23695,443,TCP,HTTPS,23695
23696,137,TCP,DAAPD,23696
23697,5222,TCP,HTTPS,23697
23698,5432,TCP,SSH,23698
23699,5060,UDP,MSSQL,23699
23700,21,TCP,FTP,23700
23701,80,TCP,HPSERVICE,23701
23702,443,TCP,HTTPS,23702
23703,23,TCP,HPSERVICE,23703
23704,21,UDP,MSSQL,23704
23705,53,UDP,TELNET,23705
23706,1433,UDP,SSH,23706
23707,500,UDP,TELNET,23707
23708,53,UDP,DNS,23708
23709,22,TCP,UBIQUITY,23709
23710,161,UDP,UBIQUITY,23710
23711,3689,UDP,FTP,23711
23712,3689,TCP,PGSQL,23712
23713,3689,UDP,FTP,23713
23714,443,TCP,HTTPS,23714
23715,80,TCP,SIP,23715
23716,8000,TCP,ICAP,23716
23717,8080,UDP,ICAP,23717
23718,443,TCP,HTTPS,23718
23719,137,TCP,ACMSODA,23719
23720,5222,TCP,XMPP,23720
23721,993,TCP,RDP,23721
23722,8000,TCP,ICAP,23722
23723,5060,TCP,SNMP,23723
23724,80,UDP,ZABBIX,23724
23725,443,TCP,HTTPS,23725
23726,443,TCP,HTTPS,23726
23727,1344,TCP,NETBIOS,23727
23728,5900,UDP,HTTP,23728
23729,500,TCP,SIP,23729
23730,3689,TCP,PGSQL,23730
23731,80,UDP,DAAPD,23731
23732,443,TCP,HTTPS,23732
23733,5432,UDP,HTTPS,23733
23734,80,TCP,HTTPS,23734
23735,10001,TCP,MDS,23735
23736,5060,UDP,RDP,23736
23737,23,TCP,VNC,23737
23738,5061,TCP,PGSQL,23738
23739,587,UDP,HTTP,23739
23740,22,TCP,SSH,23740
23741,443,TCP,HTTPS,23741
23742,500,UDP,XMPP,23742
23743,21,UDP,SIP,23743
23744,587,UDP,FTP,23744
23745,53,UDP,VNC,23745
23746,5432,UDP,DNS,23746
23747,1344,UDP,ICAP,23747
23748,587,TCP,PGSQL,23748
23749,9100,UDP,IRDMI,23749
23750,5060,UDP,TELNET,23750
23751,10001,UDP,FTP,23751
23752,443,TCP,HTTPS,23752
23753,161,UDP,HPSERVICE,23753
23754,1433,UDP,ISAKMP,23754
23755,443,TCP,HTTPS,23755
23756,21,TCP,FTP,23756
23757,3689,UDP,FTP,23757
23758,53,UDP,TELNET,23758
23759,587,UDP,TELNET,23759
23760,137,TCP,PGSQL,23760
23761,5060,TCP,NETBIOS,23761
23762,5060,UDP,MDS,23762
23763,6969,TCP,HTTPS,23763
23764,22,TCP,ZABBIX,23764
23765,5900,UDP,FTP,23765
23766,445,TCP,EMS,23766
23767,53,UDP,ISAKMP,23767
23768,80,UDP,HTTP,23768
23769,993,UDP,IMAP4,23769
23770,6969,UDP,DNS,23770
23771,22,UDP,VNC,23771
23772,5061,TCP,VNC,23772
23773,5900,UDP,MSSQL,23773
23774,80,TCP,FTP,23774
23775,3128,TCP,HTTPS,23775
23776,445,UDP,DAAPD,23776
23777,5222,TCP,EMS,23777
23778,1344,TCP,IMAP4,23778
23779,443,TCP,HTTPS,23779
23780,1433,TCP,IMAP4,23780
23781,6969,UDP,ICAP,23781
23782,3389,TCP,HTTPS,23782
23783,8080,TCP,ACMSODA,23783
23784,5060,UDP,DAAPD,23784
23785,5061,UDP,TELNET,23785
23786,53,UDP,DNS,23786
23787,8080,TCP,ISAKMP,23787
23788,5060,UDP,FTP,23788
23789,21,UDP,RDP,23789
23790,8000,TCP,UBIQUITY,23790
23791,443,TCP,SIP,23791
23792,5222,TCP,HTTPS,23792
23793,443,TCP,IRDMI,23793
23794,5432,UDP,ACMSODA,23794
23795,138,TCP,IRDMI,23795
23796,10001,UDP,PGSQL,23796
23797,3389,TCP,IMAP4,23797
23798,161,UDP,SSH,23798
23799,10001,TCP,MDS,23799
23800,8080,UDP,ISAKMP,23800
23801,6969,TCP,DNS,23801
23802,443,TCP,RDP,23802
23803,5060,TCP,HTTPS,23803
23804,161,UDP,VNC,23804
23805,5900,UDP,NETBIOS,23805
23806,21,TCP,EMS,23806
23807,22,UDP,PGSQL,23807
23808,443,TCP,HTTPS,23808
23809,3389,TCP,UBIQUITY,23809
23810,3689,TCP,SSH,23810
23811,1433,UDP,MSSQL,23811
23812,22,UDP,NETBIOS,23812
23813,5222,TCP,HTTPS,23813
23814,5060,UDP,RDP,23814
23815,1433,UDP,MSSQL,23815
23816,5432,TCP,DAAPD,23816
23817,5900,TCP,RDP,23817
23818,3389,TCP,MSSQL,23818
23819,53,UDP,DNS,23819
23820,993,TCP,RDP,23820
23821,993,UDP,TELNET,23821
23822,5432,UDP,HTTPS,23822
23823,5432,UDP,VNC,23823
23824,6969,UDP,DAAPD,23824
23825,5061,UDP,PGSQL,23825
23826,21,TCP,FTP,23826
23827,1433,TCP,ISAKMP,23827
23828,21,UDP,FTP,23828
23829,443,TCP,HTTPS,23829
23830,443,TCP,HTTPS,23830
23831,5432,UDP,ISAKMP,23831
23832,10001,TCP,MDS,23832
23833,23,UDP,MDS,23833
23834,443,TCP,HTTPS,23834
23835,161,UDP,PGSQL,23835
23836,3128,UDP,HPSERVICE,23836
23837,1344,TCP,UBIQUITY,23837
23838,5900,UDP,SSH,23838
23839,80,TCP,PGSQL,23839
23840,9100,UDP,ZABBIX,23840
23841,1433,UDP,XMPP,23841
23842,443,TCP,HTTPS,23842
23843,3689,TCP,FTP,23843
23844,8000,TCP,UBIQUITY,23844
23845,1344,TCP,UBIQUITY,23845
23846,5900,TCP,MSSQL,23846
23847,500,UDP,DNS,23847
23848,993,TCP,RDP,23848
23849,993,TCP,RDP,23849
23850,138,TCP,IRDMI,23850
23851,3128,TCP,IMAP4,23851
23852,22,TCP,UBIQUITY,23852
23853,445,TCP,HPSERVICE,23853
23854,445,TCP,HTTP,23854
23855,587,UDP,IRDMI,23855
23856,5060,TCP,NETBIOS,23856
23857,5432,UDP,HTTPS,23857
23858,443,TCP,HTTPS,23858
23859,587,TCP,MDS,23859
23860,53,UDP,DNS,23860
23861,23,TCP,HPSERVICE,23861
23862,500,TCP,SSH,23862
23863,5060,TCP,MDS,23863
23864,500,UDP,RDP,23864
23865,5432,UDP,IMAP4,23865
23866,5432,TCP,VNC,23866
23867,587,UDP,ISAKMP,23867
23868,3689,TCP,TELNET,23868
23869,443,TCP,HTTPS,23869
23870,137,TCP,PGSQL,23870
23871,137,UDP,DNS,23871
23872,445,UDP,TELNET,23872
23873,80,TCP,HTTP,23873
23874,443,TCP,HTTPS,23874
23875,443,TCP,UBIQUITY,23875
23876,53,UDP,DNS,23876
23877,5061,TCP,DAAPD,23877
23878,5060,UDP,XMPP,23878
23879,3128,UDP,SNMP,23879
23880,23,TCP,VNC,23880
23881,6969,TCP,HTTPS,23881
23882,443,TCP,HTTPS,23882
23883,3389,TCP,HPSERVICE,23883
23884,443,TCP,HTTPS,23884
23885,443,TCP,HTTPS,23885
23886,445,UDP,HTTPS,23886
23887,5061,UDP,ACMSODA,23887
23888,5222,TCP,ICAP,23888
23889,23,TCP,HPSERVICE,23889
23890,80,TCP,HTTP,23890
23891,500,TCP,SSH,23891
23892,80,UDP,ZABBIX,23892
23893,443,TCP,HTTPS,23893
23894,8080,UDP,TELNET,23894
23895,443,TCP,HTTPS,23895
23896,23,TCP,VNC,23896
23897,1344,UDP,MDS,23897
23898,5900,UDP,HTTP,23898
23899,10051,UDP,SIP,23899
23900,137,TCP,ACMSODA,23900
23901,5060,UDP,DAAPD,23901
23902,3689,UDP,SSH,23902
23903,53,UDP,DNS,23903
23904,587,UDP,IRDMI,23904
23905,443,TCP,HTTPS,23905
23906,8000,UDP,UBIQUITY,23906
23907,10051,UDP,MDS,23907
23908,6969,UDP,ZABBIX,23908
23909,10051,TCP,SIP,23909
23910,8080,UDP,HTTP,23910
23911,3128,UDP,ICAP,23911
23912,443,UDP,IRDMI,23912
23913,443,UDP,HTTPS,23913
23914,1344,UDP,EMS,23914
23915,161,UDP,TELNET,23915
23916,5061,UDP,SNMP,23916
23917,1433,UDP,ACMSODA,23917
23918,10051,UDP,HPSERVICE,23918
23919,8000,UDP,HPSERVICE,23919
23920,21,UDP,SIP,23920
23921,3128,TCP,ACMSODA,23921
23922,5060,UDP,DAAPD,23922
23923,10051,UDP,ICAP,23923
23924,10001,UDP,HTTP,23924
23925,443,TCP,TELNET,23925
23926,80,TCP,HPSERVICE,23926
23927,993,TCP,RDP,23927
23928,3689,UDP,TELNET,23928
23929,8080,UDP,TELNET,23929
23930,443,TCP,HTTPS,23930
23931,53,TCP,SNMP,23931
23932,5900,UDP,UBIQUITY,23932
23933,6969,TCP,SNMP,23933
23934,445,UDP,DNS,23934
23935,5900,TCP,PGSQL,23935
23936,53,UDP,DNS,23936
23937,161,TCP,MSSQL,23937
23938,3689,UDP,FTP,23938
23939,1344,UDP,PGSQL,23939
23940,443,TCP,HTTPS,23940
23941,8000,UDP,HPSERVICE,23941
23942,443,TCP,HTTPS,23942
23943,80,TCP,HTTP,23943
23944,5061,TCP,PGSQL,23944
23945,3128,UDP,ICAP,23945
23946,8080,UDP,ACMSODA,23946
23947,21,TCP,VNC,23947
23948,9100,TCP,VNC,23948
23949,23,UDP,MDS,23949
23950,138,TCP,VNC,23950
23951,3128,TCP,HPSERVICE,23951
23952,53,UDP,HTTP,23952
23953,443,TCP,HTTPS,23953
23954,22,UDP,SIP,23954
23955,10051,UDP,PGSQL,23955
23956,993,TCP,RDP,23956
23957,3389,UDP,PGSQL,23957
23958,445,TCP,SSH,23958
23959,500,TCP,IMAP4,23959
23960,5060,UDP,TELNET,23960
23961,23,UDP,MDS,23961
23962,445,UDP,HTTP,23962
23963,10001,UDP,DAAPD,23963
23964,22,UDP,SSH,23964
23965,3128,UDP,ICAP,23965
23966,8000,TCP,ICAP,23966
23967,138,UDP,MDS,23967
23968,443,TCP,HTTPS,23968
23969,3389,UDP,HTTPS,23969
23970,443,TCP,HTTPS,23970
23971,443,UDP,HTTPS,23971
23972,6969,TCP,ZABBIX,23972
23973,1344,UDP,ISAKMP,23973
23974,23,TCP,HPSERVICE,23974
23975,5900,UDP,FTP,23975
23976,53,UDP,DNS,23976
23977,137,TCP,HTTPS,23977
23978,137,TCP,HTTPS,23978
23979,53,TCP,SNMP,23979
23980,53,UDP,SSH,23980
23981,137,TCP,HTTPS,23981
23982,5900,UDP,NETBIOS,23982
23983,23,UDP,TELNET,23983
23984,1433,UDP,XMPP,23984
23985,80,TCP,HPSERVICE,23985
23986,587,UDP,EMS,23986
23987,5061,TCP,VNC,23987
23988,8080,UDP,TELNET,23988
23989,443,TCP,UBIQUITY,23989
23990,10051,UDP,MSSQL,23990
23991,5900,UDP,MSSQL,23991
23992,1433,UDP,EMS,23992
23993,21,UDP,MSSQL,23993
23994,21,TCP,IRDMI,23994
23995,1344,TCP,NETBIOS,23995
23996,445,UDP,UBIQUITY,23996
23997,80,UDP,XMPP,23997
23998,53,UDP,VNC,23998
23999,21,TCP,VNC,23999
24000,8000,TCP,ICAP,24000
24001,161,UDP,TELNET,24001
24002,22,UDP,TELNET,24002
24003,1433,TCP,UBIQUITY,24003
24004,21,UDP,SIP,24004
24005,5222,UDP,SSH,24005
24006,10051,UDP,SIP,24006
24007,138,TCP,VNC,24007
24008,443,UDP,DAAPD,24008
24009,1433,UDP,XMPP,24009
24010,3389,TCP,MSSQL,24010
24011,21,TCP,FTP,24011
24012,5060,TCP,HTTP,24012
24013,8000,UDP,HTTP,24013
24014,22,UDP,TELNET,24014
24015,5900,TCP,RDP,24015
24016,587,TCP,DAAPD,24016
24017,993,UDP,TELNET,24017
24018,1433,UDP,XMPP,24018
24019,587,TCP,PGSQL,24019
24020,80,TCP,HTTP,24020
24021,137,TCP,HTTPS,24021
24022,1433,TCP,DNS,24022
24023,443,TCP,HTTPS,24023
24024,161,UDP,PGSQL,24024
24025,21,UDP,ACMSODA,24025
24026,3389,UDP,DNS,24026
24027,443,UDP,HTTPS,24027
24028,443,TCP,HTTPS,24028
24029,993,TCP,DNS,24029
24030,21,TCP,IMAP4,24030
24031,23,TCP,FTP,24031
24032,443,UDP,HTTPS,24032
24033,5900,TCP,FTP,24033
24034,443,TCP,HTTPS,24034
24035,5061,TCP,VNC,24035
24036,8080,UDP,ICAP,24036
24037,137,TCP,ISAKMP,24037
24038,1433,UDP,MSSQL,24038
24039,21,UDP,SIP,24039
24040,443,TCP,HTTPS,24040
24041,1433,UDP,ZABBIX,24041
24042,8000,TCP,MSSQL,24042
24043,3128,TCP,SNMP,24043
24044,587,TCP,MDS,24044
24045,587,TCP,SIP,24045
24046,3689,TCP,TELNET,24046
24047,8080,UDP,SNMP,24047
24048,5432,UDP,IMAP4,24048
24049,23,TCP,RDP,24049
24050,443,TCP,HTTPS,24050
24051,5900,UDP,SSH,24051
24052,53,UDP,DNS,24052
24053,5060,TCP,ACMSODA,24053
24054,5432,UDP,ICAP,24054
24055,161,UDP,SSH,24055
24056,443,TCP,HTTPS,24056
24057,138,UDP,HPSERVICE,24057
24058,993,TCP,RDP,24058
24059,8080,UDP,IRDMI,24059
24060,443,TCP,HTTPS,24060
24061,443,TCP,HTTPS,24061
24062,1433,TCP,XMPP,24062
24063,9100,TCP,SSH,24063
24064,5061,UDP,TELNET,24064
24065,53,UDP,DNS,24065
24066,161,UDP,SIP,24066
24067,5222,UDP,SSH,24067
24068,443,TCP,HTTPS,24068
24069,445,UDP,DAAPD,24069
24070,445,TCP,TELNET,24070
24071,6969,TCP,ZABBIX,24071
24072,21,UDP,ICAP,24072
24073,587,TCP,ACMSODA,24073
24074,5432,TCP,XMPP,24074
24075,137,TCP,ACMSODA,24075
24076,443,TCP,HTTPS,24076
24077,443,TCP,HTTPS,24077
24078,3689,UDP,MSSQL,24078
24079,9100,UDP,ZABBIX,24079
24080,500,UDP,XMPP,24080
24081,993,UDP,TELNET,24081
24082,53,UDP,DNS,24082
24083,443,TCP,HTTPS,24083
24084,3689,TCP,ACMSODA,24084
24085,5900,UDP,UBIQUITY,24085
24086,5900,UDP,SIP,24086
24087,5900,UDP,HTTP,24087
24088,80,TCP,HTTPS,24088
24089,443,TCP,HTTPS,24089
24090,3389,TCP,IRDMI,24090
24091,10051,UDP,MSSQL,24091
24092,80,TCP,HTTP,24092
24093,23,TCP,HPSERVICE,24093
24094,3389,UDP,SNMP,24094
24095,587,UDP,HTTP,24095
24096,21,UDP,ACMSODA,24096
24097,1344,UDP,HTTP,24097
24098,161,UDP,TELNET,24098
24099,443,TCP,HTTPS,24099
24100,993,UDP,TELNET,24100
24101,3689,TCP,HTTP,24101
24102,161,TCP,IMAP4,24102
24103,443,TCP,HTTPS,24103
24104,1433,TCP,IMAP4,24104
24105,53,UDP,VNC,24105
24106,993,UDP,RDP,24106
24107,9100,UDP,ZABBIX,24107
24108,53,UDP,DNS,24108
24109,1344,TCP,UBIQUITY,24109
24110,5222,TCP,ICAP,24110
24111,3128,UDP,ICAP,24111
24112,5900,UDP,MSSQL,24112
24113,138,UDP,ZABBIX,24113
24114,3128,UDP,ICAP,24114
24115,587,UDP,EMS,24115
24116,500,TCP,HTTPS,24116
24117,443,UDP,ISAKMP,24117
24118,6969,TCP,IMAP4,24118
24119,443,TCP,HTTPS,24119
24120,5222,UDP,SSH,24120
24121,53,UDP,DNS,24121
24122,443,TCP,HTTPS,24122
24123,993,UDP,ZABBIX,24123
24124,443,TCP,DNS,24124
24125,6969,TCP,HTTPS,24125
24126,443,TCP,HTTPS,24126
24127,587,UDP,EMS,24127
24128,1344,TCP,UBIQUITY,24128
24129,443,TCP,DAAPD,24129
24130,23,UDP,SIP,24130
24131,6969,UDP,DNS,24131
24132,443,TCP,HTTPS,24132
24133,5060,TCP,NETBIOS,24133
24134,53,UDP,NETBIOS,24134
24135,500,TCP,PGSQL,24135
24136,161,TCP,IRDMI,24136
24137,443,TCP,DNS,24137
24138,53,TCP,MSSQL,24138
24139,80,UDP,SIP,24139
24140,5432,TCP,ZABBIX,24140
24141,161,TCP,RDP,24141
24142,80,TCP,FTP,24142
24143,1344,UDP,HTTP,24143
24144,3689,TCP,HPSERVICE,24144
24145,8080,TCP,EMS,24145
24146,5900,TCP,MSSQL,24146
24147,8080,TCP,MSSQL,24147
24148,587,UDP,HPSERVICE,24148
24149,5061,UDP,ACMSODA,24149
24150,5060,TCP,HTTP,24150
24151,3389,TCP,UBIQUITY,24151
24152,443,TCP,HTTPS,24152
24153,23,TCP,HPSERVICE,24153
24154,161,TCP,MSSQL,24154
24155,10001,UDP,RDP,24155
24156,161,UDP,FTP,24156
24157,5061,TCP,VNC,24157
24158,443,TCP,HTTPS,24158
24159,1433,UDP,EMS,24159
24160,3689,TCP,HTTP,24160
24161,443,TCP,HTTPS,24161
24162,23,TCP,HPSERVICE,24162
24163,5432,TCP,SSH,24163
24164,5222,TCP,SNMP,24164
24165,443,TCP,HTTPS,24165
24166,1433,UDP,ACMSODA,24166
24167,3689,TCP,SSH,24167
24168,1433,UDP,HPSERVICE,24168
24169,5432,UDP,HTTPS,24169
24170,161,TCP,VNC,24170
24171,1433,UDP,MSSQL,24171
24172,443,TCP,HTTPS,24172
24173,5900,UDP,NETBIOS,24173
24174,5432,TCP,ZABBIX,24174
24175,5432,UDP,IMAP4,24175
24176,443,TCP,HTTPS,24176
24177,21,TCP,FTP,24177
24178,5060,UDP,RDP,24178
24179,138,UDP,HPSERVICE,24179
24180,3689,TCP,ACMSODA,24180
24181,21,TCP,VNC,24181
24182,23,UDP,FTP,24182
24183,5061,TCP,ACMSODA,24183
24184,443,UDP,IRDMI,24184
24185,10051,UDP,HTTPS,24185
24186,3389,UDP,SIP,24186
24187,1344,TCP,UBIQUITY,24187
24188,443,TCP,HTTPS,24188
24189,5060,TCP,HPSERVICE,24189
24190,21,TCP,FTP,24190
24191,5061,UDP,PGSQL,24191
24192,3128,TCP,SNMP,24192
24193,993,UDP,HPSERVICE,24193
24194,3689,TCP,ICAP,24194
24195,21,TCP,IMAP4,24195
24196,21,TCP,FTP,24196
24197,138,TCP,SSH,24197
24198,10001,TCP,FTP,24198
24199,5432,UDP,ICAP,24199
24200,10001,UDP,NETBIOS,24200
24201,137,TCP,ACMSODA,24201
24202,500,TCP,DNS,24202
24203,23,TCP,VNC,24203
24204,53,UDP,XMPP,24204
24205,23,TCP,VNC,24205
24206,6969,TCP,HTTPS,24206
24207,443,TCP,UBIQUITY,24207
24208,443,TCP,HTTPS,24208
24209,80,TCP,HTTP,24209
24210,3389,TCP,MSSQL,24210
24211,3389,UDP,SNMP,24211
24212,587,TCP,ACMSODA,24212
24213,53,UDP,VNC,24213
24214,3689,UDP,VNC,24214
24215,23,UDP,SIP,24215
24216,80,TCP,HTTP,24216
24217,161,UDP,SSH,24217
24218,5222,TCP,SNMP,24218
24219,161,UDP,SSH,24219
24220,443,TCP,HTTPS,24220
24221,500,UDP,VNC,24221
24222,500,TCP,PGSQL,24222
24223,21,UDP,MSSQL,24223
24224,587,TCP,SIP,24224
24225,1344,TCP,HPSERVICE,24225
24226,443,TCP,HTTPS,24226
24227,53,UDP,DNS,24227
24228,443,TCP,HTTPS,24228
24229,5900,UDP,MDS,24229
24230,21,UDP,SIP,24230
24231,1433,UDP,MSSQL,24231
24232,10051,TCP,VNC,24232
24233,21,TCP,FTP,24233
24234,5061,TCP,ICAP,24234
24235,443,TCP,HTTPS,24235
24236,161,UDP,FTP,24236
24237,1433,UDP,EMS,24237
24238,5060,UDP,FTP,24238
24239,9100,UDP,ZABBIX,24239
24240,5222,TCP,EMS,24240
24241,53,UDP,DNS,24241
24242,6969,TCP,IMAP4,24242
24243,5432,TCP,SSH,24243
24244,5900,TCP,RDP,24244
24245,8000,TCP,UBIQUITY,24245
24246,161,TCP,IMAP4,24246
24247,53,UDP,DNS,24247
24248,443,TCP,HTTPS,24248
24249,6969,UDP,DAAPD,24249
24250,443,TCP,UBIQUITY,24250
24251,3128,UDP,MSSQL,24251
24252,138,TCP,SSH,24252
24253,53,UDP,XMPP,24253
24254,443,TCP,HTTPS,24254
24255,5060,TCP,NETBIOS,24255
24256,161,TCP,RDP,24256
24257,587,UDP,FTP,24257
24258,443,TCP,IRDMI,24258
24259,443,TCP,HTTPS,24259
24260,443,TCP,HTTPS,24260
24261,587,UDP,HTTP,24261
24262,5432,UDP,MSSQL,24262
24263,8000,UDP,DNS,24263
24264,3389,TCP,MSSQL,24264
24265,5060,TCP,MDS,24265
24266,993,TCP,PGSQL,24266
24267,3128,UDP,ICAP,24267
24268,22,TCP,ZABBIX,24268
24269,3389,TCP,HPSERVICE,24269
24270,5900,UDP,EMS,24270
24271,80,TCP,HTTP,24271
24272,3389,TCP,SSH,24272
24273,993,TCP,SSH,24273
24274,993,UDP,PGSQL,24274
24275,993,TCP,IMAP4,24275
24276,53,UDP,HTTP,24276
24277,1344,TCP,TELNET,24277
24278,23,UDP,MDS,24278
24279,5060,UDP,XMPP,24279
24280,443,TCP,HTTPS,24280
24281,161,UDP,IRDMI,24281
24282,53,UDP,DNS,24282
24283,8000,UDP,NETBIOS,24283
24284,3128,TCP,HTTP,24284
24285,5222,TCP,XMPP,24285
24286,443,TCP,HTTPS,24286
24287,53,UDP,DNS,24287
24288,993,UDP,IMAP4,24288
24289,3689,TCP,HPSERVICE,24289
24290,443,TCP,HTTPS,24290
24291,5900,UDP,NETBIOS,24291
24292,80,UDP,SNMP,24292
24293,3689,UDP,TELNET,24293
24294,8000,TCP,SIP,24294
24295,993,TCP,DNS,24295
24296,9100,UDP,SSH,24296
24297,80,UDP,HTTP,24297
24298,8000,TCP,MSSQL,24298
24299,500,UDP,TELNET,24299
24300,5432,UDP,ISAKMP,24300
24301,9100,UDP,DAAPD,24301
24302,993,TCP,DNS,24302
24303,5222,TCP,XMPP,24303
24304,5432,TCP,DAAPD,24304
24305,587,UDP,RDP,24305
24306,443,TCP,HTTPS,24306
24307,138,TCP,ACMSODA,24307
24308,137,TCP,ISAKMP,24308
24309,443,TCP,HTTPS,24309
24310,443,TCP,HTTPS,24310
24311,137,UDP,HTTPS,24311
24312,5900,UDP,SIP,24312
24313,8000,UDP,ZABBIX,24313
24314,161,TCP,IRDMI,24314
24315,443,TCP,HTTPS,24315
24316,443,TCP,HTTPS,24316
24317,1344,TCP,TELNET,24317
24318,1433,TCP,DAAPD,24318
24319,443,TCP,HTTPS,24319
24320,3128,TCP,SSH,24320
24321,3389,TCP,SSH,24321
24322,443,TCP,HTTPS,24322
24323,1433,UDP,ACMSODA,24323
24324,5060,TCP,ACMSODA,24324
24325,1433,UDP,ACMSODA,24325
24326,137,UDP,XMPP,24326
24327,500,UDP,TELNET,24327
24328,500,TCP,DNS,24328
24329,443,TCP,HTTPS,24329
24330,23,UDP,SIP,24330
24331,443,TCP,UBIQUITY,24331
24332,6969,TCP,HTTPS,24332
24333,1433,UDP,HPSERVICE,24333
24334,3689,TCP,HTTP,24334
24335,445,UDP,HTTPS,24335
24336,138,TCP,SSH,24336
24337,443,UDP,FTP,24337
24338,5900,TCP,MSSQL,24338
24339,5060,UDP,DAAPD,24339
24340,993,UDP,FTP,24340
24341,138,TCP,ACMSODA,24341
24342,9100,UDP,MDS,24342
24343,21,UDP,HTTPS,24343
24344,445,UDP,DNS,24344
24345,443,UDP,MDS,24345
24346,443,TCP,HTTPS,24346
24347,445,UDP,MDS,24347
24348,443,TCP,HTTPS,24348
24349,8000,TCP,UBIQUITY,24349
24350,21,UDP,XMPP,24350
24351,443,TCP,HTTPS,24351
24352,53,UDP,DNS,24352
24353,443,UDP,UBIQUITY,24353
24354,3128,UDP,ICAP,24354
24355,443,TCP,HTTPS,24355
24356,993,TCP,MDS,24356
24357,10051,UDP,PGSQL,24357
24358,5222,TCP,SIP,24358
24359,445,TCP,EMS,24359
24360,5900,UDP,HPSERVICE,24360
24361,445,TCP,SSH,24361
24362,3689,TCP,ICAP,24362
24363,443,TCP,HTTPS,24363
24364,500,TCP,PGSQL,24364
24365,6969,TCP,ZABBIX,24365
24366,443,TCP,HTTPS,24366
24367,53,UDP,FTP,24367
24368,443,TCP,HTTPS,24368
24369,161,TCP,IMAP4,24369
24370,22,TCP,ZABBIX,24370
24371,445,TCP,MDS,24371
24372,443,TCP,RDP,24372
24373,53,UDP,DNS,24373
24374,5061,TCP,IMAP4,24374
24375,3689,TCP,HTTP,24375
24376,1433,TCP,UBIQUITY,24376
24377,500,UDP,XMPP,24377
24378,443,TCP,HTTPS,24378
24379,161,TCP,TELNET,24379
24380,161,UDP,IRDMI,24380
24381,9100,TCP,SNMP,24381
24382,587,UDP,TELNET,24382
24383,443,TCP,IMAP4,24383
24384,23,UDP,TELNET,24384
24385,5060,TCP,ICAP,24385
24386,443,TCP,HTTPS,24386
24387,3128,UDP,ICAP,24387
24388,22,UDP,IRDMI,24388
24389,9100,UDP,PGSQL,24389
24390,53,UDP,XMPP,24390
24391,1433,UDP,ACMSODA,24391
24392,500,TCP,PGSQL,24392
24393,3689,TCP,ICAP,24393
24394,8080,UDP,SNMP,24394
24395,443,TCP,HTTPS,24395
24396,6969,TCP,HTTPS,24396
24397,443,TCP,HTTPS,24397
24398,587,UDP,ICAP,24398
24399,137,TCP,HTTPS,24399
24400,443,TCP,HTTPS,24400
24401,5432,TCP,DAAPD,24401
24402,22,UDP,ACMSODA,24402
24403,443,UDP,HPSERVICE,24403
24404,137,TCP,HTTPS,24404
24405,1344,TCP,TELNET,24405
24406,6969,TCP,HTTPS,24406
24407,80,TCP,HTTP,24407
24408,10051,UDP,HPSERVICE,24408
24409,443,TCP,HTTPS,24409
24410,8000,TCP,ICAP,24410
24411,21,TCP,IMAP4,24411
24412,5060,TCP,ACMSODA,24412
24413,137,TCP,DAAPD,24413
24414,3689,TCP,HPSERVICE,24414
24415,587,TCP,ACMSODA,24415
24416,5061,UDP,TELNET,24416
24417,5900,UDP,NETBIOS,24417
24418,1344,TCP,IMAP4,24418
24419,3689,TCP,ISAKMP,24419
24420,53,UDP,DNS,24420
24421,5061,UDP,TELNET,24421
24422,8080,TCP,NETBIOS,24422
24423,5432,TCP,DAAPD,24423
24424,3689,UDP,UBIQUITY,24424
24425,80,UDP,HTTP,24425
24426,3128,UDP,ICAP,24426
24427,5900,UDP,MSSQL,24427
24428,1433,TCP,PGSQL,24428
24429,23,UDP,SIP,24429
24430,993,UDP,TELNET,24430
24431,5222,UDP,MDS,24431
24432,80,TCP,HTTP,24432
24433,3389,TCP,SSH,24433
24434,1344,TCP,TELNET,24434
24435,6969,TCP,SNMP,24435
24436,443,TCP,HTTPS,24436
24437,53,TCP,MSSQL,24437
24438,443,TCP,IRDMI,24438
24439,1433,UDP,ZABBIX,24439
24440,5432,UDP,IMAP4,24440
24441,22,TCP,HTTP,24441
24442,8000,UDP,ICAP,24442
24443,23,TCP,RDP,24443
24444,10051,TCP,ISAKMP,24444
24445,1344,TCP,NETBIOS,24445
24446,5061,UDP,SNMP,24446
24447,993,TCP,RDP,24447
24448,587,UDP,IRDMI,24448
24449,10051,UDP,SIP,24449
24450,9100,UDP,PGSQL,24450
24451,8080,TCP,ACMSODA,24451
24452,443,TCP,HTTPS,24452
24453,8080,UDP,ISAKMP,24453
24454,3128,UDP,ICAP,24454
24455,22,UDP,ISAKMP,24455
24456,445,TCP,TELNET,24456
24457,445,TCP,SSH,24457
24458,500,UDP,TELNET,24458
24459,10001,UDP,PGSQL,24459
24460,3128,UDP,ICAP,24460
24461,1433,UDP,XMPP,24461
24462,9100,TCP,RDP,24462
24463,443,TCP,HTTPS,24463
24464,3389,TCP,IMAP4,24464
24465,5432,TCP,XMPP,24465
24466,5061,UDP,PGSQL,24466
24467,443,TCP,HPSERVICE,24467
24468,23,UDP,SIP,24468
24469,21,TCP,IMAP4,24469
24470,1433,TCP,PGSQL,24470
24471,500,TCP,PGSQL,24471
24472,443,TCP,HTTPS,24472
24473,161,TCP,IMAP4,24473
24474,500,UDP,DAAPD,24474
24475,23,UDP,MDS,24475
24476,3389,TCP,SSH,24476
24477,53,UDP,DNS,24477
24478,23,TCP,VNC,24478
24479,10001,UDP,FTP,24479
24480,8080,UDP,FTP,24480
24481,993,UDP,SNMP,24481
24482,138,TCP,ACMSODA,24482
24483,443,TCP,HTTPS,24483
24484,23,TCP,VNC,24484
24485,3128,UDP,SNMP,24485
24486,5432,TCP,ACMSODA,24486
24487,21,TCP,FTP,24487
24488,161,TCP,HTTPS,24488
24489,21,UDP,SIP,24489
24490,21,TCP,HPSERVICE,24490
24491,8000,TCP,SIP,24491
24492,10001,TCP,FTP,24492
24493,10001,UDP,ICAP,24493
24494,5900,UDP,MSSQL,24494
24495,5900,UDP,DAAPD,24495
24496,23,UDP,SIP,24496
24497,3128,TCP,SNMP,24497
24498,443,TCP,HTTPS,24498
24499,5061,UDP,TELNET,24499
24500,5900,UDP,HTTP,24500
24501,3128,TCP,UBIQUITY,24501
24502,8000,UDP,NETBIOS,24502
24503,53,UDP,DNS,24503
24504,3128,UDP,ICAP,24504
24505,9100,TCP,SSH,24505
24506,8080,UDP,ACMSODA,24506
24507,137,TCP,HTTPS,24507
24508,993,TCP,PGSQL,24508
24509,21,UDP,SSH,24509
24510,1433,TCP,PGSQL,24510
24511,3689,TCP,HPSERVICE,24511
24512,445,TCP,SSH,24512
24513,53,UDP,TELNET,24513
24514,5432,UDP,MSSQL,24514
24515,8080,UDP,UBIQUITY,24515
24516,993,TCP,HTTP,24516
24517,21,UDP,XMPP,24517
24518,3689,TCP,HPSERVICE,24518
24519,22,TCP,UBIQUITY,24519
24520,5900,UDP,TELNET,24520
24521,443,TCP,VNC,24521
24522,8080,UDP,ICAP,24522
24523,443,TCP,HTTPS,24523
24524,5222,UDP,SSH,24524
24525,6969,TCP,SNMP,24525
24526,5222,UDP,SSH,24526
24527,5900,UDP,ICAP,24527
24528,1344,TCP,ISAKMP,24528
24529,21,TCP,FTP,24529
24530,21,TCP,MSSQL,24530
24531,53,UDP,XMPP,24531
24532,5432,UDP,MSSQL,24532
24533,8080,UDP,TELNET,24533
24534,993,TCP,DNS,24534
24535,5900,UDP,MSSQL,24535
24536,8080,UDP,FTP,24536
24537,9100,TCP,FTP,24537
24538,5061,TCP,XMPP,24538
24539,80,TCP,HTTP,24539
24540,443,TCP,HTTPS,24540
24541,5432,UDP,IMAP4,24541
24542,1344,UDP,UBIQUITY,24542
24543,993,TCP,PGSQL,24543
24544,8080,UDP,ISAKMP,24544
24545,5222,TCP,EMS,24545
24546,10001,UDP,ZABBIX,24546
24547,500,TCP,PGSQL,24547
24548,138,TCP,HTTP,24548
24549,5432,TCP,DAAPD,24549
24550,587,UDP,IRDMI,24550
24551,80,UDP,DAAPD,24551
24552,21,UDP,ACMSODA,24552
24553,993,UDP,HPSERVICE,24553
24554,5432,UDP,HTTPS,24554
24555,5061,TCP,VNC,24555
24556,5060,TCP,HPSERVICE,24556
24557,5060,TCP,FTP,24557
24558,5900,UDP,SIP,24558
24559,1344,TCP,TELNET,24559
24560,5900,TCP,PGSQL,24560
24561,443,UDP,DAAPD,24561
24562,445,UDP,DAAPD,24562
24563,3389,TCP,ACMSODA,24563
24564,53,UDP,DNS,24564
24565,8080,UDP,FTP,24565
24566,161,UDP,UBIQUITY,24566
24567,443,TCP,HTTPS,24567
24568,5060,TCP,SNMP,24568
24569,3128,UDP,IMAP4,24569
24570,5061,TCP,VNC,24570
24571,161,TCP,DAAPD,24571
24572,6969,UDP,ICAP,24572
24573,5432,UDP,VNC,24573
24574,22,TCP,HTTP,24574
24575,3389,UDP,SNMP,24575
24576,443,TCP,HTTPS,24576
24577,993,UDP,RDP,24577
24578,500,TCP,HTTPS,24578
24579,3689,UDP,TELNET,24579
24580,21,UDP,HTTPS,24580
24581,8080,UDP,EMS,24581
24582,53,UDP,DNS,24582
24583,53,UDP,DNS,24583
24584,3128,UDP,ICAP,24584
24585,1433,UDP,ACMSODA,24585
24586,443,TCP,HTTPS,24586
24587,10051,UDP,HPSERVICE,24587
24588,21,UDP,MSSQL,24588
24589,5900,UDP,MDS,24589
24590,500,TCP,PGSQL,24590
24591,443,UDP,TELNET,24591
24592,500,UDP,DAAPD,24592
24593,10051,UDP,MSSQL,24593
24594,10051,UDP,SIP,24594
24595,443,TCP,HTTPS,24595
24596,443,TCP,HTTPS,24596
24597,5432,UDP,FTP,24597
24598,10051,UDP,PGSQL,24598
24599,22,UDP,IRDMI,24599
24600,23,UDP,SIP,24600
24601,443,TCP,HTTPS,24601
24602,443,TCP,HTTPS,24602
24603,8000,TCP,ICAP,24603
24604,443,TCP,HTTPS,24604
24605,587,TCP,PGSQL,24605
24606,443,TCP,HTTPS,24606
24607,443,TCP,HTTPS,24607
24608,5900,UDP,SIP,24608
24609,5060,TCP,ACMSODA,24609
24610,993,TCP,NETBIOS,24610
24611,443,TCP,HTTPS,24611
24612,5900,UDP,MDS,24612
24613,500,UDP,RDP,24613
24614,138,TCP,ICAP,24614
24615,3689,TCP,HPSERVICE,24615
24616,8000,UDP,NETBIOS,24616
24617,10051,UDP,VNC,24617
24618,21,TCP,IMAP4,24618
24619,3389,UDP,PGSQL,24619
24620,993,TCP,NETBIOS,24620
24621,10051,TCP,NETBIOS,24621
24622,53,UDP,DNS,24622
24623,80,TCP,HTTP,24623
24624,23,TCP,RDP,24624
24625,8080,TCP,FTP,24625
24626,53,UDP,XMPP,24626
24627,53,UDP,XMPP,24627
24628,5900,UDP,ISAKMP,24628
24629,10001,UDP,RDP,24629
24630,993,UDP,TELNET,24630
24631,443,TCP,HTTPS,24631
24632,21,UDP,HTTPS,24632
24633,1433,TCP,UBIQUITY,24633
24634,22,UDP,VNC,24634
24635,21,UDP,MSSQL,24635
24636,21,TCP,FTP,24636
24637,1344,UDP,ICAP,24637
24638,443,TCP,HTTPS,24638
24639,443,TCP,VNC,24639
24640,53,UDP,DNS,24640
24641,6969,TCP,ACMSODA,24641
24642,21,UDP,ICAP,24642
24643,5432,UDP,DNS,24643
24644,8000,TCP,UBIQUITY,24644
24645,993,TCP,RDP,24645
24646,5432,UDP,DNS,24646
24647,1433,TCP,XMPP,24647
24648,5432,UDP,ACMSODA,24648
24649,1344,UDP,ICAP,24649
24650,10001,TCP,UBIQUITY,24650
24651,10051,UDP,VNC,24651
24652,23,TCP,VNC,24652
24653,21,TCP,FTP,24653
24654,8000,TCP,DNS,24654
24655,22,UDP,SIP,24655
24656,10001,UDP,ICAP,24656
24657,5060,UDP,NETBIOS,24657
24658,6969,UDP,ICAP,24658
24659,6969,TCP,ISAKMP,24659
24660,5060,TCP,ICAP,24660
24661,5900,UDP,SIP,24661
24662,500,UDP,XMPP,24662
24663,5900,TCP,MDS,24663
24664,21,TCP,FTP,24664
24665,10001,TCP,MDS,24665
24666,993,UDP,RDP,24666
24667,1433,TCP,VNC,24667
24668,5900,UDP,FTP,24668
24669,23,TCP,HPSERVICE,24669
24670,53,UDP,DNS,24670
24671,80,UDP,SIP,24671
24672,443,TCP,HTTPS,24672
24673,53,UDP,ISAKMP,24673
24674,5061,UDP,HTTPS,24674
24675,587,TCP,PGSQL,24675
24676,500,UDP,SNMP,24676
24677,443,UDP,ISAKMP,24677
24678,22,TCP,VNC,24678
24679,3389,TCP,IRDMI,24679
24680,22,UDP,PGSQL,24680
24681,23,TCP,HPSERVICE,24681
24682,8080,UDP,ICAP,24682
24683,443,TCP,HTTPS,24683
24684,1433,TCP,UBIQUITY,24684
24685,23,TCP,HTTP,24685
24686,993,UDP,DAAPD,24686
24687,138,UDP,ZABBIX,24687
24688,443,UDP,HTTPS,24688
24689,137,TCP,SSH,24689
24690,5900,UDP,ISAKMP,24690
24691,5432,UDP,ICAP,24691
24692,53,UDP,DNS,24692
24693,443,TCP,HTTPS,24693
24694,8080,UDP,FTP,24694
24695,5061,TCP,XMPP,24695
24696,10001,TCP,ZABBIX,24696
24697,10001,UDP,RDP,24697
24698,137,TCP,IRDMI,24698
24699,5061,UDP,TELNET,24699
24700,80,UDP,ZABBIX,24700
24701,8000,TCP,UBIQUITY,24701
24702,3389,UDP,PGSQL,24702
24703,443,TCP,HTTPS,24703
24704,500,TCP,ISAKMP,24704
24705,10051,UDP,MDS,24705
24706,443,TCP,HTTPS,24706
24707,21,UDP,ACMSODA,24707
24708,500,TCP,IMAP4,24708
24709,1433,TCP,XMPP,24709
24710,3389,TCP,NETBIOS,24710
24711,23,TCP,HTTP,24711
24712,500,TCP,IMAP4,24712
24713,5432,UDP,ISAKMP,24713
24714,3689,TCP,PGSQL,24714
24715,5222,TCP,NETBIOS,24715
24716,5060,TCP,ICAP,24716
24717,80,TCP,HTTPS,24717
24718,443,TCP,HTTPS,24718
24719,53,UDP,DNS,24719
24720,5900,UDP,MSSQL,24720
24721,443,TCP,HTTPS,24721
24722,3689,UDP,IRDMI,24722
24723,3689,TCP,SNMP,24723
24724,1433,UDP,HTTP,24724
24725,5900,TCP,EMS,24725
24726,5060,UDP,MSSQL,24726
24727,23,TCP,VNC,24727
24728,443,TCP,HTTPS,24728
24729,10051,UDP,HTTPS,24729
24730,443,TCP,HTTPS,24730
24731,587,UDP,HPSERVICE,24731
24732,8000,TCP,UBIQUITY,24732
24733,53,UDP,ISAKMP,24733
24734,21,TCP,FTP,24734
24735,161,TCP,MSSQL,24735
24736,993,UDP,TELNET,24736
24737,9100,UDP,NETBIOS,24737
24738,443,TCP,HTTPS,24738
24739,6969,UDP,DAAPD,24739
24740,1344,UDP,MDS,24740
24741,5061,TCP,FTP,24741
24742,3389,UDP,SNMP,24742
24743,5900,UDP,MDS,24743
24744,5060,TCP,NETBIOS,24744
24745,443,TCP,HTTPS,24745
24746,9100,TCP,SSH,24746
24747,1344,UDP,SSH,24747
24748,10051,TCP,UBIQUITY,24748
24749,1344,TCP,TELNET,24749
24750,443,TCP,HTTPS,24750
24751,3389,UDP,IRDMI,24751
24752,500,TCP,UBIQUITY,24752
24753,161,UDP,HPSERVICE,24753
24754,500,TCP,SSH,24754
24755,8080,TCP,ACMSODA,24755
24756,5900,UDP,EMS,24756
24757,161,TCP,DAAPD,24757
24758,443,TCP,UBIQUITY,24758
24759,53,UDP,XMPP,24759
24760,445,UDP,DNS,24760
24761,445,UDP,UBIQUITY,24761
24762,443,UDP,ISAKMP,24762
24763,5060,UDP,TELNET,24763
24764,5900,UDP,MSSQL,24764
24765,9100,UDP,DAAPD,24765
24766,80,TCP,PGSQL,24766
24767,445,TCP,HTTP,24767
24768,23,UDP,FTP,24768
24769,53,TCP,SNMP,24769
24770,443,TCP,UBIQUITY,24770
24771,5900,TCP,EMS,24771
24772,500,TCP,HTTPS,24772
24773,500,UDP,DAAPD,24773
24774,443,TCP,HTTPS,24774
24775,443,TCP,HTTPS,24775
24776,443,TCP,HTTPS,24776
24777,443,TCP,HTTPS,24777
24778,500,UDP,DNS,24778
24779,5060,UDP,DAAPD,24779
24780,21,UDP,ACMSODA,24780
24781,500,TCP,IMAP4,24781
24782,5222,UDP,ZABBIX,24782
24783,443,TCP,HTTPS,24783
24784,443,TCP,HTTPS,24784
24785,993,TCP,RDP,24785
24786,6969,UDP,DAAPD,24786
24787,443,UDP,HTTPS,24787
24788,8080,UDP,ACMSODA,24788
24789,993,TCP,NETBIOS,24789
24790,3689,TCP,HPSERVICE,24790
24791,6969,TCP,IMAP4,24791
24792,9100,UDP,MDS,24792
24793,10001,TCP,MDS,24793
24794,443,TCP,ACMSODA,24794
24795,443,TCP,HTTPS,24795
24796,53,UDP,HTTP,24796
24797,1433,TCP,SSH,24797
24798,8080,UDP,FTP,24798
24799,10051,UDP,PGSQL,24799
24800,22,UDP,IMAP4,24800
24801,3389,TCP,MSSQL,24801
24802,10051,UDP,DNS,24802
24803,21,TCP,FTP,24803
24804,138,UDP,HPSERVICE,24804
24805,443,TCP,UBIQUITY,24805
24806,10001,UDP,ICAP,24806
24807,22,UDP,VNC,24807
24808,6969,UDP,ICAP,24808
24809,500,UDP,TELNET,24809
24810,9100,UDP,MDS,24810
24811,443,TCP,HTTPS,24811
24812,1344,UDP,MDS,24812
24813,443,TCP,HTTPS,24813
24814,10001,UDP,ZABBIX,24814
24815,5432,TCP,ACMSODA,24815
24816,10001,UDP,HTTP,24816
24817,137,TCP,HTTPS,24817
24818,993,UDP,PGSQL,24818
24819,3128,UDP,ICAP,24819
24820,1344,UDP,UBIQUITY,24820
24821,3128,UDP,RDP,24821
24822,53,UDP,DNS,24822
24823,22,TCP,MSSQL,24823
24824,138,UDP,HPSERVICE,24824
24825,993,UDP,DAAPD,24825
24826,5061,TCP,ACMSODA,24826
24827,1344,UDP,HTTP,24827
24828,5900,UDP,ICAP,24828
24829,443,TCP,HTTPS,24829
24830,22,UDP,TELNET,24830
24831,587,UDP,RDP,24831
24832,5060,UDP,DAAPD,24832
24833,21,UDP,MSSQL,24833
24834,443,UDP,HTTPS,24834
24835,5060,TCP,HPSERVICE,24835
24836,8000,TCP,MSSQL,24836
24837,5060,UDP,TELNET,24837
24838,6969,UDP,DNS,24838
24839,1344,TCP,UBIQUITY,24839
24840,5432,UDP,HTTPS,24840
24841,1433,TCP,PGSQL,24841
24842,443,TCP,HTTPS,24842
24843,587,UDP,EMS,24843
24844,5222,TCP,SNMP,24844
24845,443,TCP,HTTPS,24845
24846,993,UDP,PGSQL,24846
24847,5060,UDP,TELNET,24847
24848,443,TCP,HTTP,24848
24849,5900,UDP,MSSQL,24849
24850,443,TCP,HTTPS,24850
24851,22,TCP,UBIQUITY,24851
24852,443,TCP,HTTPS,24852
24853,21,UDP,XMPP,24853
24854,443,TCP,HTTPS,24854
24855,587,UDP,HTTP,24855
24856,23,UDP,FTP,24856
24857,8000,TCP,ICAP,24857
24858,443,TCP,HTTPS,24858
24859,5900,UDP,FTP,24859
24860,3689,TCP,TELNET,24860
24861,23,TCP,HPSERVICE,24861
24862,5900,UDP,MDS,24862
24863,443,TCP,UBIQUITY,24863
24864,3128,UDP,SNMP,24864
24865,23,TCP,VNC,24865
24866,22,UDP,TELNET,24866
24867,23,UDP,ICAP,24867
24868,993,TCP,DNS,24868
24869,443,TCP,IRDMI,24869
24870,1433,TCP,EMS,24870
24871,53,UDP,TELNET,24871
24872,5900,UDP,TELNET,24872
24873,9100,TCP,SNMP,24873
24874,443,TCP,HTTPS,24874
24875,5900,UDP,MSSQL,24875
24876,3389,UDP,SNMP,24876
24877,137,TCP,PGSQL,24877
24878,5060,TCP,HPSERVICE,24878
24879,5060,UDP,MSSQL,24879
24880,443,UDP,HTTPS,24880
24881,3389,TCP,MSSQL,24881
24882,5900,TCP,RDP,24882
24883,3128,UDP,ICAP,24883
24884,3389,UDP,PGSQL,24884
24885,5900,UDP,MSSQL,24885
24886,21,TCP,FTP,24886
24887,80,TCP,HTTP,24887
24888,138,UDP,HPSERVICE,24888
24889,993,TCP,RDP,24889
24890,21,UDP,RDP,24890
24891,10051,UDP,ICAP,24891
24892,443,TCP,HTTPS,24892
24893,3689,TCP,HPSERVICE,24893
24894,3128,UDP,ICAP,24894
24895,3689,TCP,TELNET,24895
24896,161,TCP,IRDMI,24896
24897,3689,TCP,SSH,24897
24898,53,UDP,DNS,24898
24899,5222,TCP,SNMP,24899
24900,443,TCP,UBIQUITY,24900
24901,5222,UDP,SSH,24901
24902,5060,UDP,MDS,24902
24903,443,TCP,HTTPS,24903
24904,21,TCP,IMAP4,24904
24905,1433,UDP,SSH,24905
24906,443,TCP,HTTPS,24906
24907,23,UDP,IRDMI,24907
24908,21,TCP,IRDMI,24908
24909,500,UDP,ICAP,24909
24910,443,TCP,HTTPS,24910
24911,6969,TCP,IMAP4,24911
24912,587,UDP,IRDMI,24912
24913,9100,UDP,PGSQL,24913
24914,23,TCP,HPSERVICE,24914
24915,21,TCP,FTP,24915
24916,443,TCP,HTTPS,24916
24917,53,UDP,DNS,24917
24918,161,TCP,MSSQL,24918
24919,1433,TCP,SSH,24919
24920,1344,TCP,NETBIOS,24920
24921,587,TCP,ZABBIX,24921
24922,53,UDP,ISAKMP,24922
24923,445,UDP,DAAPD,24923
24924,443,TCP,HTTPS,24924
24925,3128,UDP,IRDMI,24925
24926,1433,UDP,ACMSODA,24926
24927,443,TCP,UBIQUITY,24927
24928,443,TCP,HTTPS,24928
24929,10001,UDP,ICAP,24929
24930,1433,UDP,ACMSODA,24930
24931,80,UDP,ZABBIX,24931
24932,5222,UDP,SSH,24932
24933,443,TCP,HTTPS,24933
24934,5060,UDP,TELNET,24934
24935,22,TCP,UBIQUITY,24935
24936,443,TCP,HTTPS,24936
24937,1433,TCP,SSH,24937
24938,587,UDP,HTTP,24938
24939,5061,TCP,IMAP4,24939
24940,5900,UDP,MSSQL,24940
24941,9100,TCP,SNMP,24941
24942,443,TCP,HTTPS,24942
24943,443,TCP,HTTPS,24943
24944,10051,TCP,ZABBIX,24944
24945,445,UDP,HTTP,24945
24946,1344,UDP,MDS,24946
24947,1433,UDP,XMPP,24947
24948,443,TCP,HTTPS,24948
24949,5222,TCP,EMS,24949
24950,443,UDP,ISAKMP,24950
24951,5432,TCP,ACMSODA,24951
24952,1344,TCP,TELNET,24952
24953,443,TCP,IMAP4,24953
24954,587,UDP,HTTP,24954
24955,5061,UDP,TELNET,24955
24956,3128,UDP,ZABBIX,24956
24957,1344,TCP,TELNET,24957
24958,21,UDP,RDP,24958
24959,443,TCP,HTTPS,24959
24960,23,TCP,RDP,24960
24961,3689,TCP,TELNET,24961
24962,5900,TCP,MSSQL,24962
24963,3689,TCP,XMPP,24963
24964,8000,TCP,UBIQUITY,24964
24965,445,UDP,DNS,24965
24966,6969,UDP,RDP,24966
24967,500,TCP,TELNET,24967
24968,53,UDP,DNS,24968
24969,5432,UDP,ICAP,24969
24970,10051,TCP,VNC,24970
24971,443,TCP,HTTPS,24971
24972,993,UDP,FTP,24972
24973,993,UDP,RDP,24973
24974,445,UDP,IMAP4,24974
24975,10001,UDP,TELNET,24975
24976,443,TCP,DNS,24976
24977,23,TCP,HPSERVICE,24977
24978,8000,UDP,DNS,24978
24979,53,UDP,DNS,24979
24980,5061,UDP,SNMP,24980
24981,80,TCP,HTTP,24981
24982,443,TCP,HTTPS,24982
24983,5900,TCP,RDP,24983
24984,445,TCP,SSH,24984
24985,1344,TCP,NETBIOS,24985
24986,22,UDP,SIP,24986
24987,1433,UDP,ZABBIX,24987
24988,500,UDP,SNMP,24988
24989,10001,UDP,ICAP,24989
24990,5900,UDP,UBIQUITY,24990
24991,1433,UDP,HPSERVICE,24991
24992,5432,UDP,ACMSODA,24992
24993,5060,UDP,MDS,24993
24994,1433,UDP,SSH,24994
24995,500,UDP,DAAPD,24995
24996,5222,UDP,SSH,24996
24997,500,TCP,HTTPS,24997
24998,1344,UDP,UBIQUITY,24998
24999,3128,UDP,VNC,24999
25000,5900,UDP,HPSERVICE,25000
25001,5061,UDP,SNMP,25001
25002,5432,TCP,SSH,25002
25003,3689,TCP,HPSERVICE,25003
25004,8080,UDP,XMPP,25004
25005,5060,TCP,NETBIOS,25005
25006,443,UDP,HTTPS,25006
25007,8080,TCP,FTP,25007
25008,80,TCP,HTTP,25008
25009,10001,TCP,MDS,25009
25010,443,UDP,HTTPS,25010
25011,443,TCP,HTTPS,25011
25012,500,TCP,SIP,25012
25013,6969,TCP,ISAKMP,25013
25014,10001,UDP,ICAP,25014
25015,10001,TCP,ZABBIX,25015
25016,22,TCP,UBIQUITY,25016
25017,10001,UDP,FTP,25017
25018,5900,TCP,RDP,25018
25019,443,TCP,HPSERVICE,25019
25020,53,UDP,DNS,25020
25021,5060,UDP,MSSQL,25021
25022,443,TCP,HTTPS,25022
25023,6969,TCP,ISAKMP,25023
25024,5061,TCP,XMPP,25024
25025,138,UDP,IMAP4,25025
25026,9100,TCP,FTP,25026
25027,5432,TCP,XMPP,25027
25028,161,TCP,DAAPD,25028
25029,443,TCP,HTTPS,25029
25030,993,TCP,RDP,25030
25031,443,TCP,HTTPS,25031
25032,443,TCP,HTTPS,25032
25033,161,UDP,SSH,25033
25034,3128,TCP,SNMP,25034
25035,53,UDP,DNS,25035
25036,443,TCP,SIP,25036
25037,21,TCP,HPSERVICE,25037
25038,22,UDP,ISAKMP,25038
25039,500,UDP,DAAPD,25039
25040,587,TCP,DAAPD,25040
25041,138,UDP,IRDMI,25041
25042,3128,UDP,SNMP,25042
25043,443,TCP,DNS,25043
25044,138,UDP,VNC,25044
25045,8080,UDP,MSSQL,25045
25046,3689,UDP,FTP,25046
25047,587,TCP,EMS,25047
25048,3389,TCP,MSSQL,25048
25049,10001,UDP,SNMP,25049
25050,443,TCP,HTTPS,25050
25051,8000,TCP,MSSQL,25051
25052,1433,UDP,MSSQL,25052
25053,22,TCP,ZABBIX,25053
25054,3689,UDP,TELNET,25054
25055,5222,TCP,EMS,25055
25056,8000,TCP,HTTPS,25056
25057,6969,TCP,SNMP,25057
25058,21,UDP,FTP,25058
25059,443,UDP,HPSERVICE,25059
25060,1433,UDP,ZABBIX,25060
25061,161,UDP,SSH,25061
25062,993,UDP,PGSQL,25062
25063,587,UDP,HTTP,25063
25064,5060,TCP,XMPP,25064
25065,445,TCP,SSH,25065
25066,1433,TCP,MDS,25066
25067,21,UDP,RDP,25067
25068,500,UDP,VNC,25068
25069,443,UDP,MDS,25069
25070,161,UDP,SSH,25070
25071,161,TCP,DAAPD,25071
25072,21,TCP,FTP,25072
25073,8080,UDP,HTTP,25073
25074,587,TCP,MDS,25074
25075,22,UDP,SIP,25075
25076,3128,TCP,UBIQUITY,25076
25077,80,TCP,HTTP,25077
25078,1344,UDP,UBIQUITY,25078
25079,53,UDP,NETBIOS,25079
25080,22,TCP,UBIQUITY,25080
25081,9100,TCP,SNMP,25081
25082,993,TCP,SSH,25082
25083,500,TCP,HTTPS,25083
25084,10001,UDP,FTP,25084
25085,3389,TCP,HTTPS,25085
25086,23,UDP,SIP,25086
25087,5432,UDP,MSSQL,25087
25088,443,TCP,HTTPS,25088
25089,5060,TCP,ACMSODA,25089
25090,445,UDP,DNS,25090
25091,443,TCP,HTTPS,25091
25092,443,TCP,IMAP4,25092
25093,993,TCP,RDP,25093
25094,1433,UDP,NETBIOS,25094
25095,8080,TCP,HTTP,25095
25096,80,UDP,SNMP,25096
25097,1344,UDP,RDP,25097
25098,445,TCP,MDS,25098
25099,53,UDP,DNS,25099
25100,443,TCP,HTTPS,25100
25101,53,UDP,DNS,25101
25102,443,TCP,HTTPS,25102
25103,21,TCP,FTP,25103
25104,3689,TCP,ICAP,25104
25105,8000,UDP,DNS,25105
25106,53,UDP,TELNET,25106
25107,443,UDP,DAAPD,25107
25108,8080,TCP,MSSQL,25108
25109,443,TCP,HTTPS,25109
25110,443,TCP,HTTPS,25110
25111,138,UDP,PGSQL,25111
25112,6969,UDP,DAAPD,25112
25113,21,TCP,FTP,25113
25114,445,TCP,SSH,25114
25115,1433,TCP,MSSQL,25115
25116,21,TCP,FTP,25116
25117,5432,TCP,XMPP,25117
25118,53,UDP,DNS,25118
25119,5060,TCP,NETBIOS,25119
25120,22,UDP,VNC,25120
25121,5061,TCP,FTP,25121
25122,445,TCP,IRDMI,25122
25123,80,UDP,EMS,25123
25124,5900,UDP,ISAKMP,25124
25125,80,UDP,ZABBIX,25125
25126,5432,UDP,ISAKMP,25126
25127,1433,UDP,XMPP,25127
25128,138,TCP,IRDMI,25128
25129,3128,UDP,HPSERVICE,25129
25130,137,TCP,ISAKMP,25130
25131,3389,UDP,NETBIOS,25131
25132,138,TCP,IRDMI,25132
25133,587,UDP,RDP,25133
25134,443,TCP,HTTPS,25134
25135,3689,TCP,SSH,25135
25136,21,UDP,FTP,25136
25137,3389,TCP,SSH,25137
25138,6969,TCP,SNMP,25138
25139,8080,TCP,FTP,25139
25140,993,UDP,HPSERVICE,25140
25141,22,TCP,HTTP,25141
25142,53,UDP,XMPP,25142
25143,445,UDP,DAAPD,25143
25144,21,UDP,SSH,25144
25145,1433,UDP,ISAKMP,25145
25146,445,UDP,SNMP,25146
25147,443,TCP,HTTPS,25147
25148,5900,UDP,NETBIOS,25148
25149,23,TCP,VNC,25149
25150,3689,TCP,HPSERVICE,25150
25151,8080,UDP,EMS,25151
25152,10051,UDP,HPSERVICE,25152
25153,161,TCP,DAAPD,25153
25154,8080,UDP,TELNET,25154
25155,21,UDP,SIP,25155
25156,3128,UDP,ICAP,25156
25157,5060,UDP,TELNET,25157
25158,80,TCP,HTTP,25158
25159,443,TCP,HTTPS,25159
25160,8080,TCP,FTP,25160
25161,3689,TCP,SSH,25161
25162,6969,TCP,IMAP4,25162
25163,1433,UDP,EMS,25163
25164,8080,TCP,FTP,25164
25165,161,UDP,HPSERVICE,25165
25166,443,UDP,DAAPD,25166
25167,443,TCP,UBIQUITY,25167
25168,3689,TCP,ICAP,25168
25169,138,TCP,ACMSODA,25169
25170,3689,TCP,HPSERVICE,25170
25171,1433,UDP,SSH,25171
25172,3689,TCP,TELNET,25172
25173,8080,UDP,HPSERVICE,25173
25174,443,TCP,HPSERVICE,25174
25175,3689,UDP,UBIQUITY,25175
25176,80,UDP,ZABBIX,25176
25177,500,TCP,DNS,25177
25178,1344,UDP,EMS,25178
25179,80,TCP,HTTP,25179
25180,80,TCP,HTTP,25180
25181,443,UDP,HTTPS,25181
25182,23,UDP,ICAP,25182
25183,5222,UDP,SSH,25183
25184,5061,UDP,PGSQL,25184
25185,6969,TCP,EMS,25185
25186,5432,TCP,DAAPD,25186
25187,22,UDP,SIP,25187
25188,993,TCP,NETBIOS,25188
25189,5900,UDP,MSSQL,25189
25190,80,UDP,EMS,25190
25191,443,UDP,ICAP,25191
25192,1344,TCP,TELNET,25192
25193,3389,TCP,MDS,25193
25194,587,UDP,IRDMI,25194
25195,3128,UDP,IRDMI,25195
25196,445,TCP,MDS,25196
25197,21,UDP,ACMSODA,25197
25198,53,TCP,MSSQL,25198
25199,443,TCP,HTTPS,25199
25200,445,TCP,MSSQL,25200
25201,3689,TCP,SIP,25201
25202,10051,UDP,SIP,25202
25203,23,UDP,SIP,25203
25204,138,UDP,ZABBIX,25204
25205,993,TCP,PGSQL,25205
25206,22,TCP,MSSQL,25206
25207,500,UDP,TELNET,25207
25208,161,UDP,TELNET,25208
25209,21,TCP,FTP,25209
25210,1433,UDP,EMS,25210
25211,1344,TCP,TELNET,25211
25212,443,TCP,HTTPS,25212
25213,5222,TCP,ICAP,25213
25214,21,UDP,ICAP,25214
25215,5900,UDP,MDS,25215
25216,5900,UDP,HTTP,25216
25217,80,TCP,HPSERVICE,25217
25218,8080,UDP,SNMP,25218
25219,443,TCP,HTTPS,25219
25220,5900,UDP,FTP,25220
25221,6969,TCP,IMAP4,25221
25222,5060,UDP,DAAPD,25222
25223,500,TCP,PGSQL,25223
25224,6969,TCP,ZABBIX,25224
25225,23,UDP,MDS,25225
25226,138,TCP,UBIQUITY,25226
25227,587,UDP,RDP,25227
25228,443,TCP,HTTPS,25228
25229,5900,TCP,FTP,25229
25230,138,TCP,ACMSODA,25230
25231,5900,TCP,RDP,25231
25232,443,TCP,HTTPS,25232
25233,443,TCP,HTTPS,25233
25234,8080,UDP,ISAKMP,25234
25235,22,UDP,SNMP,25235
25236,10051,TCP,RDP,25236
25237,161,UDP,FTP,25237
25238,5432,TCP,SSH,25238
25239,5061,UDP,SNMP,25239
25240,9100,UDP,MDS,25240
25241,3689,TCP,HPSERVICE,25241
25242,443,TCP,HTTPS,25242
25243,3389,TCP,SSH,25243
25244,443,TCP,TELNET,25244
25245,443,TCP,HTTPS,25245
25246,1344,UDP,ICAP,25246
25247,10051,UDP,MSSQL,25247
25248,10051,UDP,HTTPS,25248
25249,22,UDP,NETBIOS,25249
25250,5222,TCP,EMS,25250
25251,53,UDP,DNS,25251
25252,500,TCP,HTTPS,25252
25253,161,UDP,VNC,25253
25254,8080,UDP,SNMP,25254
25255,1344,TCP,UBIQUITY,25255
25256,443,TCP,ACMSODA,25256
25257,445,TCP,EMS,25257
25258,53,UDP,ZABBIX,25258
25259,22,TCP,UBIQUITY,25259
25260,443,TCP,HTTPS,25260
25261,161,UDP,VNC,25261
25262,21,TCP,FTP,25262
25263,6969,TCP,IMAP4,25263
25264,443,UDP,ICAP,25264
25265,9100,TCP,PGSQL,25265
25266,3389,UDP,IRDMI,25266
25267,5432,TCP,XMPP,25267
25268,6969,TCP,IMAP4,25268
25269,3689,TCP,HTTP,25269
25270,138,TCP,ICAP,25270
25271,53,UDP,SSH,25271
25272,443,TCP,HTTPS,25272
25273,443,TCP,HTTPS,25273
25274,500,TCP,PGSQL,25274
25275,10001,TCP,ZABBIX,25275
25276,443,UDP,DAAPD,25276
25277,10001,UDP,HTTP,25277
25278,587,UDP,IMAP4,25278
25279,445,UDP,UBIQUITY,25279
25280,443,UDP,DAAPD,25280
25281,21,TCP,FTP,25281
25282,23,UDP,SIP,25282
25283,3689,TCP,SSH,25283
25284,993,TCP,DNS,25284
25285,443,TCP,HTTPS,25285
25286,5432,TCP,DAAPD,25286
25287,5061,TCP,VNC,25287
25288,443,TCP,HTTPS,25288
25289,3389,TCP,SSH,25289
25290,80,TCP,HTTP,25290
25291,9100,TCP,SSH,25291
25292,443,UDP,IRDMI,25292
25293,500,TCP,DNS,25293
25294,22,TCP,VNC,25294
25295,1344,TCP,TELNET,25295
25296,443,TCP,HTTPS,25296
25297,1344,TCP,TELNET,25297
25298,5900,UDP,MSSQL,25298
25299,5222,TCP,SNMP,25299
25300,587,TCP,PGSQL,25300
25301,138,TCP,SSH,25301
25302,22,TCP,UBIQUITY,25302
25303,5060,UDP,FTP,25303
25304,5432,UDP,ISAKMP,25304
25305,993,TCP,RDP,25305
25306,5900,TCP,EMS,25306
25307,21,TCP,FTP,25307
25308,443,TCP,HTTPS,25308
25309,3389,UDP,SNMP,25309
25310,993,TCP,RDP,25310
25311,5222,TCP,EMS,25311
25312,161,TCP,IMAP4,25312
25313,443,TCP,TELNET,25313
25314,5900,UDP,ISAKMP,25314
25315,10001,TCP,EMS,25315
25316,161,TCP,MSSQL,25316
25317,1344,TCP,UBIQUITY,25317
25318,10001,UDP,SNMP,25318
25319,21,UDP,SSH,25319
25320,5432,UDP,MSSQL,25320
25321,1344,UDP,SSH,25321
25322,3389,UDP,SNMP,25322
25323,5432,UDP,ACMSODA,25323
25324,9100,UDP,SNMP,25324
25325,993,TCP,DNS,25325
25326,53,UDP,DNS,25326
25327,137,TCP,IRDMI,25327
25328,443,TCP,HTTPS,25328
25329,53,UDP,XMPP,25329
25330,443,TCP,IMAP4,25330
25331,445,TCP,PGSQL,25331
25332,443,UDP,FTP,25332
25333,22,UDP,SIP,25333
25334,5061,UDP,PGSQL,25334
25335,1433,UDP,MSSQL,25335
25336,993,UDP,PGSQL,25336
25337,8080,UDP,SNMP,25337
25338,137,TCP,HTTPS,25338
25339,53,UDP,DNS,25339
25340,443,UDP,MDS,25340
25341,22,TCP,VNC,25341
25342,53,UDP,DNS,25342
25343,500,TCP,SIP,25343
25344,500,UDP,DNS,25344
25345,5900,UDP,MSSQL,25345
25346,3689,UDP,HPSERVICE,25346
25347,5432,UDP,ACMSODA,25347
25348,443,TCP,HTTPS,25348
25349,22,UDP,ISAKMP,25349
25350,9100,TCP,IRDMI,25350
25351,5900,UDP,FTP,25351
25352,53,UDP,XMPP,25352
25353,443,TCP,HTTPS,25353
25354,443,TCP,HTTPS,25354
25355,9100,TCP,SSH,25355
25356,500,UDP,DAAPD,25356
25357,1344,TCP,TELNET,25357
25358,161,UDP,SIP,25358
25359,587,TCP,ZABBIX,25359
25360,443,TCP,HTTPS,25360
25361,6969,UDP,SNMP,25361
25362,8080,UDP,ISAKMP,25362
25363,443,TCP,HTTPS,25363
25364,21,TCP,FTP,25364
25365,1344,TCP,NETBIOS,25365
25366,3689,TCP,ACMSODA,25366
25367,993,TCP,DNS,25367
25368,6969,TCP,SNMP,25368
25369,5061,TCP,VNC,25369
25370,80,TCP,HTTP,25370
25371,80,UDP,SNMP,25371
25372,3389,TCP,SSH,25372
25373,21,UDP,HTTPS,25373
25374,1344,TCP,UBIQUITY,25374
25375,443,TCP,HTTPS,25375
25376,5432,TCP,DAAPD,25376
25377,80,UDP,HTTP,25377
25378,5432,TCP,SSH,25378
25379,445,UDP,DAAPD,25379
25380,993,UDP,DAAPD,25380
25381,138,TCP,HPSERVICE,25381
25382,9100,TCP,FTP,25382
25383,8080,UDP,TELNET,25383
25384,443,TCP,HTTPS,25384
25385,3689,TCP,TELNET,25385
25386,21,UDP,ACMSODA,25386
25387,443,TCP,HTTPS,25387
25388,3128,UDP,SNMP,25388
25389,3128,TCP,UBIQUITY,25389
25390,587,TCP,RDP,25390
25391,137,UDP,RDP,25391
25392,6969,TCP,UBIQUITY,25392
25393,993,UDP,TELNET,25393
25394,138,UDP,IRDMI,25394
25395,23,UDP,SIP,25395
25396,443,TCP,HTTPS,25396
25397,443,TCP,HTTPS,25397
25398,587,TCP,ACMSODA,25398
25399,138,TCP,ACMSODA,25399
25400,3689,TCP,EMS,25400
25401,23,UDP,SIP,25401
25402,443,TCP,HTTP,25402
25403,443,TCP,HTTPS,25403
25404,443,TCP,HTTPS,25404
25405,443,TCP,HTTPS,25405
25406,8080,UDP,ACMSODA,25406
25407,5061,UDP,PGSQL,25407
25408,5060,TCP,ACMSODA,25408
25409,443,TCP,UBIQUITY,25409
25410,5222,TCP,EMS,25410
25411,8080,TCP,ACMSODA,25411
25412,3128,TCP,HTTP,25412
25413,5222,UDP,MSSQL,25413
25414,3689,UDP,SNMP,25414
25415,443,TCP,HTTPS,25415
25416,22,UDP,ISAKMP,25416
25417,993,UDP,RDP,25417
25418,443,TCP,HTTPS,25418
25419,161,UDP,SSH,25419
25420,5900,UDP,HTTP,25420
25421,993,UDP,DAAPD,25421
25422,5900,UDP,EMS,25422
25423,443,TCP,HTTPS,25423
25424,500,UDP,VNC,25424
25425,443,TCP,HTTPS,25425
25426,80,UDP,DAAPD,25426
25427,22,TCP,UBIQUITY,25427
25428,21,TCP,FTP,25428
25429,500,TCP,FTP,25429
25430,443,TCP,HTTPS,25430
25431,10001,TCP,EMS,25431
25432,3389,TCP,EMS,25432
25433,80,UDP,SIP,25433
25434,53,TCP,SNMP,25434
25435,161,UDP,UBIQUITY,25435
25436,587,UDP,ICAP,25436
25437,23,UDP,SIP,25437
25438,443,TCP,HTTPS,25438
25439,443,TCP,HTTPS,25439
25440,5060,TCP,ACMSODA,25440
25441,1344,TCP,TELNET,25441
25442,53,UDP,DNS,25442
25443,9100,TCP,RDP,25443
25444,3389,UDP,IRDMI,25444
25445,3389,UDP,RDP,25445
25446,1433,UDP,XMPP,25446
25447,443,UDP,DAAPD,25447
25448,137,TCP,HTTPS,25448
25449,500,TCP,PGSQL,25449
25450,445,TCP,MDS,25450
25451,137,UDP,VNC,25451
25452,161,UDP,SSH,25452
25453,8000,TCP,SSH,25453
25454,10051,UDP,VNC,25454
25455,6969,UDP,DNS,25455
25456,587,TCP,PGSQL,25456
25457,22,UDP,SIP,25457
25458,993,TCP,SSH,25458
25459,445,TCP,MDS,25459
25460,3689,TCP,HTTP,25460
25461,5061,UDP,PGSQL,25461
25462,23,UDP,TELNET,25462
25463,6969,TCP,HTTPS,25463
25464,445,UDP,DNS,25464
25465,10001,UDP,PGSQL,25465
25466,443,TCP,HTTPS,25466
25467,3389,TCP,SSH,25467
25468,5432,UDP,IMAP4,25468
25469,21,UDP,ACMSODA,25469
25470,137,TCP,HTTPS,25470
25471,8000,UDP,DNS,25471
25472,445,UDP,SNMP,25472
25473,161,TCP,IRDMI,25473
25474,587,TCP,MDS,25474
25475,10051,UDP,ACMSODA,25475
25476,5432,UDP,HTTPS,25476
25477,993,UDP,TELNET,25477
25478,443,TCP,HTTPS,25478
25479,1344,TCP,TELNET,25479
25480,443,TCP,HTTPS,25480
25481,138,TCP,ACMSODA,25481
25482,53,UDP,DNS,25482
25483,5900,TCP,PGSQL,25483
25484,3128,UDP,ICAP,25484
25485,3128,TCP,HTTP,25485
25486,5222,TCP,SNMP,25486
25487,10001,UDP,SSH,25487
25488,3389,TCP,NETBIOS,25488
25489,3689,TCP,SNMP,25489
25490,993,UDP,PGSQL,25490
25491,6969,UDP,SNMP,25491
25492,5432,UDP,DNS,25492
25493,21,UDP,MSSQL,25493
25494,443,TCP,HTTPS,25494
25495,5432,UDP,IMAP4,25495
25496,21,TCP,FTP,25496
25497,5222,TCP,SNMP,25497
25498,443,TCP,HTTPS,25498
25499,443,TCP,HTTPS,25499
25500,53,UDP,DNS,25500
25501,443,TCP,HTTPS,25501
25502,1433,UDP,SSH,25502
25503,443,TCP,VNC,25503
25504,8080,UDP,HTTP,25504
25505,5061,UDP,HTTPS,25505
25506,8080,UDP,ICAP,25506
25507,137,TCP,DAAPD,25507
25508,6969,TCP,HTTPS,25508
25509,9100,TCP,IRDMI,25509
25510,22,UDP,VNC,25510
25511,22,UDP,IMAP4,25511
25512,443,TCP,HTTPS,25512
25513,5900,TCP,RDP,25513
25514,500,UDP,TELNET,25514
25515,1433,TCP,MDS,25515
25516,1344,TCP,UBIQUITY,25516
25517,1344,TCP,UBIQUITY,25517
25518,500,TCP,ISAKMP,25518
25519,993,TCP,NETBIOS,25519
25520,443,TCP,HTTPS,25520
25521,5060,UDP,DAAPD,25521
25522,80,TCP,EMS,25522
25523,443,UDP,HTTPS,25523
25524,5061,TCP,XMPP,25524
25525,587,UDP,RDP,25525
25526,443,TCP,HTTPS,25526
25527,443,TCP,HTTPS,25527
25528,443,TCP,HTTPS,25528
25529,10001,UDP,SSH,25529
25530,21,UDP,SIP,25530
25531,161,TCP,FTP,25531
25532,138,TCP,IRDMI,25532
25533,993,TCP,DNS,25533
25534,1433,TCP,MSSQL,25534
25535,3128,UDP,ICAP,25535
25536,1344,UDP,HTTP,25536
25537,3128,UDP,ICAP,25537
25538,3128,TCP,UBIQUITY,25538
25539,22,TCP,HPSERVICE,25539
25540,443,TCP,HTTPS,25540
25541,3689,TCP,ICAP,25541
25542,993,UDP,TELNET,25542
25543,5060,UDP,SSH,25543
25544,443,TCP,HTTPS,25544
25545,5060,TCP,IMAP4,25545
25546,5060,TCP,IMAP4,25546
25547,10001,TCP,MDS,25547
25548,443,TCP,HTTPS,25548
25549,443,UDP,HTTPS,25549
25550,443,TCP,HTTPS,25550
25551,137,TCP,HTTPS,25551
25552,22,TCP,VNC,25552
25553,5432,TCP,DAAPD,25553
25554,443,TCP,HTTPS,25554
25555,8080,TCP,ACMSODA,25555
25556,5900,UDP,TELNET,25556
25557,8000,TCP,MSSQL,25557
25558,1344,UDP,SSH,25558
25559,6969,TCP,MDS,25559
25560,10001,TCP,MDS,25560
25561,587,UDP,XMPP,25561
25562,500,UDP,DAAPD,25562
25563,993,UDP,HPSERVICE,25563
25564,22,TCP,UBIQUITY,25564
25565,443,UDP,HTTPS,25565
25566,587,TCP,RDP,25566
25567,1344,UDP,DAAPD,25567
25568,21,UDP,SIP,25568
25569,445,UDP,HTTP,25569
25570,10001,TCP,MDS,25570
25571,443,UDP,HTTPS,25571
25572,587,UDP,HTTP,25572
25573,5060,TCP,NETBIOS,25573
25574,1433,TCP,VNC,25574
25575,80,UDP,EMS,25575
25576,443,TCP,HTTPS,25576
25577,5432,UDP,MSSQL,25577
25578,443,TCP,HTTPS,25578
25579,6969,TCP,IMAP4,25579
25580,5222,UDP,MDS,25580
25581,443,TCP,HTTPS,25581
25582,5060,TCP,XMPP,25582
25583,443,TCP,HTTPS,25583
25584,22,TCP,HTTP,25584
25585,138,TCP,ICAP,25585
25586,5060,UDP,MDS,25586
25587,443,TCP,HTTPS,25587
25588,6969,TCP,HTTPS,25588
25589,1433,UDP,ZABBIX,25589
25590,10001,UDP,SSH,25590
25591,3128,TCP,HTTP,25591
25592,5060,TCP,ICAP,25592
25593,5432,UDP,IMAP4,25593
25594,443,TCP,HTTPS,25594
25595,443,TCP,UBIQUITY,25595
25596,9100,UDP,NETBIOS,25596
25597,6969,UDP,DNS,25597
25598,21,TCP,EMS,25598
25599,21,UDP,MSSQL,25599
25600,23,TCP,VNC,25600
25601,587,UDP,XMPP,25601
25602,443,TCP,HTTPS,25602
25603,5432,TCP,RDP,25603
25604,1433,UDP,ACMSODA,25604
25605,3389,TCP,UBIQUITY,25605
25606,22,TCP,UBIQUITY,25606
25607,443,TCP,HTTPS,25607
25608,161,UDP,UBIQUITY,25608
25609,10001,UDP,ZABBIX,25609
25610,3389,TCP,MDS,25610
25611,161,TCP,DAAPD,25611
25612,5061,UDP,DNS,25612
25613,5222,UDP,SSH,25613
25614,3689,TCP,TELNET,25614
25615,5432,TCP,DAAPD,25615
25616,3689,TCP,SSH,25616
25617,5432,UDP,HTTPS,25617
25618,443,TCP,HTTPS,25618
25619,443,TCP,HTTPS,25619
25620,993,UDP,PGSQL,25620
25621,53,UDP,DNS,25621
25622,443,UDP,MDS,25622
25623,5222,TCP,ICAP,25623
25624,5060,UDP,EMS,25624
25625,161,TCP,RDP,25625
25626,5432,TCP,HTTPS,25626
25627,21,UDP,FTP,25627
25628,22,UDP,VNC,25628
25629,21,UDP,SIP,25629
25630,443,TCP,DNS,25630
25631,3689,TCP,TELNET,25631
25632,53,UDP,DNS,25632
25633,5060,UDP,PGSQL,25633
25634,500,UDP,XMPP,25634
25635,10001,UDP,ICAP,25635
25636,443,TCP,HTTPS,25636
25637,500,TCP,DNS,25637
25638,53,UDP,DNS,25638
25639,3689,UDP,TELNET,25639
25640,21,TCP,FTP,25640
25641,993,TCP,RDP,25641
25642,10001,UDP,FTP,25642
25643,5060,TCP,HPSERVICE,25643
25644,1344,TCP,NETBIOS,25644
25645,21,UDP,ACMSODA,25645
25646,21,TCP,IRDMI,25646
25647,500,TCP,HTTPS,25647
25648,5060,UDP,DAAPD,25648
25649,5061,UDP,DNS,25649
25650,443,TCP,HTTPS,25650
25651,443,TCP,HTTPS,25651
25652,53,UDP,DNS,25652
25653,443,TCP,HTTPS,25653
25654,5222,UDP,RDP,25654
25655,1344,TCP,ISAKMP,25655
25656,21,TCP,FTP,25656
25657,8080,TCP,FTP,25657
25658,1344,UDP,ICAP,25658
25659,9100,UDP,MDS,25659
25660,8080,TCP,FTP,25660
25661,500,UDP,DAAPD,25661
25662,1344,UDP,SSH,25662
25663,23,UDP,IRDMI,25663
25664,500,UDP,DAAPD,25664
25665,22,TCP,IMAP4,25665
25666,138,TCP,ACMSODA,25666
25667,5060,TCP,HTTP,25667
25668,138,TCP,SSH,25668
25669,6969,TCP,HTTPS,25669
25670,3689,TCP,PGSQL,25670
25671,3389,TCP,HTTPS,25671
25672,80,TCP,FTP,25672
25673,6969,TCP,HTTPS,25673
25674,23,UDP,SIP,25674
25675,443,TCP,HTTPS,25675
25676,587,UDP,IRDMI,25676
25677,443,TCP,HTTPS,25677
25678,8080,UDP,IRDMI,25678
25679,443,TCP,UBIQUITY,25679
25680,137,TCP,IRDMI,25680
25681,1344,TCP,DAAPD,25681
25682,443,TCP,HTTPS,25682
25683,10051,TCP,ZABBIX,25683
25684,5060,UDP,PGSQL,25684
25685,22,UDP,VNC,25685
25686,443,UDP,HTTPS,25686
25687,9100,TCP,NETBIOS,25687
25688,443,TCP,HTTPS,25688
25689,443,UDP,ACMSODA,25689
25690,10001,TCP,MDS,25690
25691,5432,UDP,ACMSODA,25691
25692,993,TCP,IMAP4,25692
25693,5900,UDP,MDS,25693
25694,3128,TCP,HTTP,25694
25695,161,UDP,PGSQL,25695
25696,443,TCP,HTTPS,25696
25697,80,UDP,SIP,25697
25698,443,TCP,HTTPS,25698
25699,9100,TCP,IMAP4,25699
25700,5222,TCP,EMS,25700
25701,22,TCP,UBIQUITY,25701
25702,3128,UDP,HPSERVICE,25702
25703,10001,UDP,ZABBIX,25703
25704,5432,TCP,DAAPD,25704
25705,5432,UDP,HTTPS,25705
25706,6969,UDP,DAAPD,25706
25707,443,TCP,UBIQUITY,25707
25708,5432,UDP,IMAP4,25708
25709,9100,UDP,MDS,25709
25710,138,TCP,RDP,25710
25711,22,UDP,SIP,25711
25712,443,TCP,HTTPS,25712
25713,5061,UDP,ACMSODA,25713
25714,5222,TCP,FTP,25714
25715,21,TCP,FTP,25715
25716,5900,UDP,SSH,25716
25717,161,TCP,RDP,25717
25718,161,UDP,SSH,25718
25719,993,UDP,SNMP,25719
25720,443,TCP,TELNET,25720
25721,53,UDP,DNS,25721
25722,1344,UDP,EMS,25722
25723,22,TCP,UBIQUITY,25723
25724,587,UDP,IRDMI,25724
25725,3128,UDP,ICAP,25725
25726,22,TCP,VNC,25726
25727,5900,UDP,UBIQUITY,25727
25728,3689,TCP,ICAP,25728
25729,22,UDP,SNMP,25729
25730,443,UDP,MDS,25730
25731,993,TCP,UBIQUITY,25731
25732,161,UDP,VNC,25732
25733,5432,UDP,MSSQL,25733
25734,3689,UDP,SSH,25734
25735,5900,UDP,MSSQL,25735
25736,5061,TCP,VNC,25736
25737,10051,UDP,HPSERVICE,25737
25738,3389,TCP,HTTPS,25738
25739,6969,TCP,MDS,25739
25740,80,TCP,FTP,25740
25741,161,UDP,FTP,25741
25742,21,UDP,MSSQL,25742
25743,1433,UDP,ZABBIX,25743
25744,443,TCP,UBIQUITY,25744
25745,23,TCP,VNC,25745
25746,22,TCP,HTTP,25746
25747,53,TCP,MSSQL,25747
25748,5900,TCP,EMS,25748
25749,993,TCP,RDP,25749
25750,500,UDP,ACMSODA,25750
25751,500,UDP,RDP,25751
25752,22,TCP,HTTPS,25752
25753,443,TCP,HTTPS,25753
25754,443,TCP,HTTPS,25754
25755,6969,UDP,UBIQUITY,25755
25756,22,TCP,VNC,25756
25757,443,TCP,HTTPS,25757
25758,443,TCP,HTTPS,25758
25759,445,UDP,MDS,25759
25760,443,TCP,HTTPS,25760
25761,1433,TCP,IMAP4,25761
25762,587,UDP,RDP,25762
25763,80,TCP,HTTP,25763
25764,5900,UDP,SSH,25764
25765,8000,TCP,UBIQUITY,25765
25766,993,TCP,PGSQL,25766
25767,138,TCP,VNC,25767
25768,1344,TCP,TELNET,25768
25769,587,UDP,ICAP,25769
25770,80,TCP,HTTP,25770
25771,445,UDP,DNS,25771
25772,53,UDP,HTTP,25772
25773,1433,TCP,EMS,25773
25774,8080,UDP,TELNET,25774
25775,445,UDP,DNS,25775
25776,80,UDP,HTTP,25776
25777,9100,UDP,MDS,25777
25778,137,UDP,HTTPS,25778
25779,443,TCP,HTTPS,25779
25780,500,TCP,PGSQL,25780
25781,23,UDP,SIP,25781
25782,161,UDP,SSH,25782
25783,443,TCP,HTTPS,25783
25784,3689,TCP,HPSERVICE,25784
25785,993,UDP,TELNET,25785
25786,443,TCP,HTTPS,25786
25787,3689,UDP,HPSERVICE,25787
25788,443,TCP,HTTPS,25788
25789,1433,TCP,MSSQL,25789
25790,138,UDP,UBIQUITY,25790
25791,161,UDP,SIP,25791
25792,443,TCP,UBIQUITY,25792
25793,5061,TCP,XMPP,25793
25794,443,TCP,HTTPS,25794
25795,5432,TCP,XMPP,25795
25796,10051,UDP,ICAP,25796
25797,443,UDP,HTTPS,25797
25798,1433,TCP,DAAPD,25798
25799,80,UDP,ZABBIX,25799
25800,443,TCP,HTTPS,25800
25801,80,UDP,ZABBIX,25801
25802,443,TCP,HTTPS,25802
25803,1433,TCP,MDS,25803
25804,443,TCP,HTTPS,25804
25805,993,UDP,DAAPD,25805
25806,443,UDP,MDS,25806
25807,53,UDP,ISAKMP,25807
25808,3689,UDP,VNC,25808
25809,3128,UDP,ICAP,25809
25810,3689,UDP,SSH,25810
25811,993,UDP,DAAPD,25811
25812,22,UDP,VNC,25812
25813,1433,UDP,SSH,25813
25814,5900,UDP,NETBIOS,25814
25815,5900,UDP,SSH,25815
25816,137,TCP,HTTP,25816
25817,445,UDP,DNS,25817
25818,137,TCP,SSH,25818
25819,161,TCP,IMAP4,25819
25820,587,UDP,IRDMI,25820
25821,443,TCP,HTTPS,25821
25822,22,TCP,UBIQUITY,25822
25823,5222,TCP,HTTPS,25823
25824,9100,TCP,VNC,25824
25825,445,TCP,SSH,25825
25826,9100,UDP,NETBIOS,25826
25827,53,UDP,XMPP,25827
25828,1433,TCP,PGSQL,25828
25829,21,UDP,ISAKMP,25829
25830,21,TCP,HPSERVICE,25830
25831,9100,UDP,PGSQL,25831
25832,5432,TCP,DAAPD,25832
25833,8080,UDP,TELNET,25833
25834,1344,TCP,UBIQUITY,25834
25835,5222,UDP,SSH,25835
25836,993,TCP,UBIQUITY,25836
25837,5900,UDP,SIP,25837
25838,53,UDP,DNS,25838
25839,1433,UDP,MSSQL,25839
25840,587,UDP,IRDMI,25840
25841,5060,TCP,NETBIOS,25841
25842,21,TCP,FTP,25842
25843,137,TCP,PGSQL,25843
25844,587,UDP,TELNET,25844
25845,10001,UDP,SSH,25845
25846,993,UDP,DAAPD,25846
25847,8000,UDP,NETBIOS,25847
25848,3128,TCP,SNMP,25848
25849,10001,UDP,HTTP,25849
25850,3689,UDP,ACMSODA,25850
25851,993,TCP,RDP,25851
25852,443,TCP,HTTPS,25852
25853,80,UDP,ZABBIX,25853
25854,10051,UDP,SIP,25854
25855,53,UDP,DNS,25855
25856,9100,UDP,NETBIOS,25856
25857,22,UDP,MSSQL,25857
25858,443,TCP,HTTPS,25858
25859,3689,UDP,FTP,25859
25860,21,TCP,FTP,25860
25861,53,UDP,NETBIOS,25861
25862,138,TCP,SSH,25862
25863,80,UDP,DAAPD,25863
25864,5060,TCP,NETBIOS,25864
25865,21,TCP,EMS,25865
25866,80,TCP,FTP,25866
25867,1433,UDP,DAAPD,25867
25868,53,UDP,NETBIOS,25868
25869,53,UDP,NETBIOS,25869
25870,443,TCP,HTTPS,25870
25871,5900,TCP,MDS,25871
25872,1344,TCP,TELNET,25872
25873,443,TCP,HTTPS,25873
25874,5432,TCP,ACMSODA,25874
25875,80,TCP,FTP,25875
25876,5060,TCP,ACMSODA,25876
25877,80,TCP,HTTP,25877
25878,80,TCP,HTTP,25878
25879,8080,UDP,ACMSODA,25879
25880,5222,TCP,ICAP,25880
25881,443,TCP,HTTPS,25881
25882,443,TCP,HTTPS,25882
25883,21,UDP,RDP,25883
25884,3689,TCP,HPSERVICE,25884
25885,3389,UDP,MSSQL,25885
25886,80,TCP,PGSQL,25886
25887,137,TCP,ACMSODA,25887
25888,993,TCP,IMAP4,25888
25889,5900,UDP,SIP,25889
25890,443,TCP,HTTPS,25890
25891,5432,TCP,XMPP,25891
25892,3689,UDP,MSSQL,25892
25893,5060,TCP,NETBIOS,25893
25894,22,TCP,HTTPS,25894
25895,10051,UDP,SIP,25895
25896,3389,TCP,MDS,25896
25897,161,UDP,UBIQUITY,25897
25898,22,UDP,ISAKMP,25898
25899,443,TCP,HTTPS,25899
25900,6969,UDP,DNS,25900
25901,993,UDP,TELNET,25901
25902,5061,TCP,XMPP,25902
25903,137,TCP,ACMSODA,25903
25904,443,TCP,HTTPS,25904
25905,10051,UDP,MSSQL,25905
25906,80,TCP,HTTP,25906
25907,5432,UDP,ISAKMP,25907
25908,3128,UDP,ICAP,25908
25909,443,UDP,IRDMI,25909
25910,1433,UDP,MSSQL,25910
25911,5061,UDP,PGSQL,25911
25912,443,TCP,HTTPS,25912
25913,22,UDP,NETBIOS,25913
25914,1433,TCP,PGSQL,25914
25915,5900,TCP,EMS,25915
25916,1344,UDP,HTTP,25916
25917,443,UDP,HTTPS,25917
25918,5900,UDP,HTTP,25918
25919,9100,TCP,IRDMI,25919
25920,23,UDP,SIP,25920
25921,443,TCP,HTTPS,25921
25922,1433,UDP,SSH,25922
25923,6969,UDP,MSSQL,25923
25924,9100,UDP,ZABBIX,25924
25925,10051,UDP,SIP,25925
25926,5432,TCP,ZABBIX,25926
25927,10001,UDP,SSH,25927
25928,993,UDP,TELNET,25928
25929,5060,UDP,NETBIOS,25929
25930,1433,TCP,MSSQL,25930
25931,443,TCP,HTTPS,25931
25932,21,TCP,IMAP4,25932
25933,23,TCP,HPSERVICE,25933
25934,53,UDP,ISAKMP,25934
25935,22,UDP,VNC,25935
25936,23,TCP,HPSERVICE,25936
25937,161,UDP,IRDMI,25937
25938,80,TCP,HTTP,25938
25939,5900,TCP,RDP,25939
25940,1344,TCP,IMAP4,25940
25941,445,UDP,DAAPD,25941
25942,443,TCP,HTTPS,25942
25943,22,UDP,XMPP,25943
25944,21,UDP,SSH,25944
25945,443,TCP,HTTPS,25945
25946,1344,UDP,DAAPD,25946
25947,5061,TCP,VNC,25947
25948,500,UDP,DAAPD,25948
25949,445,UDP,UBIQUITY,25949
25950,5900,UDP,SSH,25950
25951,3128,TCP,SSH,25951
25952,443,TCP,HTTPS,25952
25953,3689,TCP,SSH,25953
25954,23,TCP,VNC,25954
25955,443,TCP,HTTPS,25955
25956,3389,TCP,SSH,25956
25957,161,TCP,HTTPS,25957
25958,138,UDP,MDS,25958
25959,8080,UDP,SNMP,25959
25960,161,TCP,FTP,25960
25961,443,UDP,ISAKMP,25961
25962,5432,UDP,ACMSODA,25962
25963,53,UDP,DNS,25963
25964,80,TCP,HTTP,25964
25965,138,TCP,MSSQL,25965
25966,161,TCP,XMPP,25966
25967,10001,UDP,SSH,25967
25968,1433,UDP,SSH,25968
25969,138,UDP,UBIQUITY,25969
25970,21,UDP,XMPP,25970
25971,443,TCP,HTTPS,25971
25972,10001,UDP,NETBIOS,25972
25973,6969,TCP,IMAP4,25973
25974,22,UDP,PGSQL,25974
25975,10051,UDP,HTTPS,25975
25976,23,TCP,VNC,25976
25977,5222,UDP,SSH,25977
25978,443,TCP,HTTPS,25978
25979,443,TCP,HTTPS,25979
25980,443,TCP,HTTPS,25980
25981,23,TCP,HPSERVICE,25981
25982,3689,TCP,ICAP,25982
25983,10051,TCP,ZABBIX,25983
25984,23,UDP,MDS,25984
25985,443,UDP,HTTPS,25985
25986,443,TCP,HTTPS,25986
25987,443,TCP,HTTPS,25987
25988,443,UDP,HTTPS,25988
25989,5061,UDP,PGSQL,25989
25990,80,TCP,PGSQL,25990
25991,1433,TCP,EMS,25991
25992,10051,TCP,ISAKMP,25992
25993,3689,UDP,FTP,25993
25994,9100,UDP,MDS,25994
25995,138,UDP,HPSERVICE,25995
25996,443,TCP,HTTPS,25996
25997,443,TCP,HTTPS,25997
25998,993,TCP,SSH,25998
25999,3689,TCP,HTTP,25999
26000,5900,UDP,MSSQL,26000
26001,5900,UDP,DAAPD,26001
26002,500,TCP,DNS,26002
26003,443,TCP,HTTPS,26003
26004,500,UDP,SNMP,26004
26005,443,TCP,HTTPS,26005
26006,1433,UDP,ZABBIX,26006
26007,161,TCP,DAAPD,26007
26008,5432,TCP,ZABBIX,26008
26009,587,UDP,TELNET,26009
26010,587,TCP,PGSQL,26010
26011,21,UDP,RDP,26011
26012,1344,TCP,TELNET,26012
26013,10001,TCP,ZABBIX,26013
26014,587,TCP,RDP,26014
26015,137,UDP,RDP,26015
26016,23,UDP,SIP,26016
26017,443,TCP,HTTPS,26017
26018,443,TCP,HTTPS,26018
26019,80,UDP,DAAPD,26019
26020,1344,UDP,HTTP,26020
26021,587,UDP,RDP,26021
26022,445,TCP,TELNET,26022
26023,1433,UDP,ACMSODA,26023
26024,5432,UDP,ICAP,26024
26025,8000,UDP,PGSQL,26025
26026,5060,TCP,ACMSODA,26026
26027,10051,UDP,DNS,26027
26028,3689,UDP,MDS,26028
26029,5222,TCP,XMPP,26029
26030,500,TCP,PGSQL,26030
26031,443,TCP,HTTPS,26031
26032,443,TCP,UBIQUITY,26032
26033,3389,TCP,HTTPS,26033
26034,500,TCP,SSH,26034
26035,3389,TCP,IMAP4,26035
26036,5900,TCP,MSSQL,26036
26037,5432,TCP,XMPP,26037
26038,161,UDP,PGSQL,26038
26039,445,TCP,HPSERVICE,26039
26040,21,TCP,IMAP4,26040
26041,500,UDP,ICAP,26041
26042,161,TCP,IMAP4,26042
26043,138,UDP,IRDMI,26043
26044,500,TCP,TELNET,26044
26045,443,TCP,UBIQUITY,26045
26046,1433,TCP,HTTPS,26046
26047,1433,UDP,ACMSODA,26047
26048,80,UDP,ZABBIX,26048
26049,5060,TCP,NETBIOS,26049
26050,161,TCP,TELNET,26050
26051,161,TCP,IMAP4,26051
26052,9100,TCP,RDP,26052
26053,993,TCP,RDP,26053
26054,587,UDP,ISAKMP,26054
26055,23,UDP,SIP,26055
26056,8000,TCP,UBIQUITY,26056
26057,5900,TCP,RDP,26057
26058,6969,UDP,RDP,26058
26059,5222,TCP,EMS,26059
26060,3128,UDP,HPSERVICE,26060
26061,443,TCP,HTTPS,26061
26062,445,UDP,IMAP4,26062
26063,993,TCP,UBIQUITY,26063
26064,21,UDP,ACMSODA,26064
26065,53,UDP,DNS,26065
26066,5222,TCP,SIP,26066
26067,21,UDP,SIP,26067
26068,3689,UDP,ACMSODA,26068
26069,137,TCP,RDP,26069
26070,138,TCP,UBIQUITY,26070
26071,443,TCP,HTTPS,26071
26072,22,TCP,UBIQUITY,26072
26073,443,TCP,HTTPS,26073
26074,445,TCP,SSH,26074
26075,21,TCP,FTP,26075
26076,1344,TCP,UBIQUITY,26076
26077,53,TCP,MSSQL,26077
26078,500,UDP,RDP,26078
26079,500,TCP,UBIQUITY,26079
26080,5900,UDP,MSSQL,26080
26081,10001,TCP,ZABBIX,26081
26082,500,TCP,PGSQL,26082
26083,500,UDP,SNMP,26083
26084,8080,TCP,IRDMI,26084
26085,161,TCP,DAAPD,26085
26086,161,UDP,SSH,26086
26087,23,TCP,FTP,26087
26088,161,UDP,VNC,26088
26089,1344,TCP,NETBIOS,26089
26090,5061,UDP,SNMP,26090
26091,80,UDP,XMPP,26091
26092,443,TCP,HTTPS,26092
26093,23,UDP,FTP,26093
26094,1344,TCP,IMAP4,26094
26095,3689,TCP,SSH,26095
26096,587,TCP,PGSQL,26096
26097,5060,TCP,MDS,26097
26098,443,TCP,HTTPS,26098
26099,3389,UDP,NETBIOS,26099
26100,3689,UDP,VNC,26100
26101,993,UDP,MDS,26101
26102,587,TCP,PGSQL,26102
26103,21,UDP,MSSQL,26103
26104,22,TCP,PGSQL,26104
26105,5222,UDP,EMS,26105
26106,443,TCP,HTTPS,26106
26107,9100,UDP,SSH,26107
26108,6969,UDP,DNS,26108
26109,22,UDP,VNC,26109
26110,8000,TCP,ICAP,26110
26111,8000,TCP,MSSQL,26111
26112,993,TCP,IMAP4,26112
26113,5900,UDP,EMS,26113
26114,161,UDP,UBIQUITY,26114
26115,5900,UDP,UBIQUITY,26115
26116,138,TCP,ICAP,26116
26117,3689,UDP,TELNET,26117
26118,138,TCP,XMPP,26118
26119,53,UDP,ISAKMP,26119
26120,443,UDP,FTP,26120
26121,3689,TCP,ACMSODA,26121
26122,3389,UDP,SNMP,26122
26123,53,UDP,HTTP,26123
26124,8080,UDP,FTP,26124
26125,443,TCP,HTTPS,26125
26126,500,UDP,SNMP,26126
26127,500,UDP,DNS,26127
26128,5060,TCP,NETBIOS,26128
26129,5432,TCP,VNC,26129
26130,5432,UDP,ACMSODA,26130
26131,80,TCP,HTTP,26131
26132,137,TCP,PGSQL,26132
26133,1433,UDP,XMPP,26133
26134,21,UDP,XMPP,26134
26135,3389,TCP,IMAP4,26135
26136,22,TCP,UBIQUITY,26136
26137,3128,UDP,VNC,26137
26138,3389,UDP,SNMP,26138
26139,80,UDP,ZABBIX,26139
26140,993,TCP,RDP,26140
26141,80,TCP,HTTP,26141
26142,1433,UDP,ACMSODA,26142
26143,443,TCP,UBIQUITY,26143
26144,8080,UDP,SIP,26144
26145,443,UDP,ICAP,26145
26146,138,TCP,IRDMI,26146
26147,5432,UDP,MSSQL,26147
26148,6969,UDP,UBIQUITY,26148
26149,3128,UDP,IRDMI,26149
26150,5061,TCP,ACMSODA,26150
26151,5900,UDP,UBIQUITY,26151
26152,80,UDP,ZABBIX,26152
26153,6969,TCP,IMAP4,26153
26154,443,TCP,HTTPS,26154
26155,3689,UDP,IMAP4,26155
26156,443,TCP,HTTPS,26156
26157,1433,TCP,EMS,26157
26158,445,TCP,IRDMI,26158
26159,993,TCP,NETBIOS,26159
26160,138,TCP,ACMSODA,26160
26161,5222,UDP,SSH,26161
26162,6969,TCP,ZABBIX,26162
26163,443,TCP,IRDMI,26163
26164,80,TCP,HPSERVICE,26164
26165,443,TCP,HTTPS,26165
26166,3689,TCP,ACMSODA,26166
26167,80,UDP,SIP,26167
26168,1344,UDP,EMS,26168
26169,443,TCP,HTTPS,26169
26170,53,UDP,DNS,26170
26171,23,TCP,RDP,26171
26172,587,UDP,EMS,26172
26173,21,UDP,XMPP,26173
26174,993,TCP,RDP,26174
26175,23,UDP,SIP,26175
26176,8080,UDP,TELNET,26176
26177,5432,UDP,ICAP,26177
26178,993,TCP,NETBIOS,26178
26179,443,TCP,HTTPS,26179
26180,137,TCP,IRDMI,26180
26181,138,TCP,ACMSODA,26181
26182,10051,UDP,VNC,26182
26183,443,TCP,HTTPS,26183
26184,10001,UDP,SIP,26184
26185,1433,UDP,ZABBIX,26185
26186,3689,UDP,SSH,26186
26187,1344,TCP,NETBIOS,26187
26188,587,UDP,HTTP,26188
26189,21,UDP,HTTPS,26189
26190,443,TCP,HTTPS,26190
26191,23,UDP,SIP,26191
26192,443,UDP,HTTPS,26192
26193,53,UDP,ZABBIX,26193
26194,9100,UDP,DAAPD,26194
26195,1344,TCP,EMS,26195
26196,5061,UDP,ACMSODA,26196
26197,6969,UDP,DNS,26197
26198,443,TCP,DNS,26198
26199,10051,UDP,ACMSODA,26199
26200,53,UDP,VNC,26200
26201,8080,UDP,TELNET,26201
26202,1433,TCP,MSSQL,26202
26203,53,UDP,DNS,26203
26204,1344,UDP,ICAP,26204
26205,8080,UDP,ACMSODA,26205
26206,5222,TCP,ICAP,26206
26207,3128,UDP,MSSQL,26207
26208,6969,TCP,ZABBIX,26208
26209,5900,TCP,MSSQL,26209
26210,8000,UDP,UBIQUITY,26210
26211,443,TCP,HTTPS,26211
26212,5060,UDP,RDP,26212
26213,3389,TCP,IMAP4,26213
26214,6969,TCP,HTTPS,26214
26215,161,UDP,VNC,26215
26216,138,TCP,IRDMI,26216
26217,3128,TCP,ACMSODA,26217
26218,5222,UDP,SSH,26218
26219,22,TCP,MSSQL,26219
26220,993,TCP,IMAP4,26220
26221,993,UDP,HPSERVICE,26221
26222,443,TCP,HTTPS,26222
26223,5432,UDP,NETBIOS,26223
26224,587,UDP,HTTP,26224
26225,21,TCP,EMS,26225
26226,80,UDP,DAAPD,26226
26227,9100,UDP,MDS,26227
26228,22,UDP,SNMP,26228
26229,138,TCP,MSSQL,26229
26230,443,TCP,HTTPS,26230
26231,5900,UDP,NETBIOS,26231
26232,3389,TCP,MSSQL,26232
26233,3689,TCP,SSH,26233
26234,3389,UDP,NETBIOS,26234
26235,5900,TCP,RDP,26235
26236,443,TCP,UBIQUITY,26236
26237,443,TCP,HTTPS,26237
26238,53,UDP,DNS,26238
26239,80,UDP,ZABBIX,26239
26240,5900,UDP,MSSQL,26240
26241,5222,TCP,HTTPS,26241
26242,993,UDP,DAAPD,26242
26243,5060,TCP,NETBIOS,26243
26244,443,UDP,IRDMI,26244
26245,3389,TCP,HTTPS,26245
26246,445,TCP,SSH,26246
26247,3389,TCP,NETBIOS,26247
26248,500,UDP,RDP,26248
26249,1433,TCP,XMPP,26249
26250,443,TCP,HTTPS,26250
26251,21,TCP,FTP,26251
26252,21,TCP,EMS,26252
26253,443,TCP,IRDMI,26253
26254,23,UDP,IRDMI,26254
26255,443,TCP,IRDMI,26255
26256,10001,TCP,MDS,26256
26257,1433,TCP,PGSQL,26257
26258,53,UDP,DNS,26258
26259,443,TCP,HTTPS,26259
26260,10001,TCP,MDS,26260
26261,1344,UDP,TELNET,26261
26262,138,UDP,PGSQL,26262
26263,9100,UDP,ZABBIX,26263
26264,22,TCP,HTTP,26264
26265,587,TCP,PGSQL,26265
26266,23,UDP,SIP,26266
26267,443,TCP,HTTPS,26267
26268,5432,UDP,IMAP4,26268
26269,1433,UDP,MSSQL,26269
26270,5432,TCP,DAAPD,26270
26271,3689,TCP,TELNET,26271
26272,5900,UDP,FTP,26272
26273,993,UDP,PGSQL,26273
26274,161,TCP,MSSQL,26274
26275,443,TCP,HTTPS,26275
26276,5432,TCP,VNC,26276
26277,3689,TCP,ACMSODA,26277
26278,3389,TCP,NETBIOS,26278
26279,53,UDP,DNS,26279
26280,6969,TCP,ZABBIX,26280
26281,1344,TCP,TELNET,26281
26282,5432,TCP,RDP,26282
26283,443,TCP,HTTPS,26283
26284,443,TCP,RDP,26284
26285,1344,TCP,NETBIOS,26285
26286,8080,UDP,ACMSODA,26286
26287,5900,TCP,RDP,26287
26288,8000,UDP,SIP,26288
26289,10001,TCP,FTP,26289
26290,993,TCP,NETBIOS,26290
26291,5432,UDP,MSSQL,26291
26292,993,UDP,DAAPD,26292
26293,8080,UDP,ZABBIX,26293
26294,8080,TCP,FTP,26294
26295,138,TCP,MSSQL,26295
26296,5222,TCP,XMPP,26296
26297,1344,TCP,NETBIOS,26297
26298,445,UDP,UBIQUITY,26298
26299,445,UDP,HTTP,26299
26300,443,TCP,HTTPS,26300
26301,1433,UDP,XMPP,26301
26302,80,TCP,FTP,26302
26303,21,UDP,XMPP,26303
26304,443,TCP,HTTPS,26304
26305,1344,TCP,EMS,26305
26306,8000,UDP,SIP,26306
26307,21,UDP,SSH,26307
26308,993,UDP,SNMP,26308
26309,5060,UDP,EMS,26309
26310,161,TCP,DAAPD,26310
26311,21,TCP,FTP,26311
26312,138,TCP,UBIQUITY,26312
26313,3389,TCP,IRDMI,26313
26314,1433,UDP,DAAPD,26314
26315,23,UDP,ICAP,26315
26316,1433,TCP,HTTPS,26316
26317,10001,UDP,SSH,26317
26318,1344,TCP,NETBIOS,26318
26319,21,UDP,ACMSODA,26319
26320,22,UDP,SIP,26320
26321,21,TCP,FTP,26321
26322,443,UDP,MDS,26322
26323,21,UDP,HTTPS,26323
26324,8080,TCP,ACMSODA,26324
26325,1433,TCP,UBIQUITY,26325
26326,53,TCP,MSSQL,26326
26327,6969,TCP,HTTPS,26327
26328,53,UDP,DNS,26328
26329,9100,UDP,PGSQL,26329
26330,80,UDP,PGSQL,26330
26331,8000,UDP,HTTP,26331
26332,443,UDP,HTTPS,26332
26333,3389,TCP,ACMSODA,26333
26334,5432,TCP,SSH,26334
26335,443,TCP,UBIQUITY,26335
26336,443,TCP,HTTPS,26336
26337,3689,UDP,IMAP4,26337
26338,993,UDP,TELNET,26338
26339,161,UDP,PGSQL,26339
26340,445,UDP,DAAPD,26340
26341,80,UDP,HTTP,26341
26342,1344,TCP,IMAP4,26342
26343,993,UDP,ZABBIX,26343
26344,3389,TCP,SSH,26344
26345,10051,UDP,PGSQL,26345
26346,80,UDP,SIP,26346
26347,6969,UDP,SNMP,26347
26348,6969,UDP,DNS,26348
26349,500,UDP,XMPP,26349
26350,138,UDP,ZABBIX,26350
26351,443,TCP,HTTPS,26351
26352,587,UDP,RDP,26352
26353,80,UDP,SIP,26353
26354,23,UDP,MDS,26354
26355,443,TCP,UBIQUITY,26355
26356,161,TCP,TELNET,26356
26357,587,UDP,IRDMI,26357
26358,5061,UDP,DNS,26358
26359,5222,TCP,EMS,26359
26360,138,TCP,MSSQL,26360
26361,443,TCP,HTTPS,26361
26362,3128,TCP,HTTP,26362
26363,3689,TCP,HPSERVICE,26363
26364,5900,UDP,MDS,26364
26365,22,TCP,SSH,26365
26366,587,TCP,VNC,26366
26367,8080,UDP,ISAKMP,26367
26368,5432,TCP,HPSERVICE,26368
26369,443,TCP,DNS,26369
26370,587,UDP,FTP,26370
26371,587,TCP,HTTP,26371
26372,137,TCP,HTTPS,26372
26373,500,TCP,IMAP4,26373
26374,8080,UDP,FTP,26374
26375,445,TCP,TELNET,26375
26376,445,TCP,MSSQL,26376
26377,587,TCP,RDP,26377
26378,3128,UDP,ZABBIX,26378
26379,9100,TCP,PGSQL,26379
26380,587,UDP,IRDMI,26380
26381,500,TCP,SIP,26381
26382,587,UDP,IRDMI,26382
26383,443,TCP,HTTPS,26383
26384,8080,UDP,ICAP,26384
26385,137,TCP,RDP,26385
26386,23,TCP,HPSERVICE,26386
26387,5900,UDP,EMS,26387
26388,443,TCP,HTTPS,26388
26389,80,TCP,HTTP,26389
26390,53,UDP,DNS,26390
26391,443,TCP,HTTPS,26391
26392,500,TCP,DNS,26392
26393,138,TCP,ACMSODA,26393
26394,10001,TCP,HPSERVICE,26394
26395,3689,TCP,HPSERVICE,26395
26396,138,TCP,UBIQUITY,26396
26397,993,UDP,DAAPD,26397
26398,5060,TCP,MDS,26398
26399,500,TCP,ISAKMP,26399
26400,445,UDP,DAAPD,26400
26401,443,TCP,HTTPS,26401
26402,443,TCP,HTTPS,26402
26403,10051,TCP,SIP,26403
26404,10001,UDP,FTP,26404
26405,8000,TCP,ICAP,26405
26406,3389,TCP,MSSQL,26406
26407,587,UDP,IRDMI,26407
26408,10051,UDP,MSSQL,26408
26409,9100,UDP,ZABBIX,26409
26410,5060,TCP,HTTP,26410
26411,3389,TCP,XMPP,26411
26412,5061,TCP,XMPP,26412
26413,443,TCP,HTTPS,26413
26414,21,UDP,SIP,26414
26415,6969,TCP,UBIQUITY,26415
26416,500,UDP,RDP,26416
26417,22,TCP,MSSQL,26417
26418,53,UDP,DNS,26418
26419,5060,TCP,NETBIOS,26419
26420,1344,UDP,SSH,26420
26421,1344,TCP,UBIQUITY,26421
26422,137,TCP,FTP,26422
26423,3128,UDP,ICAP,26423
26424,5900,UDP,FTP,26424
26425,5060,UDP,TELNET,26425
26426,137,TCP,HTTPS,26426
26427,1344,TCP,TELNET,26427
26428,5900,TCP,RDP,26428
26429,5432,TCP,VNC,26429
26430,137,TCP,XMPP,26430
26431,53,UDP,DNS,26431
26432,587,TCP,MDS,26432
26433,23,TCP,RDP,26433
26434,443,TCP,HTTPS,26434
26435,5432,TCP,SSH,26435
26436,1433,UDP,XMPP,26436
26437,137,TCP,MSSQL,26437
26438,8080,UDP,ISAKMP,26438
26439,443,TCP,HTTPS,26439
26440,500,UDP,XMPP,26440
26441,993,UDP,TELNET,26441
26442,3689,TCP,HPSERVICE,26442
26443,443,UDP,HTTPS,26443
26444,8080,UDP,FTP,26444
26445,161,TCP,IRDMI,26445
26446,443,TCP,HTTPS,26446
26447,445,UDP,HTTPS,26447
26448,443,TCP,HTTPS,26448
26449,80,TCP,HTTP,26449
26450,445,UDP,TELNET,26450
26451,443,TCP,HTTPS,26451
26452,443,TCP,HTTPS,26452
26453,23,TCP,HPSERVICE,26453
26454,1344,TCP,DNS,26454
26455,443,TCP,HTTPS,26455
26456,443,UDP,HPSERVICE,26456
26457,9100,UDP,DNS,26457
26458,80,UDP,ZABBIX,26458
26459,80,TCP,HTTP,26459
26460,53,UDP,DNS,26460
26461,80,UDP,NETBIOS,26461
26462,53,UDP,DNS,26462
26463,80,UDP,SNMP,26463
26464,443,TCP,HTTPS,26464
26465,9100,TCP,RDP,26465
26466,5432,UDP,ISAKMP,26466
26467,5061,TCP,VNC,26467
26468,443,TCP,HTTPS,26468
26469,5060,UDP,PGSQL,26469
26470,500,UDP,DAAPD,26470
26471,1433,UDP,SSH,26471
26472,443,TCP,HTTPS,26472
26473,138,TCP,IRDMI,26473
26474,6969,UDP,ZABBIX,26474
26475,80,UDP,EMS,26475
26476,993,TCP,DNS,26476
26477,5060,TCP,MDS,26477
26478,53,UDP,DNS,26478
26479,5060,TCP,HTTPS,26479
26480,23,TCP,IMAP4,26480
26481,993,TCP,DNS,26481
26482,5060,UDP,MDS,26482
26483,5222,TCP,HTTPS,26483
26484,443,TCP,HTTPS,26484
26485,993,UDP,TELNET,26485
26486,443,TCP,HTTPS,26486
26487,443,TCP,HTTPS,26487
26488,9100,TCP,SSH,26488
26489,5900,UDP,MSSQL,26489
26490,80,TCP,HTTPS,26490
26491,443,TCP,HTTPS,26491
26492,443,TCP,HTTPS,26492
26493,443,TCP,HTTPS,26493
26494,5432,TCP,RDP,26494
26495,993,TCP,NETBIOS,26495
26496,8080,UDP,ACMSODA,26496
26497,5060,TCP,MDS,26497
26498,5432,TCP,ZABBIX,26498
26499,3128,UDP,MSSQL,26499
26500,5061,TCP,VNC,26500
26501,443,TCP,UBIQUITY,26501
26502,161,TCP,IMAP4,26502
26503,3128,UDP,SNMP,26503
26504,21,UDP,ACMSODA,26504
26505,5222,UDP,ZABBIX,26505
26506,443,TCP,HTTPS,26506
26507,8080,UDP,TELNET,26507
26508,5222,UDP,SSH,26508
26509,993,TCP,ISAKMP,26509
26510,5061,UDP,DNS,26510
26511,500,UDP,XMPP,26511
26512,22,TCP,PGSQL,26512
26513,137,TCP,ACMSODA,26513
26514,443,TCP,HTTPS,26514
26515,445,TCP,SSH,26515
26516,5432,UDP,HTTPS,26516
26517,161,UDP,SIP,26517
26518,9100,UDP,MDS,26518
26519,21,UDP,ACMSODA,26519
26520,53,UDP,DNS,26520
26521,993,TCP,RDP,26521
26522,1344,TCP,ISAKMP,26522
26523,443,TCP,IMAP4,26523
26524,5432,TCP,RDP,26524
26525,443,TCP,HTTPS,26525
26526,138,UDP,ZABBIX,26526
26527,22,UDP,SNMP,26527
26528,587,UDP,IMAP4,26528
26529,5061,UDP,TELNET,26529
26530,1344,UDP,SSH,26530
26531,5432,TCP,VNC,26531
26532,21,TCP,HPSERVICE,26532
26533,443,TCP,VNC,26533
26534,10001,UDP,SSH,26534
26535,80,UDP,ZABBIX,26535
26536,1344,UDP,HTTP,26536
26537,10051,TCP,ISAKMP,26537
26538,443,TCP,HTTPS,26538
26539,587,UDP,XMPP,26539
26540,500,TCP,DNS,26540
26541,443,TCP,HTTPS,26541
26542,161,UDP,PGSQL,26542
26543,80,TCP,HTTP,26543
26544,6969,TCP,IMAP4,26544
26545,161,UDP,VNC,26545
26546,5061,TCP,XMPP,26546
26547,8080,UDP,IRDMI,26547
26548,9100,UDP,MDS,26548
26549,587,UDP,IRDMI,26549
26550,21,UDP,XMPP,26550
26551,3389,TCP,HTTPS,26551
26552,587,UDP,EMS,26552
26553,5900,UDP,MSSQL,26553
26554,21,UDP,XMPP,26554
26555,161,UDP,PGSQL,26555
26556,22,TCP,MSSQL,26556
26557,500,TCP,IMAP4,26557
26558,500,UDP,DAAPD,26558
26559,3389,UDP,PGSQL,26559
26560,443,TCP,HTTPS,26560
26561,9100,TCP,VNC,26561
26562,445,TCP,SSH,26562
26563,993,UDP,PGSQL,26563
26564,5222,TCP,ICAP,26564
26565,5900,UDP,FTP,26565
26566,8080,UDP,ISAKMP,26566
26567,21,UDP,SIP,26567
26568,21,UDP,SSH,26568
26569,1344,TCP,IMAP4,26569
26570,9100,TCP,SSH,26570
26571,9100,TCP,FTP,26571
26572,5900,UDP,MDS,26572
26573,443,TCP,HTTPS,26573
26574,445,TCP,SSH,26574
26575,5900,UDP,MSSQL,26575
26576,80,TCP,HTTP,26576
26577,161,UDP,UBIQUITY,26577
26578,80,UDP,DAAPD,26578
26579,6969,UDP,RDP,26579
26580,5432,UDP,ACMSODA,26580
26581,3128,UDP,MSSQL,26581
26582,5432,UDP,HTTPS,26582
26583,8000,TCP,UBIQUITY,26583
26584,80,TCP,HTTP,26584
26585,443,TCP,HTTPS,26585
26586,3128,TCP,SNMP,26586
26587,500,TCP,DNS,26587
26588,3128,UDP,SNMP,26588
26589,10051,UDP,SIP,26589
26590,500,UDP,ICAP,26590
26591,443,TCP,HTTPS,26591
26592,5432,UDP,FTP,26592
26593,993,UDP,SNMP,26593
26594,1433,UDP,ZABBIX,26594
26595,10051,TCP,ISAKMP,26595
26596,500,UDP,DAAPD,26596
26597,5060,UDP,NETBIOS,26597
26598,8000,TCP,MSSQL,26598
26599,587,TCP,ACMSODA,26599
26600,443,TCP,HTTPS,26600
26601,23,TCP,RDP,26601
26602,3389,UDP,PGSQL,26602
26603,5061,TCP,VNC,26603
26604,5222,UDP,RDP,26604
26605,3128,UDP,ICAP,26605
26606,3128,UDP,ICAP,26606
26607,443,TCP,HTTPS,26607
26608,500,UDP,DAAPD,26608
26609,3389,TCP,XMPP,26609
26610,993,TCP,DNS,26610
26611,6969,TCP,ISAKMP,26611
26612,587,UDP,TELNET,26612
26613,161,TCP,IMAP4,26613
26614,445,UDP,HTTPS,26614
26615,5900,TCP,RDP,26615
26616,5222,TCP,SNMP,26616
26617,5432,UDP,NETBIOS,26617
26618,587,TCP,PGSQL,26618
26619,3389,UDP,IRDMI,26619
26620,443,TCP,HTTPS,26620
26621,5900,TCP,MSSQL,26621
26622,443,TCP,HTTPS,26622
26623,5060,TCP,HTTP,26623
26624,6969,TCP,SNMP,26624
26625,587,UDP,FTP,26625
26626,3689,UDP,IRDMI,26626
26627,23,TCP,VNC,26627
26628,6969,TCP,HTTPS,26628
26629,1344,TCP,UBIQUITY,26629
26630,1344,TCP,TELNET,26630
26631,6969,TCP,IMAP4,26631
26632,3128,UDP,ZABBIX,26632
26633,443,TCP,HTTPS,26633
26634,3689,TCP,ACMSODA,26634
26635,53,UDP,NETBIOS,26635
26636,3389,TCP,SSH,26636
26637,8000,TCP,UBIQUITY,26637
26638,3689,UDP,FTP,26638
26639,445,TCP,MDS,26639
26640,443,TCP,HTTPS,26640
26641,587,UDP,XMPP,26641
26642,5060,UDP,DAAPD,26642
26643,23,TCP,VNC,26643
26644,23,TCP,IMAP4,26644
26645,80,UDP,ZABBIX,26645
26646,5222,UDP,SSH,26646
26647,5432,TCP,DAAPD,26647
26648,6969,TCP,ACMSODA,26648
26649,5222,UDP,SSH,26649
26650,80,UDP,PGSQL,26650
26651,22,TCP,HTTP,26651
26652,53,TCP,MSSQL,26652
26653,10001,UDP,FTP,26653
26654,443,TCP,HTTPS,26654
26655,3128,TCP,HPSERVICE,26655
26656,53,UDP,DNS,26656
26657,587,UDP,EMS,26657
26658,22,TCP,MSSQL,26658
26659,138,UDP,IRDMI,26659
26660,5060,TCP,MDS,26660
26661,5432,TCP,RDP,26661
26662,9100,TCP,VNC,26662
26663,443,TCP,HTTPS,26663
26664,3689,UDP,HPSERVICE,26664
26665,10001,UDP,ZABBIX,26665
26666,21,TCP,FTP,26666
26667,5432,UDP,ACMSODA,26667
26668,445,TCP,MDS,26668
26669,137,TCP,DAAPD,26669
26670,21,TCP,HPSERVICE,26670
26671,53,UDP,DNS,26671
26672,443,TCP,HTTPS,26672
26673,5900,UDP,SIP,26673
26674,80,UDP,XMPP,26674
26675,80,UDP,XMPP,26675
26676,5060,UDP,MSSQL,26676
26677,443,TCP,HTTPS,26677
26678,993,TCP,SSH,26678
26679,1433,TCP,UBIQUITY,26679
26680,3689,TCP,PGSQL,26680
26681,3689,TCP,ACMSODA,26681
26682,443,UDP,UBIQUITY,26682
26683,21,UDP,ICAP,26683
26684,5222,UDP,DNS,26684
26685,587,UDP,FTP,26685
26686,1344,UDP,RDP,26686
26687,443,TCP,HTTPS,26687
26688,8080,UDP,TELNET,26688
26689,137,TCP,SSH,26689
26690,22,TCP,MSSQL,26690
26691,138,UDP,MDS,26691
26692,21,TCP,FTP,26692
26693,443,TCP,HTTPS,26693
26694,5900,UDP,ICAP,26694
26695,5060,UDP,DAAPD,26695
26696,80,UDP,ZABBIX,26696
26697,5900,UDP,EMS,26697
26698,23,UDP,MDS,26698
26699,5432,UDP,ICAP,26699
26700,443,TCP,HTTPS,26700
26701,9100,UDP,PGSQL,26701
26702,587,UDP,XMPP,26702
26703,5432,UDP,ISAKMP,26703
26704,5222,UDP,SSH,26704
26705,500,UDP,XMPP,26705
26706,1344,UDP,PGSQL,26706
26707,443,TCP,HTTPS,26707
26708,80,TCP,HPSERVICE,26708
26709,10051,UDP,VNC,26709
26710,21,TCP,FTP,26710
26711,993,UDP,PGSQL,26711
26712,21,UDP,UBIQUITY,26712
26713,500,UDP,XMPP,26713
26714,3689,TCP,HPSERVICE,26714
26715,23,TCP,RDP,26715
26716,5060,TCP,SNMP,26716
26717,500,UDP,SNMP,26717
26718,993,TCP,RDP,26718
26719,53,TCP,SNMP,26719
26720,138,TCP,ICAP,26720
26721,10051,TCP,ISAKMP,26721
26722,1344,UDP,ICAP,26722
26723,3389,UDP,PGSQL,26723
26724,23,TCP,VNC,26724
26725,10001,UDP,SSH,26725
26726,3128,UDP,ICAP,26726
26727,3689,UDP,MSSQL,26727
26728,5061,TCP,VNC,26728
26729,1344,UDP,PGSQL,26729
26730,10051,UDP,SIP,26730
26731,5432,UDP,IMAP4,26731
26732,22,UDP,TELNET,26732
26733,993,UDP,ISAKMP,26733
26734,10001,TCP,ZABBIX,26734
26735,8080,TCP,EMS,26735
26736,8080,TCP,ACMSODA,26736
26737,80,TCP,PGSQL,26737
26738,21,UDP,XMPP,26738
26739,500,TCP,DNS,26739
26740,443,TCP,IMAP4,26740
26741,993,TCP,HTTP,26741
26742,443,TCP,HTTPS,26742
26743,23,UDP,SIP,26743
26744,3128,TCP,UBIQUITY,26744
26745,587,UDP,IRDMI,26745
26746,443,TCP,HTTPS,26746
26747,138,TCP,IRDMI,26747
26748,5061,TCP,VNC,26748
26749,8000,UDP,SIP,26749
26750,161,UDP,VNC,26750
26751,10051,UDP,HPSERVICE,26751
26752,443,TCP,HTTPS,26752
26753,5900,TCP,IRDMI,26753
26754,3389,UDP,PGSQL,26754
26755,80,TCP,HTTP,26755
26756,443,TCP,HTTPS,26756
26757,3689,TCP,SSH,26757
26758,443,TCP,IRDMI,26758
26759,53,UDP,DNS,26759
26760,23,TCP,HPSERVICE,26760
26761,5432,UDP,RDP,26761
26762,500,TCP,ISAKMP,26762
26763,138,UDP,IRDMI,26763
26764,53,UDP,ISAKMP,26764
26765,5432,UDP,ISAKMP,26765
26766,161,TCP,IRDMI,26766
26767,138,TCP,IRDMI,26767
26768,1344,TCP,NETBIOS,26768
26769,587,UDP,RDP,26769
26770,21,TCP,FTP,26770
26771,80,TCP,HTTP,26771
26772,53,UDP,DNS,26772
26773,5060,TCP,ACMSODA,26773
26774,5061,TCP,VNC,26774
26775,8080,TCP,HTTP,26775
26776,161,TCP,DAAPD,26776
26777,443,TCP,HTTPS,26777
26778,3128,TCP,SNMP,26778
26779,443,TCP,HTTPS,26779
26780,587,TCP,ACMSODA,26780
26781,5060,TCP,IMAP4,26781
26782,587,UDP,ISAKMP,26782
26783,53,UDP,DNS,26783
26784,500,UDP,XMPP,26784
26785,5432,UDP,HPSERVICE,26785
26786,500,TCP,IMAP4,26786
26787,993,UDP,TELNET,26787
26788,587,TCP,RDP,26788
26789,23,UDP,FTP,26789
26790,23,UDP,SIP,26790
26791,3389,UDP,PGSQL,26791
26792,443,TCP,HTTPS,26792
26793,5061,UDP,HTTP,26793
26794,3689,TCP,PGSQL,26794
26795,80,UDP,PGSQL,26795
26796,5900,TCP,MSSQL,26796
26797,993,TCP,RDP,26797
26798,10051,UDP,SIP,26798
26799,500,UDP,ICAP,26799
26800,443,TCP,HTTPS,26800
26801,443,TCP,HTTPS,26801
26802,21,TCP,FTP,26802
26803,3389,TCP,MSSQL,26803
26804,5061,UDP,PGSQL,26804
26805,21,TCP,VNC,26805
26806,3689,UDP,IMAP4,26806
26807,23,TCP,VNC,26807
26808,3389,TCP,MSSQL,26808
26809,10051,UDP,VNC,26809
26810,5061,TCP,VNC,26810
26811,21,UDP,MSSQL,26811
26812,53,UDP,VNC,26812
26813,5432,TCP,ZABBIX,26813
26814,53,UDP,ZABBIX,26814
26815,443,TCP,HTTPS,26815
26816,443,TCP,HTTPS,26816
26817,587,UDP,HTTP,26817
26818,22,TCP,VNC,26818
26819,161,TCP,IRDMI,26819
26820,1433,TCP,VNC,26820
26821,137,TCP,RDP,26821
26822,22,UDP,ISAKMP,26822
26823,443,TCP,HTTPS,26823
26824,10051,UDP,ACMSODA,26824
26825,443,TCP,HPSERVICE,26825
26826,6969,TCP,ACMSODA,26826
26827,23,UDP,SIP,26827
26828,161,UDP,FTP,26828
26829,137,TCP,ISAKMP,26829
26830,500,TCP,SSH,26830
26831,21,UDP,SIP,26831
26832,161,UDP,IRDMI,26832
26833,1344,TCP,TELNET,26833
26834,5432,UDP,ACMSODA,26834
26835,443,TCP,HTTPS,26835
26836,443,TCP,HTTPS,26836
26837,443,TCP,HTTPS,26837
26838,138,TCP,DNS,26838
26839,10051,UDP,ICAP,26839
26840,21,TCP,XMPP,26840
26841,53,UDP,DNS,26841
26842,443,UDP,MDS,26842
26843,587,TCP,RDP,26843
26844,587,UDP,IRDMI,26844
26845,138,TCP,SSH,26845
26846,993,UDP,TELNET,26846
26847,8000,UDP,SIP,26847
26848,5432,UDP,ACMSODA,26848
26849,443,TCP,IMAP4,26849
26850,8000,UDP,UBIQUITY,26850
26851,8080,UDP,ACMSODA,26851
26852,10001,UDP,DAAPD,26852
26853,443,TCP,HTTPS,26853
26854,443,TCP,HTTPS,26854
26855,443,TCP,HTTPS,26855
26856,21,UDP,ACMSODA,26856
26857,137,UDP,RDP,26857
26858,443,UDP,TELNET,26858
26859,443,TCP,HTTPS,26859
26860,500,TCP,DNS,26860
26861,161,TCP,IRDMI,26861
26862,587,UDP,TELNET,26862
26863,5060,TCP,MDS,26863
26864,500,TCP,SIP,26864
26865,5222,TCP,EMS,26865
26866,445,UDP,DAAPD,26866
26867,53,TCP,ACMSODA,26867
26868,161,UDP,TELNET,26868
26869,8080,UDP,TELNET,26869
26870,8080,TCP,FTP,26870
26871,5900,UDP,SSH,26871
26872,80,UDP,HTTP,26872
26873,6969,TCP,ZABBIX,26873
26874,53,UDP,DNS,26874
26875,22,TCP,MSSQL,26875
26876,1344,UDP,DAAPD,26876
26877,23,TCP,VNC,26877
26878,5900,UDP,TELNET,26878
26879,137,TCP,HTTPS,26879
26880,8000,TCP,SIP,26880
26881,443,TCP,HTTPS,26881
26882,5061,TCP,XMPP,26882
26883,587,UDP,HPSERVICE,26883
26884,587,UDP,FTP,26884
26885,443,TCP,HTTPS,26885
26886,5060,UDP,EMS,26886
26887,21,TCP,FTP,26887
26888,443,UDP,MDS,26888
26889,137,TCP,HTTPS,26889
26890,3128,TCP,HTTP,26890
26891,5432,TCP,SSH,26891
26892,21,UDP,SIP,26892
26893,445,TCP,SSH,26893
26894,138,UDP,UBIQUITY,26894
26895,21,UDP,XMPP,26895
26896,23,TCP,HPSERVICE,26896
26897,138,TCP,IRDMI,26897
26898,5900,UDP,MSSQL,26898
26899,5900,UDP,NETBIOS,26899
26900,21,UDP,SSH,26900
26901,21,TCP,IMAP4,26901
26902,23,UDP,MDS,26902
26903,9100,UDP,ZABBIX,26903
26904,5900,TCP,TELNET,26904
26905,443,TCP,HTTPS,26905
26906,10051,UDP,HTTPS,26906
26907,137,TCP,HTTPS,26907
26908,5900,UDP,SSH,26908
26909,6969,UDP,UBIQUITY,26909
26910,10051,TCP,VNC,26910
26911,5061,TCP,XMPP,26911
26912,443,TCP,HTTPS,26912
26913,53,UDP,DNS,26913
26914,993,UDP,TELNET,26914
26915,21,TCP,HPSERVICE,26915
26916,443,TCP,HTTPS,26916
26917,5900,UDP,SIP,26917
26918,3689,TCP,HPSERVICE,26918
26919,443,TCP,HTTPS,26919
26920,587,TCP,MDS,26920
26921,5060,UDP,MSSQL,26921
26922,10001,TCP,HPSERVICE,26922
26923,53,UDP,DNS,26923
26924,1433,TCP,VNC,26924
26925,443,TCP,HTTPS,26925
26926,53,UDP,XMPP,26926
26927,443,TCP,HTTPS,26927
26928,21,TCP,IMAP4,26928
26929,443,TCP,HTTPS,26929
26930,6969,UDP,ICAP,26930
26931,3389,TCP,ACMSODA,26931
26932,5900,UDP,TELNET,26932
26933,3689,TCP,SNMP,26933
26934,161,UDP,UBIQUITY,26934
26935,1433,UDP,HPSERVICE,26935
26936,1344,UDP,UBIQUITY,26936
26937,8080,TCP,HTTP,26937
26938,10051,UDP,MDS,26938
26939,6969,TCP,IMAP4,26939
26940,138,UDP,HPSERVICE,26940
26941,22,UDP,SIP,26941
26942,500,UDP,ICAP,26942
26943,587,UDP,HTTP,26943
26944,8080,UDP,ISAKMP,26944
26945,10051,UDP,HTTPS,26945
26946,443,TCP,HTTPS,26946
26947,443,TCP,HTTPS,26947
26948,53,UDP,DNS,26948
26949,21,TCP,MSSQL,26949
26950,587,TCP,SIP,26950
26951,500,TCP,SIP,26951
26952,5061,TCP,ACMSODA,26952
26953,8000,UDP,UBIQUITY,26953
26954,443,TCP,HTTPS,26954
26955,500,TCP,SSH,26955
26956,1433,TCP,PGSQL,26956
26957,53,UDP,VNC,26957
26958,3128,TCP,SNMP,26958
26959,445,UDP,UBIQUITY,26959
26960,587,TCP,RDP,26960
26961,443,TCP,HTTPS,26961
26962,22,TCP,MSSQL,26962
26963,80,UDP,SIP,26963
26964,21,UDP,ACMSODA,26964
26965,5900,UDP,MDS,26965
26966,137,TCP,HTTPS,26966
26967,5060,TCP,HTTPS,26967
26968,443,TCP,HTTPS,26968
26969,80,UDP,HTTP,26969
26970,5060,UDP,MSSQL,26970
26971,53,UDP,DNS,26971
26972,1344,TCP,NETBIOS,26972
26973,993,UDP,HPSERVICE,26973
26974,6969,TCP,IMAP4,26974
26975,161,UDP,PGSQL,26975
26976,3128,UDP,ICAP,26976
26977,22,TCP,MSSQL,26977
26978,5061,TCP,XMPP,26978
26979,443,TCP,HTTPS,26979
26980,443,TCP,SNMP,26980
26981,5061,UDP,PGSQL,26981
26982,443,TCP,HTTPS,26982
26983,1433,TCP,MSSQL,26983
26984,3128,TCP,HTTP,26984
26985,443,TCP,HTTPS,26985
26986,80,TCP,IMAP4,26986
26987,993,TCP,SSH,26987
26988,587,TCP,MDS,26988
26989,500,UDP,XMPP,26989
26990,500,UDP,VNC,26990
26991,22,UDP,TELNET,26991
26992,443,TCP,HTTPS,26992
26993,1344,UDP,ICAP,26993
26994,3389,TCP,IRDMI,26994
26995,5061,TCP,XMPP,26995
26996,443,TCP,HTTPS,26996
26997,161,TCP,MSSQL,26997
26998,5222,UDP,SSH,26998
26999,6969,UDP,DNS,26999
27000,443,TCP,HTTPS,27000
27001,443,TCP,HTTPS,27001
27002,3689,TCP,PGSQL,27002
27003,5061,UDP,PGSQL,27003
27004,3389,TCP,HPSERVICE,27004
27005,138,TCP,MSSQL,27005
27006,23,UDP,FTP,27006
27007,443,TCP,HTTPS,27007
27008,5061,TCP,VNC,27008
27009,53,UDP,DNS,27009
27010,8080,UDP,TELNET,27010
27011,443,TCP,HTTPS,27011
27012,587,TCP,DAAPD,27012
27013,23,TCP,HPSERVICE,27013
27014,443,TCP,HTTPS,27014
27015,5060,UDP,DAAPD,27015
27016,443,TCP,HTTPS,27016
27017,10051,UDP,DNS,27017
27018,993,UDP,DAAPD,27018
27019,5900,UDP,EMS,27019
27020,5060,TCP,NETBIOS,27020
27021,445,UDP,DAAPD,27021
27022,443,TCP,IMAP4,27022
27023,5432,TCP,RDP,27023
27024,587,TCP,RDP,27024
27025,161,TCP,IRDMI,27025
27026,500,UDP,SNMP,27026
27027,10051,UDP,VNC,27027
27028,5432,UDP,ISAKMP,27028
27029,10051,UDP,ICAP,27029
27030,53,UDP,DNS,27030
27031,5432,UDP,MSSQL,27031
27032,443,TCP,HTTPS,27032
27033,5432,TCP,DAAPD,27033
27034,443,TCP,HTTPS,27034
27035,8000,UDP,MDS,27035
27036,500,TCP,IMAP4,27036
27037,22,UDP,IMAP4,27037
27038,161,UDP,IRDMI,27038
27039,53,UDP,TELNET,27039
27040,161,TCP,VNC,27040
27041,8080,TCP,FTP,27041
27042,8000,UDP,PGSQL,27042
27043,443,TCP,HTTPS,27043
27044,137,TCP,RDP,27044
27045,443,UDP,HTTPS,27045
27046,587,UDP,XMPP,27046
27047,3128,TCP,HTTP,27047
27048,21,TCP,FTP,27048
27049,993,TCP,DNS,27049
27050,443,TCP,HTTPS,27050
27051,3389,TCP,ACMSODA,27051
27052,8000,TCP,ICAP,27052
27053,21,UDP,HTTPS,27053
27054,138,TCP,ICAP,27054
27055,23,UDP,TELNET,27055
27056,21,TCP,IMAP4,27056
27057,9100,UDP,MDS,27057
27058,137,TCP,SSH,27058
27059,10001,UDP,PGSQL,27059
27060,161,UDP,SNMP,27060
27061,80,TCP,EMS,27061
27062,993,TCP,NETBIOS,27062
27063,9100,TCP,VNC,27063
27064,1344,UDP,SSH,27064
27065,993,TCP,MDS,27065
27066,443,TCP,HTTPS,27066
27067,23,UDP,SIP,27067
27068,8080,TCP,HTTP,27068
27069,443,TCP,HTTPS,27069
27070,587,TCP,SIP,27070
27071,80,TCP,HTTPS,27071
27072,10001,TCP,IRDMI,27072
27073,161,TCP,IMAP4,27073
27074,1433,UDP,SSH,27074
27075,53,UDP,DNS,27075
27076,993,TCP,SSH,27076
27077,10051,UDP,ACMSODA,27077
27078,5432,TCP,DAAPD,27078
27079,443,TCP,HTTPS,27079
27080,138,TCP,ACMSODA,27080
27081,1344,TCP,IMAP4,27081
27082,9100,TCP,SSH,27082
27083,5432,UDP,DNS,27083
27084,5061,UDP,ACMSODA,27084
27085,443,UDP,HTTPS,27085
27086,5060,UDP,MSSQL,27086
27087,443,UDP,HTTPS,27087
27088,21,TCP,IMAP4,27088
27089,1433,UDP,SSH,27089
27090,443,TCP,TELNET,27090
27091,80,TCP,HTTP,27091
27092,587,TCP,SIP,27092
27093,80,TCP,HTTP,27093
27094,10051,TCP,ISAKMP,27094
27095,587,TCP,ACMSODA,27095
27096,21,UDP,ACMSODA,27096
27097,5432,TCP,RDP,27097
27098,3689,TCP,ICAP,27098
27099,138,TCP,HPSERVICE,27099
27100,9100,TCP,FTP,27100
27101,1433,TCP,VNC,27101
27102,80,UDP,SIP,27102
27103,5432,TCP,VNC,27103
27104,443,TCP,HTTPS,27104
27105,587,UDP,HTTP,27105
27106,1433,TCP,ISAKMP,27106
27107,5222,UDP,SSH,27107
27108,443,TCP,HTTPS,27108
27109,5900,TCP,RDP,27109
27110,5222,UDP,ICAP,27110
27111,443,UDP,ISAKMP,27111
27112,5432,UDP,DNS,27112
27113,80,TCP,HPSERVICE,27113
27114,5061,UDP,HTTP,27114
27115,6969,TCP,ACMSODA,27115
27116,587,TCP,ACMSODA,27116
27117,9100,TCP,VNC,27117
27118,53,UDP,DNS,27118
27119,5900,UDP,NETBIOS,27119
27120,23,UDP,MDS,27120
27121,1344,TCP,TELNET,27121
27122,3689,UDP,HPSERVICE,27122
27123,80,TCP,FTP,27123
27124,8080,UDP,TELNET,27124
27125,5222,TCP,EMS,27125
27126,5061,UDP,ACMSODA,27126
27127,80,UDP,ZABBIX,27127
27128,138,UDP,HPSERVICE,27128
27129,3128,TCP,ACMSODA,27129
27130,53,UDP,NETBIOS,27130
27131,443,TCP,HTTPS,27131
27132,1433,TCP,DAAPD,27132
27133,5432,UDP,DNS,27133
27134,8080,UDP,HTTP,27134
27135,161,TCP,EMS,27135
27136,8080,TCP,MSSQL,27136
27137,53,UDP,FTP,27137
27138,5060,TCP,IRDMI,27138
27139,22,TCP,HTTP,27139
27140,3128,TCP,UBIQUITY,27140
27141,80,UDP,SNMP,27141
27142,5900,UDP,FTP,27142
27143,22,UDP,SIP,27143
27144,443,TCP,HTTPS,27144
27145,587,TCP,ACMSODA,27145
27146,443,TCP,HTTPS,27146
27147,5222,TCP,HTTPS,27147
27148,587,UDP,IRDMI,27148
27149,23,TCP,HPSERVICE,27149
27150,443,TCP,HTTPS,27150
27151,1433,TCP,PGSQL,27151
27152,587,TCP,PGSQL,27152
27153,53,UDP,DNS,27153
27154,443,TCP,HTTPS,27154
27155,5900,TCP,SNMP,27155
27156,993,UDP,TELNET,27156
27157,443,UDP,ICAP,27157
27158,23,UDP,MDS,27158
27159,443,TCP,HTTPS,27159
27160,3389,TCP,MDS,27160
27161,1433,TCP,VNC,27161
27162,587,UDP,IRDMI,27162
27163,993,TCP,RDP,27163
27164,21,UDP,MSSQL,27164
27165,1344,TCP,ISAKMP,27165
27166,21,TCP,FTP,27166
27167,3128,TCP,HTTP,27167
27168,5060,TCP,HTTPS,27168
27169,5900,UDP,ISAKMP,27169
27170,80,UDP,SNMP,27170
27171,21,TCP,IMAP4,27171
27172,993,UDP,TELNET,27172
27173,21,UDP,SIP,27173
27174,443,TCP,HTTPS,27174
27175,5900,TCP,SNMP,27175
27176,21,TCP,FTP,27176
27177,21,UDP,UBIQUITY,27177
27178,587,TCP,ZABBIX,27178
27179,5432,UDP,IMAP4,27179
27180,21,TCP,EMS,27180
27181,3689,TCP,HTTP,27181
27182,5061,UDP,TELNET,27182
27183,8080,UDP,TELNET,27183
27184,1433,UDP,ZABBIX,27184
27185,993,UDP,PGSQL,27185
27186,53,UDP,DNS,27186
27187,3128,UDP,SNMP,27187
27188,500,UDP,XMPP,27188
27189,993,UDP,ISAKMP,27189
27190,8000,UDP,HTTP,27190
27191,3389,TCP,MSSQL,27191
27192,3128,UDP,ZABBIX,27192
27193,21,UDP,XMPP,27193
27194,8080,UDP,TELNET,27194
27195,8000,TCP,SSH,27195
27196,443,UDP,HTTPS,27196
27197,137,UDP,IRDMI,27197
27198,443,TCP,HTTPS,27198
27199,22,UDP,MSSQL,27199
27200,1433,TCP,DNS,27200
27201,5060,UDP,PGSQL,27201
27202,80,TCP,HTTP,27202
27203,443,TCP,HTTPS,27203
27204,443,TCP,HTTPS,27204
27205,22,UDP,VNC,27205
27206,443,UDP,MDS,27206
27207,5432,TCP,DAAPD,27207
27208,138,TCP,MSSQL,27208
27209,443,TCP,HTTPS,27209
27210,993,TCP,IMAP4,27210
27211,3689,TCP,PGSQL,27211
27212,161,UDP,UBIQUITY,27212
27213,3689,TCP,TELNET,27213
27214,53,UDP,DNS,27214
27215,21,TCP,EMS,27215
27216,993,UDP,HPSERVICE,27216
27217,10001,TCP,MDS,27217
27218,443,UDP,MDS,27218
27219,21,UDP,ACMSODA,27219
27220,5432,UDP,NETBIOS,27220
27221,8080,TCP,HTTP,27221
27222,5060,TCP,IRDMI,27222
27223,1344,UDP,SSH,27223
27224,21,TCP,FTP,27224
27225,500,UDP,TELNET,27225
27226,6969,UDP,DNS,27226
27227,443,TCP,HTTPS,27227
27228,3128,TCP,HTTP,27228
27229,10051,UDP,DNS,27229
27230,8080,UDP,ISAKMP,27230
27231,500,TCP,DNS,27231
27232,443,UDP,HTTPS,27232
27233,5900,TCP,PGSQL,27233
27234,80,UDP,SNMP,27234
27235,443,TCP,HTTPS,27235
27236,500,TCP,IMAP4,27236
27237,3128,UDP,SNMP,27237
27238,22,TCP,SSH,27238
27239,8080,TCP,ACMSODA,27239
27240,1344,UDP,DAAPD,27240
27241,3389,UDP,RDP,27241
27242,1433,TCP,MSSQL,27242
27243,5060,TCP,ACMSODA,27243
27244,3128,UDP,ICAP,27244
27245,80,TCP,HTTP,27245
27246,1433,UDP,ZABBIX,27246
27247,9100,UDP,DAAPD,27247
27248,5222,UDP,SSH,27248
27249,53,TCP,MSSQL,27249
27250,22,UDP,SIP,27250
27251,5060,UDP,RDP,27251
27252,443,TCP,HTTPS,27252
27253,137,TCP,ISAKMP,27253
27254,443,TCP,HTTPS,27254
27255,443,TCP,HTTPS,27255
27256,993,TCP,SSH,27256
27257,5061,TCP,VNC,27257
27258,500,UDP,SNMP,27258
27259,161,UDP,SSH,27259
27260,9100,TCP,SNMP,27260
27261,10051,UDP,PGSQL,27261
27262,161,TCP,MSSQL,27262
27263,3389,UDP,SNMP,27263
27264,3689,UDP,UBIQUITY,27264
27265,3389,TCP,HTTPS,27265
27266,5060,TCP,HPSERVICE,27266
27267,23,TCP,FTP,27267
27268,5060,TCP,MDS,27268
27269,9100,TCP,IRDMI,27269
27270,138,TCP,VNC,27270
27271,3689,TCP,SSH,27271
27272,5222,TCP,HTTPS,27272
27273,10051,UDP,PGSQL,27273
27274,53,UDP,DNS,27274
27275,8080,UDP,TELNET,27275
27276,445,TCP,SSH,27276
27277,5900,UDP,ISAKMP,27277
27278,6969,TCP,IMAP4,27278
27279,5060,UDP,FTP,27279
27280,443,TCP,HTTPS,27280
27281,80,UDP,XMPP,27281
27282,21,TCP,IMAP4,27282
27283,80,TCP,HTTP,27283
27284,443,TCP,HTTPS,27284
27285,53,UDP,DNS,27285
27286,5432,UDP,NETBIOS,27286
27287,500,UDP,DAAPD,27287
27288,3689,TCP,XMPP,27288
27289,993,TCP,DNS,27289
27290,22,UDP,SNMP,27290
27291,8080,UDP,UBIQUITY,27291
27292,80,TCP,HTTPS,27292
27293,500,TCP,DNS,27293
27294,80,TCP,HPSERVICE,27294
27295,6969,UDP,ICAP,27295
27296,443,TCP,HTTPS,27296
27297,3128,TCP,ACMSODA,27297
27298,500,UDP,XMPP,27298
27299,8000,TCP,HTTPS,27299
27300,443,TCP,RDP,27300
27301,3128,UDP,IMAP4,27301
27302,445,UDP,DAAPD,27302
27303,80,TCP,HTTP,27303
27304,161,UDP,VNC,27304
27305,5432,TCP,XMPP,27305
27306,587,TCP,RDP,27306
27307,80,UDP,VNC,27307
27308,443,TCP,HTTPS,27308
27309,137,TCP,ACMSODA,27309
27310,445,TCP,MSSQL,27310
27311,443,TCP,HTTPS,27311
27312,3389,UDP,PGSQL,27312
27313,21,TCP,IMAP4,27313
27314,443,TCP,HTTPS,27314
27315,443,TCP,HTTPS,27315
27316,1344,UDP,EMS,27316
27317,23,TCP,HPSERVICE,27317
27318,138,UDP,IRDMI,27318
27319,161,TCP,TELNET,27319
27320,8000,TCP,SSH,27320
27321,3128,UDP,MSSQL,27321
27322,5900,TCP,RDP,27322
27323,80,UDP,ZABBIX,27323
27324,5900,TCP,MSSQL,27324
27325,138,TCP,ACMSODA,27325
27326,5900,UDP,NETBIOS,27326
27327,5061,UDP,PGSQL,27327
27328,6969,TCP,IMAP4,27328
27329,5900,TCP,FTP,27329
27330,23,UDP,IRDMI,27330
27331,8080,UDP,TELNET,27331
27332,3389,TCP,SSH,27332
27333,443,TCP,ACMSODA,27333
27334,22,UDP,XMPP,27334
27335,8000,TCP,ICAP,27335
27336,443,UDP,IRDMI,27336
27337,161,TCP,DAAPD,27337
27338,587,TCP,SIP,27338
27339,10001,UDP,FTP,27339
27340,5432,UDP,HTTPS,27340
27341,5222,UDP,SSH,27341
27342,445,UDP,IMAP4,27342
27343,5222,UDP,SSH,27343
27344,5432,UDP,IMAP4,27344
27345,443,TCP,HTTPS,27345
27346,53,UDP,FTP,27346
27347,5900,UDP,SSH,27347
27348,80,TCP,FTP,27348
27349,443,TCP,SIP,27349
27350,993,TCP,RDP,27350
27351,443,UDP,MDS,27351
27352,80,UDP,DAAPD,27352
27353,6969,UDP,DAAPD,27353
27354,443,TCP,HTTPS,27354
27355,445,TCP,MDS,27355
27356,443,TCP,UBIQUITY,27356
27357,5432,UDP,MSSQL,27357
27358,10001,TCP,MDS,27358
27359,5222,TCP,SNMP,27359
27360,9100,TCP,FTP,27360
27361,443,UDP,HTTPS,27361
27362,23,TCP,HPSERVICE,27362
27363,3128,UDP,IRDMI,27363
27364,3389,TCP,IMAP4,27364
27365,137,TCP,HTTPS,27365
27366,5432,TCP,DAAPD,27366
27367,5060,UDP,MSSQL,27367
27368,993,TCP,RDP,27368
27369,443,TCP,HTTPS,27369
27370,5222,UDP,SSH,27370
27371,8000,UDP,PGSQL,27371
27372,3689,UDP,SNMP,27372
27373,445,UDP,DNS,27373
27374,8080,UDP,IRDMI,27374
27375,3128,UDP,IMAP4,27375
27376,21,TCP,FTP,27376
27377,500,UDP,RDP,27377
27378,5061,UDP,TELNET,27378
27379,443,TCP,HTTPS,27379
27380,445,TCP,IRDMI,27380
27381,8000,UDP,HPSERVICE,27381
27382,8080,UDP,UBIQUITY,27382
27383,5060,TCP,NETBIOS,27383
27384,5061,TCP,FTP,27384
27385,5432,UDP,DNS,27385
27386,6969,TCP,HTTPS,27386
27387,5060,TCP,MDS,27387
27388,10051,TCP,ISAKMP,27388
27389,21,UDP,ACMSODA,27389
27390,21,UDP,UBIQUITY,27390
27391,3128,TCP,HTTPS,27391
27392,10051,UDP,SIP,27392
27393,5900,TCP,ICAP,27393
27394,5900,UDP,MDS,27394
27395,500,UDP,DAAPD,27395
27396,993,UDP,PGSQL,27396
27397,993,TCP,HTTP,27397
27398,3389,UDP,SNMP,27398
27399,5900,UDP,FTP,27399
27400,6969,UDP,UBIQUITY,27400
27401,8080,TCP,HTTP,27401
27402,53,UDP,ZABBIX,27402
27403,3689,UDP,FTP,27403
27404,443,UDP,DAAPD,27404
27405,80,UDP,SNMP,27405
27406,443,TCP,HTTPS,27406
27407,5060,TCP,ACMSODA,27407
27408,137,TCP,PGSQL,27408
27409,3689,TCP,HTTP,27409
27410,443,TCP,HTTPS,27410
27411,6969,TCP,UBIQUITY,27411
27412,10001,UDP,ICAP,27412
27413,22,TCP,HTTP,27413
27414,8080,UDP,EMS,27414
27415,3689,TCP,SIP,27415
27416,10051,UDP,VNC,27416
27417,443,TCP,DNS,27417
27418,500,TCP,RDP,27418
27419,138,UDP,HPSERVICE,27419
27420,1344,TCP,HPSERVICE,27420
27421,443,TCP,HTTPS,27421
27422,5900,UDP,MDS,27422
27423,443,TCP,HTTPS,27423
27424,443,TCP,HTTPS,27424
27425,443,TCP,HTTPS,27425
27426,1344,UDP,ICAP,27426
27427,10001,TCP,EMS,27427
27428,443,TCP,HTTPS,27428
27429,137,TCP,PGSQL,27429
27430,445,TCP,IRDMI,27430
27431,1344,TCP,IMAP4,27431
27432,5432,UDP,MSSQL,27432
27433,500,TCP,PGSQL,27433
27434,10051,UDP,HPSERVICE,27434
27435,21,UDP,ACMSODA,27435
27436,5900,UDP,MSSQL,27436
27437,23,UDP,XMPP,27437
27438,993,UDP,DAAPD,27438
27439,3128,UDP,MSSQL,27439
27440,993,TCP,IMAP4,27440
27441,587,UDP,HTTP,27441
27442,21,TCP,IRDMI,27442
27443,22,UDP,SIP,27443
27444,1433,UDP,MSSQL,27444
27445,443,TCP,HTTPS,27445
27446,5061,UDP,HTTP,27446
27447,23,UDP,MDS,27447
27448,5061,TCP,ACMSODA,27448
27449,3689,TCP,ICAP,27449
27450,500,UDP,ICAP,27450
27451,21,UDP,ICAP,27451
27452,5061,UDP,PGSQL,27452
27453,9100,TCP,SSH,27453
27454,443,TCP,HTTPS,27454
27455,53,UDP,DNS,27455
27456,21,TCP,EMS,27456
27457,443,TCP,HTTPS,27457
27458,80,TCP,HTTP,27458
27459,10001,TCP,HTTPS,27459
27460,587,TCP,RDP,27460
27461,5432,TCP,ACMSODA,27461
27462,500,TCP,RDP,27462
27463,161,UDP,SSH,27463
27464,53,UDP,DNS,27464
27465,53,UDP,DNS,27465
27466,53,UDP,XMPP,27466
27467,21,TCP,FTP,27467
27468,443,TCP,HTTPS,27468
27469,8000,TCP,SIP,27469
27470,6969,UDP,ZABBIX,27470
27471,21,TCP,EMS,27471
27472,137,TCP,HTTPS,27472
27473,10051,UDP,SIP,27473
27474,10051,UDP,HTTPS,27474
27475,21,UDP,XMPP,27475
27476,138,UDP,HPSERVICE,27476
27477,21,UDP,ICAP,27477
27478,993,TCP,PGSQL,27478
27479,3128,UDP,ICAP,27479
27480,5061,TCP,VNC,27480
27481,443,TCP,HTTPS,27481
27482,23,TCP,VNC,27482
27483,10051,UDP,SIP,27483
27484,80,UDP,SIP,27484
27485,5900,UDP,SIP,27485
27486,5432,UDP,ICAP,27486
27487,443,TCP,ACMSODA,27487
27488,443,UDP,SNMP,27488
27489,993,TCP,NETBIOS,27489
27490,587,UDP,IRDMI,27490
27491,5222,UDP,EMS,27491
27492,23,TCP,VNC,27492
27493,3689,UDP,MSSQL,27493
27494,5222,UDP,PGSQL,27494
27495,500,UDP,XMPP,27495
27496,445,TCP,SSH,27496
27497,5061,UDP,HTTPS,27497
27498,1433,UDP,EMS,27498
27499,1344,TCP,TELNET,27499
27500,443,TCP,HTTPS,27500
27501,500,TCP,IMAP4,27501
27502,1433,UDP,ZABBIX,27502
27503,53,UDP,DNS,27503
27504,1433,UDP,SSH,27504
27505,80,TCP,IMAP4,27505
27506,5061,UDP,PGSQL,27506
27507,161,UDP,PGSQL,27507
27508,53,TCP,SNMP,27508
27509,80,UDP,HTTP,27509
27510,500,TCP,SSH,27510
27511,3689,TCP,TELNET,27511
27512,3128,TCP,ACMSODA,27512
27513,3689,TCP,HPSERVICE,27513
27514,3128,UDP,ICAP,27514
27515,5222,TCP,HTTPS,27515
27516,10051,TCP,EMS,27516
27517,8080,TCP,FTP,27517
27518,1344,UDP,UBIQUITY,27518
27519,5061,TCP,RDP,27519
27520,5432,TCP,HPSERVICE,27520
27521,3389,UDP,PGSQL,27521
27522,137,TCP,PGSQL,27522
27523,5222,TCP,FTP,27523
27524,5061,TCP,MDS,27524
27525,22,TCP,UBIQUITY,27525
27526,443,TCP,HTTPS,27526
27527,500,UDP,RDP,27527
27528,3689,UDP,MSSQL,27528
27529,161,TCP,IMAP4,27529
27530,8000,TCP,MSSQL,27530
27531,993,UDP,PGSQL,27531
27532,80,TCP,HTTP,27532
27533,993,UDP,HPSERVICE,27533
27534,5060,UDP,FTP,27534
27535,5060,UDP,MSSQL,27535
27536,80,TCP,HTTP,27536
27537,6969,TCP,HTTPS,27537
27538,23,TCP,HPSERVICE,27538
27539,22,UDP,ISAKMP,27539
27540,53,UDP,HTTP,27540
27541,5900,TCP,RDP,27541
27542,587,UDP,IRDMI,27542
27543,22,TCP,UBIQUITY,27543
27544,1433,TCP,PGSQL,27544
27545,5060,TCP,ACMSODA,27545
27546,5222,UDP,RDP,27546
27547,3128,TCP,HTTP,27547
27548,21,TCP,FTP,27548
27549,22,UDP,TELNET,27549
27550,993,UDP,HPSERVICE,27550
27551,5061,UDP,HTTPS,27551
27552,445,UDP,IMAP4,27552
27553,21,TCP,IRDMI,27553
27554,8080,UDP,TELNET,27554
27555,8000,TCP,MSSQL,27555
27556,3128,UDP,SNMP,27556
27557,445,TCP,MDS,27557
27558,80,TCP,HTTPS,27558
27559,53,UDP,ISAKMP,27559
27560,21,TCP,IRDMI,27560
27561,80,UDP,ZABBIX,27561
27562,3128,UDP,MSSQL,27562
27563,587,TCP,PGSQL,27563
27564,1344,UDP,EMS,27564
27565,3128,UDP,ICAP,27565
27566,443,TCP,HTTPS,27566
27567,3689,UDP,XMPP,27567
27568,443,TCP,HTTPS,27568
27569,21,UDP,ACMSODA,27569
27570,21,TCP,FTP,27570
27571,3689,UDP,SSH,27571
27572,80,UDP,HTTP,27572
27573,443,TCP,HTTPS,27573
27574,3689,UDP,MSSQL,27574
27575,9100,TCP,SNMP,27575
27576,5432,UDP,MSSQL,27576
27577,3689,UDP,SSH,27577
27578,5432,UDP,IMAP4,27578
27579,23,UDP,IRDMI,27579
27580,22,TCP,HTTPS,27580
27581,3128,UDP,ICAP,27581
27582,5222,TCP,ICAP,27582
27583,443,TCP,HTTPS,27583
27584,80,TCP,HTTP,27584
27585,138,UDP,IMAP4,27585
27586,22,UDP,VNC,27586
27587,10001,UDP,DAAPD,27587
27588,23,TCP,HTTP,27588
27589,3689,TCP,HTTP,27589
27590,500,UDP,XMPP,27590
27591,161,UDP,SNMP,27591
27592,443,TCP,HTTPS,27592
27593,443,TCP,DAAPD,27593
27594,161,UDP,VNC,27594
27595,500,UDP,DNS,27595
27596,5060,TCP,NETBIOS,27596
27597,23,TCP,RDP,27597
27598,500,TCP,DNS,27598
27599,5060,TCP,HPSERVICE,27599
27600,5061,UDP,DNS,27600
27601,21,TCP,IRDMI,27601
27602,993,TCP,UBIQUITY,27602
27603,138,TCP,XMPP,27603
27604,5222,UDP,MDS,27604
27605,80,TCP,FTP,27605
27606,587,TCP,PGSQL,27606
27607,1344,UDP,SSH,27607
27608,1344,UDP,HTTP,27608
27609,21,TCP,IMAP4,27609
27610,500,UDP,XMPP,27610
27611,6969,TCP,HTTPS,27611
27612,443,TCP,UBIQUITY,27612
27613,993,TCP,NETBIOS,27613
27614,500,TCP,PGSQL,27614
27615,5222,TCP,FTP,27615
27616,5060,UDP,RDP,27616
27617,138,UDP,MDS,27617
27618,161,TCP,SSH,27618
27619,500,TCP,ISAKMP,27619
27620,5222,TCP,HTTPS,27620
27621,9100,UDP,PGSQL,27621
27622,22,UDP,ISAKMP,27622
27623,443,TCP,HTTPS,27623
27624,443,TCP,HTTPS,27624
27625,5061,TCP,XMPP,27625
27626,5060,UDP,UBIQUITY,27626
27627,443,TCP,UBIQUITY,27627
27628,10051,UDP,ACMSODA,27628
27629,1433,TCP,PGSQL,27629
27630,161,UDP,VNC,27630
27631,587,TCP,RDP,27631
27632,5061,UDP,PGSQL,27632
27633,3389,UDP,SNMP,27633
27634,3128,UDP,IMAP4,27634
27635,22,UDP,PGSQL,27635
27636,161,TCP,DAAPD,27636
27637,10001,TCP,MDS,27637
27638,21,TCP,FTP,27638
27639,3128,TCP,HTTP,27639
27640,10051,UDP,VNC,27640
27641,5061,UDP,PGSQL,27641
27642,80,TCP,HTTPS,27642
27643,138,TCP,ICAP,27643
27644,443,TCP,HTTPS,27644
27645,21,TCP,FTP,27645
27646,993,UDP,PGSQL,27646
27647,161,TCP,IMAP4,27647
27648,500,TCP,HTTPS,27648
27649,1344,TCP,HPSERVICE,27649
27650,3689,TCP,ICAP,27650
27651,5432,UDP,HTTPS,27651
27652,443,TCP,HTTPS,27652
27653,5432,UDP,IMAP4,27653
27654,3689,UDP,SSH,27654
27655,443,TCP,UBIQUITY,27655
27656,443,TCP,HTTPS,27656
27657,443,TCP,HTTPS,27657
27658,3389,UDP,IRDMI,27658
27659,587,TCP,ACMSODA,27659
27660,21,TCP,FTP,27660
27661,500,UDP,XMPP,27661
27662,500,TCP,DNS,27662
27663,1344,TCP,TELNET,27663
27664,443,TCP,HTTPS,27664
27665,1433,TCP,PGSQL,27665
27666,993,UDP,RDP,27666
27667,53,UDP,VNC,27667
27668,5432,UDP,HTTPS,27668
27669,5061,TCP,VNC,27669
27670,80,UDP,SNMP,27670
27671,993,TCP,IMAP4,27671
27672,5900,UDP,MSSQL,27672
27673,161,UDP,PGSQL,27673
27674,3689,UDP,HPSERVICE,27674
27675,161,TCP,IMAP4,27675
27676,138,TCP,SSH,27676
27677,53,UDP,DNS,27677
27678,22,UDP,SIP,27678
27679,138,UDP,IMAP4,27679
27680,443,UDP,IRDMI,27680
27681,9100,UDP,PGSQL,27681
27682,5061,UDP,TELNET,27682
27683,443,TCP,HTTPS,27683
27684,161,TCP,RDP,27684
27685,993,TCP,DNS,27685
27686,138,UDP,IRDMI,27686
27687,161,UDP,TELNET,27687
27688,5432,TCP,DAAPD,27688
27689,10001,UDP,SSH,27689
27690,5432,TCP,ACMSODA,27690
27691,8080,UDP,EMS,27691
27692,3128,TCP,HTTP,27692
27693,21,UDP,SSH,27693
27694,161,UDP,VNC,27694
27695,10051,UDP,HPSERVICE,27695
27696,5432,TCP,XMPP,27696
27697,3689,TCP,ICAP,27697
27698,5900,UDP,NETBIOS,27698
27699,1344,TCP,TELNET,27699
27700,3128,TCP,HTTP,27700
27701,443,TCP,HTTPS,27701
27702,500,TCP,DNS,27702
27703,9100,UDP,DAAPD,27703
27704,53,UDP,DNS,27704
27705,10001,TCP,FTP,27705
27706,3128,TCP,UBIQUITY,27706
27707,8000,TCP,UBIQUITY,27707
27708,1433,UDP,ACMSODA,27708
27709,1433,TCP,XMPP,27709
27710,1344,UDP,MDS,27710
27711,993,TCP,RDP,27711
27712,80,TCP,HPSERVICE,27712
27713,1433,UDP,SSH,27713
27714,443,TCP,HTTPS,27714
27715,5432,UDP,MSSQL,27715
27716,5900,TCP,EMS,27716
27717,22,UDP,SIP,27717
27718,3128,UDP,HPSERVICE,27718
27719,5061,TCP,XMPP,27719
27720,53,UDP,NETBIOS,27720
27721,8080,UDP,ICAP,27721
27722,138,UDP,ZABBIX,27722
27723,443,TCP,HTTPS,27723
27724,21,UDP,HTTPS,27724
27725,443,TCP,HTTPS,27725
27726,443,UDP,HTTPS,27726
27727,53,UDP,DNS,27727
27728,21,UDP,MSSQL,27728
27729,3689,TCP,PGSQL,27729
27730,5060,TCP,SNMP,27730
27731,53,TCP,MSSQL,27731
27732,161,UDP,FTP,27732
27733,10001,TCP,IRDMI,27733
27734,5432,UDP,ACMSODA,27734
27735,80,UDP,ZABBIX,27735
27736,5222,UDP,SSH,27736
27737,10051,UDP,MDS,27737
27738,21,UDP,ACMSODA,27738
27739,443,TCP,HTTPS,27739
27740,138,UDP,HPSERVICE,27740
27741,23,UDP,SIP,27741
27742,5060,TCP,HPSERVICE,27742
27743,21,TCP,VNC,27743
27744,500,UDP,DAAPD,27744
27745,5060,UDP,FTP,27745
27746,5060,UDP,PGSQL,27746
27747,443,UDP,MDS,27747
27748,443,UDP,DAAPD,27748
27749,21,TCP,HPSERVICE,27749
27750,587,TCP,RDP,27750
27751,500,UDP,DAAPD,27751
27752,500,TCP,SIP,27752
27753,443,TCP,HTTPS,27753
27754,22,UDP,SIP,27754
27755,1433,TCP,SNMP,27755
27756,9100,UDP,MDS,27756
27757,80,UDP,DAAPD,27757
27758,993,UDP,DAAPD,27758
27759,3128,UDP,ICAP,27759
27760,53,UDP,DNS,27760
27761,5900,UDP,ISAKMP,27761
27762,3389,TCP,HTTPS,27762
27763,80,TCP,HPSERVICE,27763
27764,993,UDP,TELNET,27764
27765,3689,TCP,XMPP,27765
27766,443,TCP,HTTPS,27766
27767,23,UDP,TELNET,27767
27768,161,UDP,HPSERVICE,27768
27769,53,UDP,DNS,27769
27770,443,TCP,HTTPS,27770
27771,8000,TCP,UBIQUITY,27771
27772,3128,UDP,ICAP,27772
27773,443,TCP,HTTPS,27773
27774,5060,UDP,DAAPD,27774
27775,80,UDP,ZABBIX,27775
27776,161,TCP,IRDMI,27776
27777,138,TCP,ACMSODA,27777
27778,587,UDP,ISAKMP,27778
27779,10051,TCP,ZABBIX,27779
27780,5061,UDP,TELNET,27780
27781,443,UDP,ICAP,27781
27782,3128,TCP,SSH,27782
27783,443,UDP,DAAPD,27783
27784,21,UDP,XMPP,27784
27785,443,UDP,MDS,27785
27786,5900,UDP,HTTP,27786
27787,443,TCP,HTTPS,27787
27788,8080,TCP,ZABBIX,27788
27789,5061,UDP,DNS,27789
27790,10051,UDP,DNS,27790
27791,138,UDP,ZABBIX,27791
27792,1344,TCP,NETBIOS,27792
27793,5432,UDP,MSSQL,27793
27794,8080,UDP,ZABBIX,27794
27795,10001,UDP,ICAP,27795
27796,8080,UDP,ACMSODA,27796
27797,5432,UDP,MSSQL,27797
27798,23,TCP,HPSERVICE,27798
27799,9100,TCP,IRDMI,27799
27800,993,UDP,TELNET,27800
27801,21,UDP,MSSQL,27801
27802,1344,UDP,MDS,27802
27803,9100,TCP,IRDMI,27803
27804,1344,TCP,TELNET,27804
27805,8080,UDP,TELNET,27805
27806,161,TCP,XMPP,27806
27807,5060,TCP,NETBIOS,27807
27808,500,UDP,VNC,27808
27809,161,UDP,PGSQL,27809
27810,161,TCP,IRDMI,27810
27811,443,TCP,HTTPS,27811
27812,5222,UDP,SSH,27812
27813,22,TCP,SSH,27813
27814,3389,TCP,MSSQL,27814
27815,80,TCP,HTTP,27815
27816,1433,TCP,UBIQUITY,27816
27817,443,TCP,HTTPS,27817
27818,3689,TCP,TELNET,27818
27819,9100,UDP,DAAPD,27819
27820,5060,UDP,FTP,27820
27821,3689,UDP,TELNET,27821
27822,23,TCP,TELNET,27822
27823,3689,UDP,FTP,27823
27824,21,TCP,FTP,27824
27825,53,UDP,DNS,27825
27826,443,UDP,HTTPS,27826
27827,443,TCP,HTTPS,27827
27828,445,TCP,TELNET,27828
27829,53,UDP,NETBIOS,27829
27830,993,TCP,HTTP,27830
27831,5061,UDP,SNMP,27831
27832,8080,UDP,ZABBIX,27832
27833,21,TCP,EMS,27833
27834,53,UDP,DNS,27834
27835,80,UDP,HTTP,27835
27836,137,TCP,HTTPS,27836
27837,53,UDP,XMPP,27837
27838,10001,UDP,FTP,27838
27839,500,TCP,SSH,27839
27840,3128,TCP,SNMP,27840
27841,443,UDP,FTP,27841
27842,445,TCP,TELNET,27842
27843,8000,TCP,ICAP,27843
27844,161,UDP,FTP,27844
27845,161,TCP,DAAPD,27845
27846,5061,TCP,MDS,27846
27847,22,TCP,HPSERVICE,27847
27848,10051,UDP,SIP,27848
27849,445,TCP,PGSQL,27849
27850,53,UDP,DNS,27850
27851,443,TCP,HTTPS,27851
27852,21,TCP,FTP,27852
27853,1433,UDP,XMPP,27853
27854,9100,TCP,SSH,27854
27855,3128,UDP,HPSERVICE,27855
27856,10001,UDP,NETBIOS,27856
27857,3689,TCP,HTTP,27857
27858,5222,UDP,MDS,27858
27859,138,TCP,IRDMI,27859
27860,500,TCP,SIP,27860
27861,443,TCP,HTTPS,27861
27862,5432,UDP,DNS,27862
27863,138,TCP,SSH,27863
27864,3128,UDP,ICAP,27864
27865,10001,UDP,RDP,27865
27866,5061,UDP,TELNET,27866
27867,21,UDP,XMPP,27867
27868,443,TCP,HTTPS,27868
27869,500,TCP,SIP,27869
27870,161,UDP,VNC,27870
27871,5061,UDP,TELNET,27871
27872,22,TCP,PGSQL,27872
27873,137,TCP,IRDMI,27873
27874,80,UDP,ZABBIX,27874
27875,53,UDP,DNS,27875
27876,443,TCP,HTTPS,27876
27877,22,TCP,UBIQUITY,27877
27878,137,TCP,HTTPS,27878
27879,80,TCP,HTTP,27879
27880,3689,UDP,HPSERVICE,27880
27881,5060,TCP,HTTPS,27881
27882,443,TCP,HTTPS,27882
27883,21,TCP,FTP,27883
27884,8080,UDP,SSH,27884
27885,443,TCP,HTTPS,27885
27886,5061,UDP,TELNET,27886
27887,1344,TCP,TELNET,27887
27888,138,TCP,MSSQL,27888
27889,443,TCP,HTTPS,27889
27890,587,UDP,HTTP,27890
27891,587,TCP,RDP,27891
27892,21,UDP,RDP,27892
27893,5222,UDP,SSH,27893
27894,3389,TCP,ACMSODA,27894
27895,443,TCP,IMAP4,27895
27896,1344,TCP,UBIQUITY,27896
27897,443,TCP,HTTPS,27897
27898,443,TCP,HTTPS,27898
27899,5432,TCP,DAAPD,27899
27900,443,TCP,HTTPS,27900
27901,500,TCP,DNS,27901
27902,3128,UDP,SNMP,27902
27903,53,UDP,HTTP,27903
27904,443,TCP,HTTPS,27904
27905,3128,TCP,SNMP,27905
27906,1433,TCP,EMS,27906
27907,21,TCP,FTP,27907
27908,443,TCP,HTTPS,27908
27909,5900,UDP,MDS,27909
27910,587,TCP,PGSQL,27910
27911,5432,UDP,NETBIOS,27911
27912,53,UDP,DNS,27912
27913,993,TCP,IMAP4,27913
27914,21,UDP,ACMSODA,27914
27915,587,UDP,FTP,27915
27916,53,UDP,DNS,27916
27917,10051,TCP,UBIQUITY,27917
27918,445,UDP,HTTP,27918
27919,443,TCP,HTTPS,27919
27920,3128,UDP,IRDMI,27920
27921,10001,TCP,ZABBIX,27921
27922,3689,TCP,PGSQL,27922
27923,5432,UDP,MSSQL,27923
27924,8000,UDP,UBIQUITY,27924
27925,8000,TCP,SSH,27925
27926,443,TCP,HTTPS,27926
27927,1433,UDP,ACMSODA,27927
27928,138,UDP,ZABBIX,27928
27929,80,UDP,EMS,27929
27930,21,UDP,XMPP,27930
27931,5432,TCP,XMPP,27931
27932,500,TCP,SIP,27932
27933,445,UDP,DNS,27933
27934,21,TCP,FTP,27934
27935,1433,TCP,SSH,27935
27936,443,TCP,HTTPS,27936
27937,993,TCP,RDP,27937
27938,80,TCP,EMS,27938
27939,993,UDP,TELNET,27939
27940,443,TCP,HTTPS,27940
27941,80,TCP,HTTP,27941
27942,443,TCP,HTTPS,27942
27943,5222,UDP,MDS,27943
27944,9100,UDP,IRDMI,27944
27945,3689,TCP,PGSQL,27945
27946,137,TCP,MDS,27946
27947,993,TCP,SSH,27947
27948,993,TCP,RDP,27948
27949,5222,TCP,HTTPS,27949
27950,8080,UDP,PGSQL,27950
27951,5060,TCP,NETBIOS,27951
27952,80,TCP,PGSQL,27952
27953,22,UDP,PGSQL,27953
27954,10051,TCP,ZABBIX,27954
27955,3389,TCP,MSSQL,27955
27956,5432,UDP,FTP,27956
27957,443,TCP,HTTPS,27957
27958,53,UDP,DNS,27958
27959,137,TCP,HTTPS,27959
27960,21,UDP,SIP,27960
27961,53,UDP,ISAKMP,27961
27962,1433,TCP,VNC,27962
27963,5432,UDP,IMAP4,27963
27964,6969,TCP,NETBIOS,27964
27965,3389,TCP,MSSQL,27965
27966,23,TCP,VNC,27966
27967,138,UDP,VNC,27967
27968,10051,UDP,ICAP,27968
27969,22,UDP,IMAP4,27969
27970,500,TCP,UBIQUITY,27970
27971,23,TCP,HPSERVICE,27971
27972,3389,UDP,PGSQL,27972
27973,5900,UDP,SIP,27973
27974,3389,UDP,NETBIOS,27974
27975,443,TCP,UBIQUITY,27975
27976,8000,UDP,SIP,27976
27977,5061,TCP,VNC,27977
27978,1433,UDP,ZABBIX,27978
27979,443,UDP,IRDMI,27979
27980,5432,UDP,RDP,27980
27981,3389,UDP,IRDMI,27981
27982,500,UDP,XMPP,27982
27983,443,TCP,HTTPS,27983
27984,8080,UDP,MSSQL,27984
27985,23,TCP,VNC,27985
27986,443,UDP,SNMP,27986
27987,3128,UDP,SNMP,27987
27988,443,TCP,HTTPS,27988
27989,5432,TCP,DAAPD,27989
27990,8080,UDP,FTP,27990
27991,3128,TCP,SNMP,27991
27992,443,TCP,IMAP4,27992
27993,137,TCP,MSSQL,27993
27994,5900,TCP,PGSQL,27994
27995,445,UDP,DNS,27995
27996,23,UDP,SIP,27996
27997,3689,UDP,SSH,27997
27998,993,TCP,IMAP4,27998
27999,21,UDP,ISAKMP,27999
28000,443,TCP,IMAP4,28000
28001,500,TCP,PGSQL,28001
28002,1344,UDP,EMS,28002
28003,5900,UDP,HTTP,28003
28004,3128,UDP,ICAP,28004
28005,3389,UDP,RDP,28005
28006,3389,UDP,PGSQL,28006
28007,993,TCP,DNS,28007
28008,161,TCP,MSSQL,28008
28009,443,TCP,HTTPS,28009
28010,161,UDP,SSH,28010
28011,443,TCP,HTTPS,28011
28012,80,UDP,EMS,28012
28013,3128,UDP,IRDMI,28013
28014,21,UDP,SSH,28014
28015,500,UDP,VNC,28015
28016,5060,TCP,MDS,28016
28017,53,UDP,DNS,28017
28018,3689,TCP,HPSERVICE,28018
28019,80,TCP,HTTP,28019
28020,443,TCP,HTTPS,28020
28021,443,TCP,HTTPS,28021
28022,53,UDP,XMPP,28022
28023,3689,TCP,TELNET,28023
28024,138,TCP,DNS,28024
28025,993,TCP,NETBIOS,28025
28026,587,UDP,IRDMI,28026
28027,443,UDP,HTTPS,28027
28028,138,UDP,NETBIOS,28028
28029,3128,UDP,ICAP,28029
28030,21,UDP,XMPP,28030
28031,53,UDP,DNS,28031
28032,3389,TCP,MSSQL,28032
28033,443,TCP,HTTPS,28033
28034,137,TCP,DAAPD,28034
28035,443,TCP,HTTPS,28035
28036,443,TCP,HTTPS,28036
28037,6969,TCP,IMAP4,28037
28038,443,TCP,HTTPS,28038
28039,3389,TCP,SSH,28039
28040,22,UDP,SIP,28040
28041,443,TCP,HTTPS,28041
28042,21,UDP,ACMSODA,28042
28043,443,TCP,HTTPS,28043
28044,8000,TCP,UBIQUITY,28044
28045,21,UDP,UBIQUITY,28045
28046,5432,UDP,DNS,28046
28047,445,TCP,HPSERVICE,28047
28048,5222,TCP,XMPP,28048
28049,22,TCP,UBIQUITY,28049
28050,6969,TCP,ZABBIX,28050
28051,445,UDP,IMAP4,28051
28052,8080,UDP,FTP,28052
28053,6969,TCP,HTTPS,28053
28054,10051,UDP,MSSQL,28054
28055,5432,UDP,ACMSODA,28055
28056,5061,UDP,TELNET,28056
28057,23,TCP,VNC,28057
28058,138,TCP,ACMSODA,28058
28059,5060,UDP,RDP,28059
28060,23,UDP,ICAP,28060
28061,587,UDP,IRDMI,28061
28062,5900,UDP,FTP,28062
28063,5900,UDP,SSH,28063
28064,80,UDP,SIP,28064
28065,21,TCP,IMAP4,28065
28066,3689,UDP,VNC,28066
28067,5060,TCP,NETBIOS,28067
28068,993,TCP,NETBIOS,28068
28069,5900,TCP,PGSQL,28069
28070,993,TCP,DNS,28070
28071,5432,UDP,HTTPS,28071
28072,993,TCP,NETBIOS,28072
28073,443,UDP,SNMP,28073
28074,1433,TCP,ISAKMP,28074
28075,587,UDP,IRDMI,28075
28076,443,TCP,HTTPS,28076
28077,5432,UDP,HTTPS,28077
28078,138,UDP,IRDMI,28078
28079,443,TCP,HTTPS,28079
28080,1344,UDP,MDS,28080
28081,993,UDP,PGSQL,28081
28082,587,UDP,HTTP,28082
28083,445,TCP,TELNET,28083
28084,5061,UDP,PGSQL,28084
28085,22,UDP,TELNET,28085
28086,8000,TCP,UBIQUITY,28086
28087,3128,UDP,ICAP,28087
28088,21,UDP,FTP,28088
28089,443,TCP,HTTPS,28089
28090,500,TCP,SIP,28090
28091,443,TCP,UBIQUITY,28091
28092,587,TCP,NETBIOS,28092
28093,443,TCP,HTTPS,28093
28094,3128,UDP,SNMP,28094
28095,137,TCP,IRDMI,28095
28096,21,TCP,EMS,28096
28097,21,UDP,UBIQUITY,28097
28098,3128,TCP,ACMSODA,28098
28099,993,UDP,PGSQL,28099
28100,1433,TCP,VNC,28100
28101,53,UDP,HTTP,28101
28102,21,UDP,SIP,28102
28103,9100,TCP,IMAP4,28103
28104,8000,UDP,NETBIOS,28104
28105,23,TCP,HPSERVICE,28105
28106,445,UDP,MDS,28106
28107,6969,UDP,DAAPD,28107
28108,443,TCP,HTTPS,28108
28109,5061,UDP,SNMP,28109
28110,443,TCP,IMAP4,28110
28111,8080,TCP,ZABBIX,28111
28112,993,UDP,PGSQL,28112
28113,443,TCP,DNS,28113
28114,443,TCP,VNC,28114
28115,5060,TCP,HPSERVICE,28115
28116,80,UDP,SIP,28116
28117,23,UDP,MDS,28117
28118,21,UDP,MSSQL,28118
28119,23,UDP,TELNET,28119
28120,3689,TCP,TELNET,28120
28121,6969,TCP,EMS,28121
28122,6969,TCP,HTTPS,28122
28123,80,TCP,HTTP,28123
28124,443,TCP,HTTPS,28124
28125,1433,UDP,ZABBIX,28125
28126,161,TCP,IMAP4,28126
28127,5900,TCP,EMS,28127
28128,21,TCP,FTP,28128
28129,6969,UDP,ACMSODA,28129
28130,8080,UDP,FTP,28130
28131,21,TCP,IMAP4,28131
28132,3689,TCP,ACMSODA,28132
28133,80,UDP,XMPP,28133
28134,3389,UDP,RDP,28134
28135,23,TCP,IMAP4,28135
28136,443,TCP,HTTPS,28136
28137,138,TCP,UBIQUITY,28137
28138,23,UDP,MDS,28138
28139,5060,UDP,DAAPD,28139
28140,443,TCP,UBIQUITY,28140
28141,23,TCP,HTTP,28141
28142,1433,TCP,SNMP,28142
28143,21,UDP,MSSQL,28143
28144,53,UDP,NETBIOS,28144
28145,5900,TCP,RDP,28145
28146,1433,UDP,ACMSODA,28146
28147,22,UDP,ISAKMP,28147
28148,5222,TCP,SNMP,28148
28149,22,UDP,VNC,28149
28150,53,UDP,HTTP,28150
28151,587,UDP,FTP,28151
28152,21,UDP,ICAP,28152
28153,5060,UDP,RDP,28153
28154,10051,UDP,HPSERVICE,28154
28155,3389,TCP,MSSQL,28155
28156,8080,UDP,FTP,28156
28157,1433,UDP,ACMSODA,28157
28158,3689,TCP,HPSERVICE,28158
28159,10001,TCP,HPSERVICE,28159
28160,1344,TCP,IMAP4,28160
28161,443,TCP,HTTPS,28161
28162,80,UDP,XMPP,28162
28163,443,UDP,HTTPS,28163
28164,138,UDP,IRDMI,28164
28165,443,UDP,MDS,28165
28166,23,TCP,HPSERVICE,28166
28167,1433,UDP,XMPP,28167
28168,3389,TCP,UBIQUITY,28168
28169,993,UDP,DAAPD,28169
28170,80,TCP,HTTP,28170
28171,5900,UDP,MSSQL,28171
28172,443,UDP,SNMP,28172
28173,5900,UDP,NETBIOS,28173
28174,80,TCP,HTTP,28174
28175,1433,UDP,XMPP,28175
28176,445,UDP,DNS,28176
28177,23,UDP,TELNET,28177
28178,6969,UDP,DNS,28178
28179,443,TCP,IMAP4,28179
28180,9100,TCP,SNMP,28180
28181,21,UDP,HTTPS,28181
28182,5061,TCP,VNC,28182
28183,443,TCP,SNMP,28183
28184,138,TCP,VNC,28184
28185,500,TCP,ISAKMP,28185
28186,80,UDP,SIP,28186
28187,3689,TCP,ACMSODA,28187
28188,500,UDP,DAAPD,28188
28189,9100,TCP,FTP,28189
28190,500,UDP,SNMP,28190
28191,587,UDP,XMPP,28191
28192,80,TCP,HTTP,28192
28193,3128,TCP,ACMSODA,28193
28194,5060,UDP,FTP,28194
28195,8080,UDP,ISAKMP,28195
28196,9100,UDP,PGSQL,28196
28197,161,UDP,IRDMI,28197
28198,5061,UDP,TELNET,28198
28199,443,TCP,HTTPS,28199
28200,53,UDP,ZABBIX,28200
28201,5432,UDP,MSSQL,28201
28202,137,TCP,RDP,28202
28203,3389,UDP,IRDMI,28203
28204,23,TCP,TELNET,28204
28205,138,UDP,IRDMI,28205
28206,21,TCP,FTP,28206
28207,1433,TCP,PGSQL,28207
28208,9100,UDP,IRDMI,28208
28209,587,UDP,IRDMI,28209
28210,5900,TCP,MSSQL,28210
28211,53,UDP,DNS,28211
28212,500,UDP,DNS,28212
28213,3128,TCP,HTTP,28213
28214,21,TCP,FTP,28214
28215,161,UDP,HPSERVICE,28215
28216,5060,TCP,IRDMI,28216
28217,500,TCP,IMAP4,28217
28218,443,TCP,HTTPS,28218
28219,138,TCP,ACMSODA,28219
28220,161,TCP,IRDMI,28220
28221,443,TCP,ACMSODA,28221
28222,443,TCP,HTTPS,28222
28223,138,UDP,IMAP4,28223
28224,5060,TCP,ACMSODA,28224
28225,8080,UDP,TELNET,28225
28226,3689,TCP,TELNET,28226
28227,5061,TCP,SIP,28227
28228,443,TCP,HTTPS,28228
28229,3389,TCP,ACMSODA,28229
28230,8000,TCP,ICAP,28230
28231,445,TCP,SSH,28231
28232,161,UDP,PGSQL,28232
28233,1344,TCP,IMAP4,28233
28234,8080,UDP,ICAP,28234
28235,8080,TCP,ACMSODA,28235
28236,500,TCP,RDP,28236
28237,445,TCP,MDS,28237
28238,3689,UDP,UBIQUITY,28238
28239,5432,TCP,DAAPD,28239
28240,993,UDP,MDS,28240
28241,443,TCP,IRDMI,28241
28242,993,UDP,PGSQL,28242
28243,5060,TCP,NETBIOS,28243
28244,53,UDP,ZABBIX,28244
28245,443,TCP,HTTPS,28245
28246,10051,UDP,MSSQL,28246
28247,3389,UDP,PGSQL,28247
28248,993,UDP,IMAP4,28248
28249,3128,TCP,IMAP4,28249
28250,53,UDP,DNS,28250
28251,500,UDP,VNC,28251
28252,443,TCP,HTTPS,28252
28253,22,UDP,ACMSODA,28253
28254,9100,TCP,VNC,28254
28255,587,UDP,IRDMI,28255
28256,3128,UDP,IRDMI,28256
28257,443,UDP,HTTPS,28257
28258,8080,UDP,HTTP,28258
28259,1433,UDP,ZABBIX,28259
28260,9100,UDP,MDS,28260
28261,5900,UDP,ISAKMP,28261
28262,443,UDP,MDS,28262
28263,500,UDP,DAAPD,28263
28264,5900,UDP,TELNET,28264
28265,443,UDP,DAAPD,28265
28266,5432,UDP,ICAP,28266
28267,5222,TCP,EMS,28267
28268,443,TCP,HTTPS,28268
28269,21,TCP,FTP,28269
28270,443,TCP,HTTPS,28270
28271,443,TCP,HTTPS,28271
28272,8080,UDP,FTP,28272
28273,993,TCP,NETBIOS,28273
28274,1433,TCP,EMS,28274
28275,1433,UDP,MSSQL,28275
28276,138,UDP,IRDMI,28276
28277,22,TCP,UBIQUITY,28277
28278,443,TCP,HTTPS,28278
28279,3128,TCP,HTTP,28279
28280,3689,UDP,SSH,28280
28281,137,TCP,RDP,28281
28282,445,TCP,EMS,28282
28283,1433,TCP,IMAP4,28283
28284,6969,TCP,IMAP4,28284
28285,5060,TCP,NETBIOS,28285
28286,3389,UDP,SNMP,28286
28287,138,UDP,IRDMI,28287
28288,10051,UDP,VNC,28288
28289,8080,TCP,EMS,28289
28290,23,UDP,MDS,28290
28291,80,TCP,EMS,28291
28292,5432,UDP,ISAKMP,28292
28293,22,TCP,MSSQL,28293
28294,3389,UDP,ZABBIX,28294
28295,3689,UDP,MSSQL,28295
28296,993,UDP,DAAPD,28296
28297,22,UDP,VNC,28297
28298,1433,TCP,EMS,28298
28299,5900,UDP,SIP,28299
28300,5432,TCP,VNC,28300
28301,587,TCP,VNC,28301
28302,22,UDP,MSSQL,28302
28303,22,TCP,HTTP,28303
28304,80,TCP,FTP,28304
28305,10001,UDP,NETBIOS,28305
28306,6969,UDP,ZABBIX,28306
28307,587,TCP,ACMSODA,28307
28308,10051,UDP,PGSQL,28308
28309,10051,UDP,VNC,28309
28310,80,TCP,HTTP,28310
28311,1344,UDP,MDS,28311
28312,22,TCP,VNC,28312
28313,500,UDP,DAAPD,28313
28314,10051,UDP,SIP,28314
28315,5222,TCP,XMPP,28315
28316,443,TCP,HTTPS,28316
28317,443,TCP,HTTPS,28317
28318,443,TCP,HTTPS,28318
28319,161,UDP,SNMP,28319
28320,161,TCP,DAAPD,28320
28321,22,UDP,VNC,28321
28322,445,UDP,DNS,28322
28323,443,TCP,HTTPS,28323
28324,5432,TCP,HPSERVICE,28324
28325,23,UDP,SIP,28325
28326,21,UDP,HPSERVICE,28326
28327,1433,TCP,PGSQL,28327
28328,3389,TCP,SSH,28328
28329,10001,UDP,ICAP,28329
28330,80,TCP,HTTP,28330
28331,5222,UDP,SSH,28331
28332,587,UDP,FTP,28332
28333,8080,TCP,ACMSODA,28333
28334,500,UDP,ICAP,28334
28335,443,TCP,HTTPS,28335
28336,21,UDP,MSSQL,28336
28337,138,TCP,ACMSODA,28337
28338,53,UDP,SSH,28338
28339,80,TCP,HTTP,28339
28340,6969,TCP,HTTPS,28340
28341,3689,TCP,ICAP,28341
28342,8080,UDP,ICAP,28342
28343,6969,TCP,HTTPS,28343
28344,3128,TCP,HTTP,28344
28345,443,TCP,HTTPS,28345
28346,8080,UDP,ISAKMP,28346
28347,21,UDP,HTTPS,28347
28348,993,UDP,PGSQL,28348
28349,587,UDP,IRDMI,28349
28350,1433,TCP,VNC,28350
28351,53,UDP,TELNET,28351
28352,443,TCP,HTTPS,28352
28353,6969,UDP,DAAPD,28353
28354,53,UDP,NETBIOS,28354
28355,443,TCP,HTTPS,28355
28356,587,UDP,FTP,28356
28357,443,TCP,HTTPS,28357
28358,587,UDP,IRDMI,28358
28359,161,UDP,SSH,28359
28360,3128,UDP,ICAP,28360
28361,8080,UDP,UBIQUITY,28361
28362,443,TCP,HTTPS,28362
28363,443,TCP,HTTPS,28363
28364,993,TCP,RDP,28364
28365,80,TCP,HTTP,28365
28366,10051,TCP,ISAKMP,28366
28367,443,UDP,HPSERVICE,28367
28368,5222,TCP,SNMP,28368
28369,6969,UDP,SNMP,28369
28370,138,UDP,UBIQUITY,28370
28371,500,TCP,DNS,28371
28372,8000,TCP,SIP,28372
28373,138,TCP,IRDMI,28373
28374,443,TCP,HTTPS,28374
28375,443,TCP,HTTPS,28375
28376,22,UDP,PGSQL,28376
28377,3128,UDP,ICAP,28377
28378,443,TCP,HTTPS,28378
28379,22,UDP,XMPP,28379
28380,53,UDP,DNS,28380
28381,587,TCP,RDP,28381
28382,21,TCP,FTP,28382
28383,443,TCP,HTTPS,28383
28384,21,TCP,FTP,28384
28385,3389,TCP,IMAP4,28385
28386,1433,TCP,MDS,28386
28387,21,TCP,FTP,28387
28388,22,UDP,IMAP4,28388
28389,3128,UDP,ICAP,28389
28390,161,UDP,VNC,28390
28391,161,TCP,RDP,28391
28392,3128,UDP,ICAP,28392
28393,8000,UDP,HPSERVICE,28393
28394,161,UDP,SSH,28394
28395,5900,TCP,FTP,28395
28396,5061,UDP,PGSQL,28396
28397,587,UDP,HTTP,28397
28398,587,UDP,HPSERVICE,28398
28399,5060,UDP,PGSQL,28399
28400,22,TCP,UBIQUITY,28400
28401,21,TCP,EMS,28401
28402,443,TCP,HTTPS,28402
28403,10001,UDP,FTP,28403
28404,3389,TCP,IMAP4,28404
28405,53,UDP,FTP,28405
28406,5900,TCP,PGSQL,28406
28407,5432,UDP,ISAKMP,28407
28408,138,TCP,HPSERVICE,28408
28409,8000,TCP,ICAP,28409
28410,3389,TCP,SSH,28410
28411,443,TCP,HTTPS,28411
28412,80,UDP,SNMP,28412
28413,10051,TCP,ISAKMP,28413
28414,587,UDP,HPSERVICE,28414
28415,587,UDP,IRDMI,28415
28416,443,TCP,DAAPD,28416
28417,6969,TCP,SIP,28417
28418,22,UDP,ACMSODA,28418
28419,137,TCP,MDS,28419
28420,1433,TCP,PGSQL,28420
28421,6969,TCP,HTTPS,28421
28422,3128,TCP,SNMP,28422
28423,3689,UDP,UBIQUITY,28423
28424,21,UDP,SIP,28424
28425,9100,UDP,IRDMI,28425
28426,10051,UDP,MSSQL,28426
28427,137,TCP,HTTPS,28427
28428,53,UDP,DNS,28428
28429,500,UDP,XMPP,28429
28430,500,TCP,PGSQL,28430
28431,993,TCP,DNS,28431
28432,10001,UDP,ICAP,28432
28433,445,UDP,HTTP,28433
28434,80,TCP,HTTP,28434
28435,5060,UDP,RDP,28435
28436,23,TCP,DNS,28436
28437,1433,TCP,XMPP,28437
28438,443,TCP,HTTPS,28438
28439,53,UDP,DNS,28439
28440,5060,UDP,MSSQL,28440
28441,993,TCP,NETBIOS,28441
28442,137,TCP,HTTPS,28442
28443,137,TCP,RDP,28443
28444,5061,UDP,HTTP,28444
28445,53,UDP,DNS,28445
28446,22,TCP,PGSQL,28446
28447,5222,TCP,NETBIOS,28447
28448,443,TCP,HTTPS,28448
28449,10001,UDP,SNMP,28449
28450,5061,UDP,TELNET,28450
28451,1433,UDP,DAAPD,28451
28452,6969,TCP,SIP,28452
28453,8080,UDP,FTP,28453
28454,6969,TCP,IMAP4,28454
28455,21,UDP,RDP,28455
28456,10051,TCP,SSH,28456
28457,445,TCP,SSH,28457
28458,10051,TCP,ISAKMP,28458
28459,10051,UDP,MSSQL,28459
28460,443,TCP,HTTPS,28460
28461,445,TCP,MDS,28461
28462,443,TCP,HTTPS,28462
28463,1433,UDP,HPSERVICE,28463
28464,1433,UDP,ZABBIX,28464
28465,445,TCP,PGSQL,28465
28466,5900,UDP,EMS,28466
28467,138,TCP,SSH,28467
28468,10001,UDP,PGSQL,28468
28469,21,TCP,FTP,28469
28470,993,UDP,TELNET,28470
28471,1433,TCP,IMAP4,28471
28472,443,TCP,HTTPS,28472
28473,5900,TCP,RDP,28473
28474,22,TCP,HTTP,28474
28475,5432,TCP,PGSQL,28475
28476,993,TCP,PGSQL,28476
28477,5061,TCP,XMPP,28477
28478,8080,UDP,SIP,28478
28479,8080,TCP,ACMSODA,28479
28480,21,TCP,FTP,28480
28481,443,TCP,HTTPS,28481
28482,500,UDP,XMPP,28482
28483,80,TCP,FTP,28483
28484,53,UDP,DNS,28484
28485,137,TCP,HTTPS,28485
28486,8000,TCP,ICAP,28486
28487,443,TCP,HTTPS,28487
28488,22,TCP,HTTP,28488
28489,138,TCP,IRDMI,28489
28490,1344,UDP,SSH,28490
28491,993,TCP,NETBIOS,28491
28492,80,UDP,ZABBIX,28492
28493,161,UDP,FTP,28493
28494,5061,TCP,VNC,28494
28495,5222,UDP,SSH,28495
28496,23,UDP,ICAP,28496
28497,161,UDP,PGSQL,28497
28498,23,TCP,VNC,28498
28499,3128,TCP,ACMSODA,28499
28500,443,TCP,HTTPS,28500
28501,21,UDP,HTTPS,28501
28502,1433,UDP,ZABBIX,28502
28503,8080,UDP,FTP,28503
28504,23,TCP,HPSERVICE,28504
28505,3689,UDP,HPSERVICE,28505
28506,993,TCP,RDP,28506
28507,3389,UDP,SNMP,28507
28508,443,TCP,HTTPS,28508
28509,5061,UDP,DNS,28509
28510,993,TCP,PGSQL,28510
28511,6969,TCP,DNS,28511
28512,587,TCP,UBIQUITY,28512
28513,5060,UDP,TELNET,28513
28514,23,TCP,DNS,28514
28515,80,TCP,HTTP,28515
28516,443,TCP,HTTPS,28516
28517,443,TCP,HTTPS,28517
28518,5222,UDP,SSH,28518
28519,443,TCP,HTTPS,28519
28520,5222,TCP,FTP,28520
28521,993,UDP,ISAKMP,28521
28522,9100,UDP,PGSQL,28522
28523,1344,TCP,UBIQUITY,28523
28524,8000,UDP,SIP,28524
28525,445,TCP,SSH,28525
28526,5060,UDP,MSSQL,28526
28527,22,TCP,VNC,28527
28528,1433,TCP,MSSQL,28528
28529,1344,TCP,IMAP4,28529
28530,443,TCP,VNC,28530
28531,443,TCP,HTTPS,28531
28532,5900,TCP,PGSQL,28532
28533,1344,TCP,TELNET,28533
28534,3689,UDP,HTTP,28534
28535,21,TCP,FTP,28535
28536,3389,TCP,ACMSODA,28536
28537,10051,TCP,ISAKMP,28537
28538,443,TCP,HTTPS,28538
28539,443,TCP,HTTPS,28539
28540,1344,UDP,HTTP,28540
28541,5061,TCP,ACMSODA,28541
28542,53,TCP,MSSQL,28542
28543,1433,TCP,VNC,28543
28544,10051,UDP,VNC,28544
28545,138,UDP,ZABBIX,28545
28546,443,UDP,ACMSODA,28546
28547,6969,TCP,ISAKMP,28547
28548,8080,UDP,ACMSODA,28548
28549,80,TCP,HTTP,28549
28550,22,UDP,SIP,28550
28551,5900,UDP,MSSQL,28551
28552,21,UDP,XMPP,28552
28553,5061,UDP,PGSQL,28553
28554,1344,UDP,SSH,28554
28555,23,TCP,HPSERVICE,28555
28556,445,UDP,IMAP4,28556
28557,5222,UDP,MDS,28557
28558,5432,TCP,HTTPS,28558
28559,5222,TCP,SNMP,28559
28560,443,TCP,UBIQUITY,28560
28561,161,UDP,PGSQL,28561
28562,161,UDP,VNC,28562
28563,53,TCP,MSSQL,28563
28564,5900,UDP,FTP,28564
28565,10051,UDP,MSSQL,28565
28566,5432,UDP,ACMSODA,28566
28567,1344,UDP,ICAP,28567
28568,443,TCP,HTTPS,28568
28569,53,UDP,XMPP,28569
28570,5060,UDP,MDS,28570
28571,161,UDP,VNC,28571
28572,3389,UDP,NETBIOS,28572
28573,443,TCP,ACMSODA,28573
28574,443,TCP,HTTPS,28574
28575,5432,TCP,DAAPD,28575
28576,993,UDP,DAAPD,28576
28577,10001,UDP,SSH,28577
28578,3689,UDP,MDS,28578
28579,443,TCP,HTTPS,28579
28580,9100,UDP,MDS,28580
28581,21,TCP,FTP,28581
28582,443,TCP,VNC,28582
28583,445,UDP,DAAPD,28583
28584,5222,UDP,SNMP,28584
28585,5060,UDP,MDS,28585
28586,1433,TCP,PGSQL,28586
28587,500,UDP,DNS,28587
28588,21,UDP,SIP,28588
28589,993,TCP,IMAP4,28589
28590,6969,TCP,IMAP4,28590
28591,80,UDP,XMPP,28591
28592,21,UDP,HTTPS,28592
28593,10001,UDP,FTP,28593
28594,443,TCP,HTTPS,28594
28595,500,UDP,TELNET,28595
28596,9100,UDP,ZABBIX,28596
28597,5061,TCP,IMAP4,28597
28598,10001,UDP,DAAPD,28598
28599,3389,UDP,SNMP,28599
28600,500,TCP,IMAP4,28600
28601,587,UDP,TELNET,28601
28602,1433,TCP,ISAKMP,28602
28603,5222,UDP,SSH,28603
28604,6969,TCP,NETBIOS,28604
28605,3689,UDP,FTP,28605
28606,1344,UDP,SSH,28606
28607,443,TCP,HPSERVICE,28607
28608,23,TCP,VNC,28608
28609,137,TCP,PGSQL,28609
28610,8080,UDP,TELNET,28610
28611,443,TCP,HTTPS,28611
28612,5432,UDP,ISAKMP,28612
28613,23,TCP,HPSERVICE,28613
28614,500,TCP,PGSQL,28614
28615,5061,UDP,EMS,28615
28616,161,UDP,SSH,28616
28617,587,UDP,IRDMI,28617
28618,443,TCP,HTTPS,28618
28619,587,TCP,RDP,28619
28620,9100,TCP,IMAP4,28620
28621,587,UDP,XMPP,28621
28622,5222,TCP,HTTPS,28622
28623,138,TCP,ACMSODA,28623
28624,8080,UDP,UBIQUITY,28624
28625,443,UDP,DAAPD,28625
28626,1433,UDP,ACMSODA,28626
28627,53,UDP,NETBIOS,28627
28628,443,TCP,HTTPS,28628
28629,53,UDP,HTTP,28629
28630,3128,UDP,ICAP,28630
28631,5222,TCP,HTTPS,28631
28632,993,TCP,DNS,28632
28633,443,TCP,HTTPS,28633
28634,443,UDP,DAAPD,28634
28635,5432,UDP,DNS,28635
28636,5900,TCP,PGSQL,28636
28637,1433,TCP,PGSQL,28637
28638,10051,TCP,ISAKMP,28638
28639,21,UDP,SIP,28639
28640,3389,UDP,SNMP,28640
28641,1344,UDP,PGSQL,28641
28642,587,TCP,RDP,28642
28643,3689,TCP,SSH,28643
28644,3689,TCP,HTTP,28644
28645,137,TCP,ACMSODA,28645
28646,3128,UDP,ICAP,28646
28647,3128,UDP,IRDMI,28647
28648,80,UDP,XMPP,28648
28649,10001,UDP,SSH,28649
28650,5060,TCP,ACMSODA,28650
28651,3128,UDP,RDP,28651
28652,9100,UDP,ZABBIX,28652
28653,993,TCP,DNS,28653
28654,443,TCP,ACMSODA,28654
28655,443,TCP,HTTPS,28655
28656,443,UDP,HTTPS,28656
28657,22,TCP,MSSQL,28657
28658,22,TCP,FTP,28658
28659,5222,TCP,EMS,28659
28660,993,TCP,HTTP,28660
28661,443,TCP,HTTPS,28661
28662,21,TCP,IMAP4,28662
28663,8080,TCP,ACMSODA,28663
28664,23,UDP,FTP,28664
28665,443,TCP,HTTPS,28665
28666,445,UDP,DNS,28666
28667,443,TCP,HTTPS,28667
28668,443,TCP,HTTPS,28668
28669,10051,UDP,VNC,28669
28670,22,TCP,UBIQUITY,28670
28671,1344,TCP,UBIQUITY,28671
28672,6969,UDP,UBIQUITY,28672
28673,5222,TCP,NETBIOS,28673
28674,443,TCP,HTTPS,28674
28675,3689,TCP,ICAP,28675
28676,443,TCP,HTTPS,28676
28677,993,UDP,TELNET,28677
28678,22,TCP,IMAP4,28678
28679,443,TCP,HTTPS,28679
28680,500,UDP,SNMP,28680
28681,8080,UDP,ACMSODA,28681
28682,3689,TCP,PGSQL,28682
28683,10051,TCP,ZABBIX,28683
28684,21,UDP,XMPP,28684
28685,5060,UDP,TELNET,28685
28686,443,TCP,HTTPS,28686
28687,5900,UDP,UBIQUITY,28687
28688,80,TCP,HTTPS,28688
28689,23,TCP,TELNET,28689
28690,587,UDP,ICAP,28690
28691,587,UDP,EMS,28691
28692,5222,UDP,SSH,28692
28693,53,TCP,SNMP,28693
28694,6969,UDP,DNS,28694
28695,161,TCP,DAAPD,28695
28696,443,TCP,HTTPS,28696
28697,3689,UDP,HPSERVICE,28697
28698,445,TCP,HPSERVICE,28698
28699,5060,UDP,TELNET,28699
28700,3128,UDP,SNMP,28700
28701,22,TCP,UBIQUITY,28701
28702,1433,TCP,SSH,28702
28703,9100,UDP,PGSQL,28703
28704,443,TCP,HTTPS,28704
28705,5222,TCP,SNMP,28705
28706,23,UDP,FTP,28706
28707,5900,UDP,MDS,28707
28708,53,UDP,DNS,28708
28709,443,TCP,HTTPS,28709
28710,993,UDP,TELNET,28710
28711,9100,UDP,SSH,28711
28712,445,UDP,HTTP,28712
28713,137,TCP,IRDMI,28713
28714,138,TCP,ACMSODA,28714
28715,5900,TCP,EMS,28715
28716,587,UDP,XMPP,28716
28717,5432,TCP,DAAPD,28717
28718,5061,TCP,VNC,28718
28719,993,TCP,NETBIOS,28719
28720,21,UDP,RDP,28720
28721,1344,TCP,IMAP4,28721
28722,161,UDP,UBIQUITY,28722
28723,5900,UDP,SSH,28723
28724,8080,UDP,PGSQL,28724
28725,161,UDP,TELNET,28725
28726,80,UDP,SNMP,28726
28727,1344,UDP,UBIQUITY,28727
28728,1433,UDP,HPSERVICE,28728
28729,161,UDP,SSH,28729
28730,3689,UDP,UBIQUITY,28730
28731,23,UDP,MDS,28731
28732,22,UDP,VNC,28732
28733,23,UDP,MDS,28733
28734,5060,UDP,PGSQL,28734
28735,993,TCP,DNS,28735
28736,23,TCP,IMAP4,28736
28737,443,UDP,ICAP,28737
28738,5432,UDP,MSSQL,28738
28739,443,TCP,HTTPS,28739
28740,8080,UDP,ICAP,28740
28741,443,UDP,HTTPS,28741
28742,3389,TCP,UBIQUITY,28742
28743,5900,UDP,MDS,28743
28744,1344,TCP,NETBIOS,28744
28745,443,TCP,HTTPS,28745
28746,138,TCP,XMPP,28746
28747,443,TCP,HTTPS,28747
28748,5900,UDP,NETBIOS,28748
28749,23,TCP,RDP,28749
28750,1433,TCP,PGSQL,28750
28751,993,TCP,DNS,28751
28752,53,UDP,XMPP,28752
28753,500,UDP,XMPP,28753
28754,443,TCP,HTTPS,28754
28755,3389,TCP,IRDMI,28755
28756,993,UDP,TELNET,28756
28757,443,TCP,HTTPS,28757
28758,8000,UDP,SIP,28758
28759,80,UDP,SNMP,28759
28760,443,TCP,DAAPD,28760
28761,23,TCP,HPSERVICE,28761
28762,443,TCP,HTTPS,28762
28763,6969,TCP,SNMP,28763
28764,8000,UDP,SIP,28764
28765,443,UDP,ISAKMP,28765
28766,22,UDP,VNC,28766
28767,138,UDP,ZABBIX,28767
28768,500,TCP,PGSQL,28768
28769,443,TCP,HTTPS,28769
28770,3689,TCP,PGSQL,28770
28771,80,TCP,HTTP,28771
28772,3689,UDP,FTP,28772
28773,23,TCP,TELNET,28773
28774,5222,TCP,SNMP,28774
28775,161,UDP,SSH,28775
28776,443,TCP,HTTPS,28776
28777,21,TCP,EMS,28777
28778,53,UDP,DNS,28778
28779,5222,TCP,HTTPS,28779
28780,23,TCP,RDP,28780
28781,5060,TCP,ICAP,28781
28782,500,TCP,SIP,28782
28783,443,TCP,HTTPS,28783
28784,3389,TCP,HTTPS,28784
28785,443,TCP,HTTPS,28785
28786,80,TCP,FTP,28786
28787,443,UDP,ICAP,28787
28788,500,UDP,DNS,28788
28789,3689,UDP,FTP,28789
28790,10051,TCP,ZABBIX,28790
28791,1433,TCP,SNMP,28791
28792,53,UDP,VNC,28792
28793,443,TCP,HTTPS,28793
28794,443,TCP,VNC,28794
28795,10051,UDP,SIP,28795
28796,587,UDP,RDP,28796
28797,500,UDP,XMPP,28797
28798,500,TCP,ISAKMP,28798
28799,587,UDP,HTTP,28799
28800,500,UDP,RDP,28800
28801,80,TCP,PGSQL,28801
28802,53,UDP,HTTP,28802
28803,1344,TCP,ZABBIX,28803
28804,22,TCP,VNC,28804
28805,10001,UDP,HTTP,28805
28806,22,UDP,VNC,28806
28807,3389,TCP,HPSERVICE,28807
28808,3128,UDP,ICAP,28808
28809,500,UDP,DNS,28809
28810,53,UDP,DNS,28810
28811,9100,TCP,SNMP,28811
28812,443,TCP,HTTPS,28812
28813,1344,TCP,TELNET,28813
28814,5061,UDP,TELNET,28814
28815,53,TCP,MSSQL,28815
28816,8000,TCP,UBIQUITY,28816
28817,443,TCP,HTTPS,28817
28818,138,UDP,HPSERVICE,28818
28819,10051,UDP,ACMSODA,28819
28820,993,UDP,MDS,28820
28821,10001,UDP,HTTP,28821
28822,5060,TCP,HTTPS,28822
28823,161,UDP,IRDMI,28823
28824,80,UDP,DAAPD,28824
28825,22,TCP,UBIQUITY,28825
28826,1433,TCP,ISAKMP,28826
28827,443,UDP,MDS,28827
28828,445,UDP,DNS,28828
28829,53,TCP,MSSQL,28829
28830,80,UDP,HTTP,28830
28831,5222,TCP,NETBIOS,28831
28832,445,TCP,MDS,28832
28833,5432,UDP,ACMSODA,28833
28834,138,TCP,SSH,28834
28835,445,TCP,SSH,28835
28836,5432,UDP,HTTPS,28836
28837,5060,TCP,NETBIOS,28837
28838,443,TCP,HTTPS,28838
28839,1433,UDP,HTTP,28839
28840,10051,UDP,ICAP,28840
28841,161,TCP,IMAP4,28841
28842,1344,UDP,MDS,28842
28843,443,TCP,HTTPS,28843
28844,993,UDP,ISAKMP,28844
28845,1344,UDP,SSH,28845
28846,500,UDP,RDP,28846
28847,53,UDP,DNS,28847
28848,443,UDP,SNMP,28848
28849,161,UDP,HPSERVICE,28849
28850,5060,UDP,MSSQL,28850
28851,443,TCP,UBIQUITY,28851
28852,587,TCP,MDS,28852
28853,3389,UDP,MSSQL,28853
28854,10051,UDP,MDS,28854
28855,500,TCP,PGSQL,28855
28856,1433,UDP,ZABBIX,28856
28857,3689,TCP,HTTP,28857
28858,443,TCP,HTTPS,28858
28859,443,TCP,HTTPS,28859
28860,500,UDP,SNMP,28860
28861,5900,UDP,MDS,28861
28862,993,TCP,SSH,28862
28863,5061,TCP,ICAP,28863
28864,443,TCP,HTTPS,28864
28865,5061,TCP,ACMSODA,28865
28866,8000,TCP,ICAP,28866
28867,500,TCP,ISAKMP,28867
28868,500,UDP,FTP,28868
28869,3689,UDP,VNC,28869
28870,443,TCP,HTTPS,28870
28871,5222,UDP,SSH,28871
28872,23,UDP,TELNET,28872
28873,80,TCP,HTTP,28873
28874,443,TCP,HTTPS,28874
28875,138,UDP,IMAP4,28875
28876,22,TCP,HPSERVICE,28876
28877,53,UDP,DNS,28877
28878,5061,UDP,EMS,28878
28879,53,TCP,SNMP,28879
28880,587,UDP,HPSERVICE,28880
28881,80,TCP,HTTP,28881
28882,1344,UDP,PGSQL,28882
28883,23,TCP,IMAP4,28883
28884,10001,UDP,NETBIOS,28884
28885,21,UDP,MSSQL,28885
28886,5432,UDP,FTP,28886
28887,1433,TCP,ZABBIX,28887
28888,23,TCP,VNC,28888
28889,500,TCP,HTTPS,28889
28890,443,TCP,HTTPS,28890
28891,161,TCP,IMAP4,28891
28892,80,TCP,HTTP,28892
28893,21,TCP,EMS,28893
28894,5900,UDP,MDS,28894
28895,5432,TCP,VNC,28895
28896,3689,TCP,SSH,28896
28897,443,TCP,UBIQUITY,28897
28898,443,TCP,HTTPS,28898
28899,443,TCP,HTTPS,28899
28900,138,TCP,HPSERVICE,28900
28901,53,UDP,DNS,28901
28902,443,TCP,HTTPS,28902
28903,21,UDP,ACMSODA,28903
28904,3389,UDP,RDP,28904
28905,443,TCP,HTTPS,28905
28906,10001,TCP,ZABBIX,28906
28907,53,UDP,DNS,28907
28908,5060,UDP,MSSQL,28908
28909,445,TCP,MDS,28909
28910,443,UDP,MDS,28910
28911,443,TCP,HTTPS,28911
28912,1344,TCP,TELNET,28912
28913,5061,UDP,PGSQL,28913
28914,445,UDP,DAAPD,28914
28915,445,UDP,DNS,28915
28916,23,TCP,EMS,28916
28917,587,UDP,RDP,28917
28918,161,UDP,SSH,28918
28919,993,TCP,RDP,28919
28920,587,UDP,FTP,28920
28921,21,UDP,RDP,28921
28922,443,TCP,HTTPS,28922
28923,23,UDP,SIP,28923
28924,1344,TCP,NETBIOS,28924
28925,443,TCP,HTTPS,28925
28926,161,UDP,UBIQUITY,28926
28927,53,TCP,MSSQL,28927
28928,137,TCP,DAAPD,28928
28929,1344,TCP,UBIQUITY,28929
28930,3689,TCP,PGSQL,28930
28931,3689,TCP,SNMP,28931
28932,6969,TCP,ZABBIX,28932
28933,21,TCP,FTP,28933
28934,21,TCP,FTP,28934
28935,993,TCP,RDP,28935
28936,500,UDP,ICAP,28936
28937,137,UDP,HTTPS,28937
28938,80,UDP,XMPP,28938
28939,3389,UDP,HTTPS,28939
28940,443,TCP,HTTPS,28940
28941,443,TCP,HTTPS,28941
28942,1344,TCP,UBIQUITY,28942
28943,5432,UDP,IMAP4,28943
28944,445,UDP,HTTPS,28944
28945,993,UDP,IMAP4,28945
28946,5900,UDP,SSH,28946
28947,443,UDP,IRDMI,28947
28948,993,TCP,RDP,28948
28949,443,TCP,DNS,28949
28950,993,TCP,NETBIOS,28950
28951,443,TCP,HTTPS,28951
28952,80,TCP,HTTP,28952
28953,21,TCP,FTP,28953
28954,5900,UDP,SIP,28954
28955,161,TCP,IMAP4,28955
28956,443,TCP,HTTPS,28956
28957,5222,UDP,SSH,28957
28958,3689,UDP,HTTP,28958
28959,161,TCP,TELNET,28959
28960,587,TCP,ACMSODA,28960
28961,5061,UDP,TELNET,28961
28962,443,UDP,HTTPS,28962
28963,6969,UDP,UBIQUITY,28963
28964,445,TCP,RDP,28964
28965,80,UDP,DAAPD,28965
28966,3389,UDP,RDP,28966
28967,80,UDP,SNMP,28967
28968,443,TCP,HTTPS,28968
28969,8000,TCP,ICAP,28969
28970,445,TCP,MDS,28970
28971,3128,UDP,IRDMI,28971
28972,443,TCP,HTTPS,28972
28973,443,TCP,HTTPS,28973
28974,443,TCP,HTTPS,28974
28975,443,TCP,HTTPS,28975
28976,443,TCP,HTTPS,28976
28977,21,UDP,MSSQL,28977
28978,10001,TCP,MDS,28978
28979,137,TCP,ACMSODA,28979
28980,1344,UDP,MDS,28980
28981,8080,UDP,ICAP,28981
28982,443,UDP,FTP,28982
28983,993,TCP,NETBIOS,28983
28984,22,UDP,VNC,28984
28985,137,TCP,HTTPS,28985
28986,5060,UDP,MSSQL,28986
28987,53,UDP,DNS,28987
28988,8000,TCP,MSSQL,28988
28989,137,TCP,XMPP,28989
28990,80,UDP,XMPP,28990
28991,53,TCP,HTTPS,28991
28992,138,TCP,ICAP,28992
28993,587,TCP,SIP,28993
28994,21,TCP,EMS,28994
28995,5900,UDP,MDS,28995
28996,3689,TCP,HPSERVICE,28996
28997,993,TCP,IMAP4,28997
28998,9100,TCP,MDS,28998
28999,21,TCP,ACMSODA,28999
29000,587,UDP,XMPP,29000
29001,445,UDP,UBIQUITY,29001
29002,993,UDP,IMAP4,29002
29003,443,TCP,HTTPS,29003
29004,445,TCP,SSH,29004
29005,9100,UDP,PGSQL,29005
29006,80,UDP,SNMP,29006
29007,993,TCP,DNS,29007
29008,5432,TCP,PGSQL,29008
29009,443,TCP,HTTPS,29009
29010,8080,TCP,EMS,29010
29011,80,UDP,ZABBIX,29011
29012,5900,UDP,SSH,29012
29013,5060,UDP,FTP,29013
29014,22,TCP,ZABBIX,29014
29015,1344,UDP,UBIQUITY,29015
29016,993,TCP,DNS,29016
29017,138,TCP,SSH,29017
29018,1433,UDP,ACMSODA,29018
29019,1433,UDP,ACMSODA,29019
29020,53,UDP,XMPP,29020
29021,3689,TCP,TELNET,29021
29022,80,UDP,SIP,29022
29023,443,TCP,HTTPS,29023
29024,23,UDP,SIP,29024
29025,6969,TCP,HTTPS,29025
29026,10051,UDP,ACMSODA,29026
29027,443,TCP,HTTPS,29027
29028,443,TCP,HTTPS,29028
29029,5222,UDP,SSH,29029
29030,443,TCP,HTTPS,29030
29031,5222,TCP,EMS,29031
29032,23,TCP,VNC,29032
29033,137,TCP,ACMSODA,29033
29034,53,UDP,ISAKMP,29034
29035,3389,UDP,SNMP,29035
29036,138,UDP,ZABBIX,29036
29037,1433,TCP,UBIQUITY,29037
29038,443,TCP,UBIQUITY,29038
29039,10051,UDP,ACMSODA,29039
29040,443,TCP,HTTPS,29040
29041,5060,UDP,DAAPD,29041
29042,53,UDP,DNS,29042
29043,9100,UDP,MDS,29043
29044,3128,UDP,ICAP,29044
29045,5061,UDP,HTTPS,29045
29046,587,UDP,HTTP,29046
29047,3389,UDP,DNS,29047
29048,445,UDP,SNMP,29048
29049,10001,TCP,ZABBIX,29049
29050,1344,TCP,NETBIOS,29050
29051,80,TCP,HTTP,29051
29052,53,UDP,DNS,29052
29053,1344,TCP,IMAP4,29053
29054,1433,TCP,MDS,29054
29055,443,TCP,IRDMI,29055
29056,443,TCP,HTTPS,29056
29057,443,TCP,HTTPS,29057
29058,53,UDP,XMPP,29058
29059,3128,UDP,ICAP,29059
29060,5060,TCP,ACMSODA,29060
29061,1433,TCP,PGSQL,29061
29062,993,UDP,HPSERVICE,29062
29063,161,TCP,IRDMI,29063
29064,1433,UDP,EMS,29064
29065,3128,UDP,SNMP,29065
29066,80,TCP,DAAPD,29066
29067,443,TCP,SNMP,29067
29068,3389,TCP,MSSQL,29068
29069,5432,UDP,MSSQL,29069
29070,53,UDP,TELNET,29070
29071,443,TCP,HTTPS,29071
29072,23,UDP,SIP,29072
29073,53,UDP,DNS,29073
29074,5222,TCP,ICAP,29074
29075,1433,TCP,EMS,29075
29076,53,UDP,DNS,29076
29077,53,TCP,HTTPS,29077
29078,500,UDP,SNMP,29078
29079,3689,TCP,HPSERVICE,29079
29080,3689,UDP,TELNET,29080
29081,23,TCP,FTP,29081
29082,443,TCP,HTTPS,29082
29083,5060,UDP,MSSQL,29083
29084,23,TCP,RDP,29084
29085,53,UDP,MDS,29085
29086,161,UDP,SSH,29086
29087,8080,TCP,DAAPD,29087
29088,21,UDP,XMPP,29088
29089,587,TCP,UBIQUITY,29089
29090,3389,TCP,IMAP4,29090
29091,23,UDP,SIP,29091
29092,53,UDP,FTP,29092
29093,137,TCP,PGSQL,29093
29094,443,TCP,HTTPS,29094
29095,443,TCP,DNS,29095
29096,5432,TCP,ACMSODA,29096
29097,6969,TCP,NETBIOS,29097
29098,10001,TCP,MDS,29098
29099,1433,UDP,ZABBIX,29099
29100,500,TCP,HTTPS,29100
29101,443,TCP,RDP,29101
29102,137,UDP,XMPP,29102
29103,21,TCP,FTP,29103
29104,53,UDP,XMPP,29104
29105,138,TCP,IRDMI,29105
29106,22,UDP,IMAP4,29106
29107,5060,UDP,RDP,29107
29108,1344,TCP,TELNET,29108
29109,137,TCP,DAAPD,29109
29110,8000,TCP,MSSQL,29110
29111,3689,TCP,HPSERVICE,29111
29112,445,TCP,TELNET,29112
29113,993,TCP,DNS,29113
29114,138,TCP,IRDMI,29114
29115,1433,TCP,PGSQL,29115
29116,8080,UDP,TELNET,29116
29117,5432,UDP,MSSQL,29117
29118,138,TCP,IRDMI,29118
29119,23,UDP,SIP,29119
29120,443,TCP,HTTPS,29120
29121,500,UDP,DAAPD,29121
29122,8080,TCP,ZABBIX,29122
29123,53,UDP,DNS,29123
29124,5432,UDP,ACMSODA,29124
29125,443,TCP,UBIQUITY,29125
29126,138,TCP,MSSQL,29126
29127,1433,TCP,SSH,29127
29128,22,UDP,XMPP,29128
29129,10051,TCP,ISAKMP,29129
29130,443,TCP,HTTPS,29130
29131,5432,TCP,DAAPD,29131
29132,500,UDP,SNMP,29132
29133,161,TCP,DAAPD,29133
29134,443,TCP,HTTPS,29134
29135,443,TCP,UBIQUITY,29135
29136,8000,TCP,ICAP,29136
29137,3689,TCP,PGSQL,29137
29138,443,TCP,HTTPS,29138
29139,5432,UDP,ICAP,29139
29140,3689,UDP,HPSERVICE,29140
29141,161,TCP,XMPP,29141
29142,5900,UDP,DAAPD,29142
29143,5060,UDP,FTP,29143
29144,587,TCP,PGSQL,29144
29145,443,UDP,UBIQUITY,29145
29146,5222,UDP,SSH,29146
29147,22,TCP,SSH,29147
29148,80,UDP,DAAPD,29148
29149,445,TCP,HTTP,29149
29150,443,TCP,HTTPS,29150
29151,3389,TCP,HTTPS,29151
29152,3689,TCP,PGSQL,29152
29153,138,TCP,XMPP,29153
29154,53,UDP,DNS,29154
29155,10051,TCP,ZABBIX,29155
29156,6969,TCP,IMAP4,29156
29157,993,TCP,IMAP4,29157
29158,443,TCP,UBIQUITY,29158
29159,53,UDP,DNS,29159
29160,3689,UDP,SNMP,29160
29161,161,UDP,SSH,29161
29162,500,UDP,TELNET,29162
29163,443,TCP,HTTPS,29163
29164,80,UDP,SNMP,29164
29165,10001,UDP,TELNET,29165
29166,53,UDP,DNS,29166
29167,993,UDP,PGSQL,29167
29168,3689,TCP,FTP,29168
29169,23,UDP,MDS,29169
29170,8080,UDP,ACMSODA,29170
29171,5061,UDP,TELNET,29171
29172,443,TCP,HTTPS,29172
29173,443,TCP,IMAP4,29173
29174,443,TCP,HTTPS,29174
29175,443,UDP,MDS,29175
29176,161,TCP,VNC,29176
29177,443,TCP,HTTPS,29177
29178,3389,UDP,PGSQL,29178
29179,80,TCP,FTP,29179
29180,443,TCP,HTTPS,29180
29181,138,UDP,HPSERVICE,29181
29182,1433,UDP,ACMSODA,29182
29183,500,UDP,ICAP,29183
29184,8080,UDP,EMS,29184
29185,443,UDP,DAAPD,29185
29186,1433,UDP,ZABBIX,29186
29187,443,TCP,HTTPS,29187
29188,161,UDP,FTP,29188
29189,1344,UDP,EMS,29189
29190,3389,TCP,IRDMI,29190
29191,161,UDP,PGSQL,29191
29192,587,UDP,XMPP,29192
29193,5900,TCP,FTP,29193
29194,8000,UDP,NETBIOS,29194
29195,8000,UDP,SIP,29195
29196,6969,UDP,DNS,29196
29197,1344,TCP,DAAPD,29197
29198,3689,TCP,TELNET,29198
29199,21,UDP,MSSQL,29199
29200,80,UDP,ZABBIX,29200
29201,5900,TCP,PGSQL,29201
29202,22,UDP,PGSQL,29202
29203,6969,TCP,IMAP4,29203
29204,22,TCP,FTP,29204
29205,10051,TCP,ZABBIX,29205
29206,5061,UDP,HTTPS,29206
29207,443,TCP,HTTPS,29207
29208,443,TCP,HTTPS,29208
29209,5060,TCP,HTTP,29209
29210,22,UDP,TELNET,29210
29211,500,TCP,RDP,29211
29212,3128,UDP,ICAP,29212
29213,3689,UDP,SSH,29213
29214,3689,UDP,MSSQL,29214
29215,3689,TCP,SIP,29215
29216,5222,UDP,EMS,29216
29217,22,UDP,ACMSODA,29217
29218,443,TCP,HTTPS,29218
29219,5060,UDP,MDS,29219
29220,3389,TCP,SSH,29220
29221,1433,TCP,SSH,29221
29222,10051,TCP,ISAKMP,29222
29223,5900,TCP,RDP,29223
29224,443,TCP,HTTPS,29224
29225,22,UDP,ISAKMP,29225
29226,10001,TCP,HPSERVICE,29226
29227,3689,UDP,VNC,29227
29228,53,TCP,MSSQL,29228
29229,80,TCP,FTP,29229
29230,443,TCP,HTTP,29230
29231,3128,UDP,IRDMI,29231
29232,1433,TCP,PGSQL,29232
29233,23,TCP,VNC,29233
29234,1433,TCP,PGSQL,29234
29235,587,UDP,IMAP4,29235
29236,8080,UDP,TELNET,29236
29237,993,UDP,PGSQL,29237
29238,500,TCP,SSH,29238
29239,3389,TCP,MSSQL,29239
29240,443,TCP,HTTPS,29240
29241,443,TCP,HTTPS,29241
29242,161,TCP,IMAP4,29242
29243,445,TCP,PGSQL,29243
29244,443,TCP,HTTPS,29244
29245,445,UDP,HTTP,29245
29246,21,TCP,VNC,29246
29247,443,TCP,HTTPS,29247
29248,5432,UDP,MSSQL,29248
29249,8000,TCP,ICAP,29249
29250,161,TCP,IMAP4,29250
29251,5222,TCP,SNMP,29251
29252,22,TCP,VNC,29252
29253,9100,UDP,IRDMI,29253
29254,3128,TCP,SNMP,29254
29255,500,UDP,DAAPD,29255
29256,443,TCP,HTTPS,29256
29257,993,TCP,SSH,29257
29258,993,UDP,HPSERVICE,29258
29259,138,UDP,IRDMI,29259
29260,993,UDP,DAAPD,29260
29261,53,UDP,DNS,29261
29262,993,UDP,TELNET,29262
29263,993,TCP,NETBIOS,29263
29264,5432,TCP,DAAPD,29264
29265,53,UDP,DNS,29265
29266,993,TCP,PGSQL,29266
29267,10051,UDP,HTTPS,29267
29268,21,TCP,DAAPD,29268
29269,500,TCP,DNS,29269
29270,80,UDP,SIP,29270
29271,3389,UDP,SNMP,29271
29272,443,TCP,HTTPS,29272
29273,443,TCP,SNMP,29273
29274,445,UDP,DAAPD,29274
29275,53,UDP,NETBIOS,29275
29276,500,UDP,SNMP,29276
29277,21,UDP,XMPP,29277
29278,80,UDP,ZABBIX,29278
29279,5432,TCP,XMPP,29279
29280,23,TCP,VNC,29280
29281,443,TCP,HTTPS,29281
29282,587,TCP,SIP,29282
29283,5900,UDP,MDS,29283
29284,53,UDP,NETBIOS,29284
29285,1344,TCP,NETBIOS,29285
29286,1433,UDP,HPSERVICE,29286
29287,5061,TCP,DAAPD,29287
29288,500,UDP,DNS,29288
29289,5061,TCP,ACMSODA,29289
29290,21,UDP,MSSQL,29290
29291,3128,UDP,ICAP,29291
29292,23,UDP,SIP,29292
29293,443,TCP,HTTPS,29293
29294,1433,TCP,EMS,29294
29295,443,TCP,HTTPS,29295
29296,5432,UDP,ISAKMP,29296
29297,3389,UDP,NETBIOS,29297
29298,3128,UDP,HPSERVICE,29298
29299,138,TCP,MSSQL,29299
29300,6969,TCP,DNS,29300
29301,445,TCP,EMS,29301
29302,3689,TCP,XMPP,29302
29303,443,TCP,HTTPS,29303
29304,23,TCP,HPSERVICE,29304
29305,21,TCP,FTP,29305
29306,500,TCP,RDP,29306
29307,443,TCP,HTTPS,29307
29308,443,TCP,HTTPS,29308
29309,5061,UDP,ACMSODA,29309
29310,5061,UDP,PGSQL,29310
29311,443,UDP,TELNET,29311
29312,8080,TCP,ACMSODA,29312
29313,5060,TCP,HPSERVICE,29313
29314,161,TCP,IMAP4,29314
29315,5900,UDP,TELNET,29315
29316,161,TCP,IRDMI,29316
29317,443,TCP,RDP,29317
29318,5900,TCP,FTP,29318
29319,1344,TCP,TELNET,29319
29320,5432,TCP,SSH,29320
29321,53,UDP,XMPP,29321
29322,3128,UDP,ICAP,29322
29323,443,TCP,HTTPS,29323
29324,10001,TCP,IRDMI,29324
29325,3128,UDP,SNMP,29325
29326,500,TCP,DNS,29326
29327,1344,UDP,TELNET,29327
29328,8080,UDP,TELNET,29328
29329,8080,UDP,ICAP,29329
29330,3689,TCP,TELNET,29330
29331,5432,UDP,FTP,29331
29332,138,TCP,IRDMI,29332
29333,10001,UDP,SSH,29333
29334,445,TCP,TELNET,29334
29335,21,TCP,NETBIOS,29335
29336,993,TCP,DNS,29336
29337,53,UDP,XMPP,29337
29338,53,UDP,DNS,29338
29339,22,UDP,VNC,29339
29340,138,UDP,IMAP4,29340
29341,21,UDP,ICAP,29341
29342,3689,TCP,SNMP,29342
29343,445,TCP,SSH,29343
29344,443,TCP,HTTPS,29344
29345,10051,UDP,DNS,29345
29346,21,TCP,FTP,29346
29347,443,TCP,HTTPS,29347
29348,6969,TCP,HTTPS,29348
29349,3389,UDP,RDP,29349
29350,443,TCP,HTTPS,29350
29351,3389,TCP,MSSQL,29351
29352,22,TCP,HTTP,29352
29353,53,UDP,DNS,29353
29354,5060,UDP,EMS,29354
29355,443,TCP,VNC,29355
29356,5432,UDP,ACMSODA,29356
29357,5432,TCP,PGSQL,29357
29358,23,TCP,HPSERVICE,29358
29359,1433,TCP,PGSQL,29359
29360,443,UDP,UBIQUITY,29360
29361,53,UDP,DNS,29361
29362,9100,UDP,DNS,29362
29363,3689,UDP,IMAP4,29363
29364,587,TCP,PGSQL,29364
29365,8080,UDP,ACMSODA,29365
29366,443,TCP,HTTPS,29366
29367,587,UDP,XMPP,29367
29368,8000,TCP,UBIQUITY,29368
29369,3689,TCP,HPSERVICE,29369
29370,161,TCP,DAAPD,29370
29371,5900,UDP,HTTP,29371
29372,9100,TCP,FTP,29372
29373,161,UDP,VNC,29373
29374,80,TCP,PGSQL,29374
29375,1433,UDP,ZABBIX,29375
29376,21,UDP,SIP,29376
29377,3389,UDP,PGSQL,29377
29378,5222,TCP,XMPP,29378
29379,9100,TCP,IRDMI,29379
29380,23,UDP,MDS,29380
29381,8000,UDP,ZABBIX,29381
29382,22,TCP,PGSQL,29382
29383,3689,TCP,TELNET,29383
29384,10051,UDP,MDS,29384
29385,80,TCP,HTTPS,29385
29386,3689,UDP,FTP,29386
29387,6969,TCP,ZABBIX,29387
29388,80,TCP,HTTP,29388
29389,5900,TCP,RDP,29389
29390,5060,UDP,MSSQL,29390
29391,5900,UDP,FTP,29391
29392,587,UDP,FTP,29392
29393,1433,TCP,UBIQUITY,29393
29394,1344,UDP,ICAP,29394
29395,5432,UDP,MSSQL,29395
29396,443,TCP,HTTPS,29396
29397,53,UDP,FTP,29397
29398,5222,UDP,RDP,29398
29399,23,TCP,HPSERVICE,29399
29400,3128,TCP,ACMSODA,29400
29401,5900,UDP,FTP,29401
29402,23,TCP,HPSERVICE,29402
29403,3689,TCP,ICAP,29403
29404,10001,TCP,UBIQUITY,29404
29405,22,UDP,VNC,29405
29406,5061,TCP,VNC,29406
29407,500,UDP,DAAPD,29407
29408,443,TCP,HTTPS,29408
29409,587,UDP,EMS,29409
29410,3128,TCP,SNMP,29410
29411,3389,TCP,MSSQL,29411
29412,21,TCP,EMS,29412
29413,443,TCP,IRDMI,29413
29414,993,UDP,SNMP,29414
29415,993,TCP,RDP,29415
29416,1344,TCP,ISAKMP,29416
29417,22,UDP,VNC,29417
29418,5060,UDP,EMS,29418
29419,53,UDP,NETBIOS,29419
29420,443,TCP,HTTPS,29420
29421,161,TCP,TELNET,29421
29422,1344,UDP,SSH,29422
29423,3689,TCP,HTTP,29423
29424,22,UDP,ISAKMP,29424
29425,8080,UDP,ZABBIX,29425
29426,443,TCP,HTTPS,29426
29427,23,TCP,HPSERVICE,29427
29428,443,TCP,UBIQUITY,29428
29429,1433,TCP,SSH,29429
29430,6969,UDP,DNS,29430
29431,8080,UDP,ISAKMP,29431
29432,1344,TCP,NETBIOS,29432
29433,5060,UDP,MSSQL,29433
29434,993,UDP,TELNET,29434
29435,3689,UDP,VNC,29435
29436,993,TCP,DNS,29436
29437,1344,TCP,UBIQUITY,29437
29438,8080,UDP,ZABBIX,29438
29439,10051,TCP,ZABBIX,29439
29440,443,TCP,HTTPS,29440
29441,9100,UDP,NETBIOS,29441
29442,161,TCP,TELNET,29442
29443,80,TCP,HTTPS,29443
29444,993,TCP,RDP,29444
29445,443,TCP,HTTPS,29445
29446,587,UDP,HTTP,29446
29447,3128,TCP,SNMP,29447
29448,3389,TCP,HTTPS,29448
29449,161,UDP,FTP,29449
29450,443,TCP,ACMSODA,29450
29451,443,TCP,HTTPS,29451
29452,993,TCP,NETBIOS,29452
29453,3128,TCP,ACMSODA,29453
29454,5900,TCP,RDP,29454
29455,445,TCP,HTTP,29455
29456,500,TCP,DNS,29456
29457,5061,UDP,PGSQL,29457
29458,445,TCP,IRDMI,29458
29459,53,UDP,DNS,29459
29460,443,TCP,HTTPS,29460
29461,22,UDP,TELNET,29461
29462,80,UDP,RDP,29462
29463,443,TCP,HTTPS,29463
29464,53,TCP,SNMP,29464
29465,3689,UDP,TELNET,29465
29466,3689,TCP,TELNET,29466
29467,80,TCP,HTTP,29467
29468,9100,UDP,PGSQL,29468
29469,9100,TCP,SNMP,29469
29470,80,TCP,HTTP,29470
29471,993,TCP,NETBIOS,29471
29472,80,UDP,IRDMI,29472
29473,5060,TCP,IMAP4,29473
29474,1344,TCP,NETBIOS,29474
29475,53,UDP,DNS,29475
29476,137,TCP,HTTPS,29476
29477,443,TCP,HTTPS,29477
29478,8000,TCP,ICAP,29478
29479,5432,UDP,MSSQL,29479
29480,993,TCP,IMAP4,29480
29481,993,TCP,RDP,29481
29482,443,TCP,HTTPS,29482
29483,53,UDP,DNS,29483
29484,1344,TCP,NETBIOS,29484
29485,5432,UDP,ACMSODA,29485
29486,10001,TCP,MDS,29486
29487,443,TCP,HTTPS,29487
29488,5061,TCP,ICAP,29488
29489,443,TCP,HTTPS,29489
29490,5900,UDP,SIP,29490
29491,993,UDP,PGSQL,29491
29492,137,TCP,FTP,29492
29493,1344,TCP,SSH,29493
29494,5900,UDP,NETBIOS,29494
29495,21,UDP,SIP,29495
29496,161,TCP,SSH,29496
29497,993,UDP,ISAKMP,29497
29498,5060,TCP,NETBIOS,29498
29499,80,TCP,HTTP,29499
29500,5060,TCP,NETBIOS,29500
29501,443,TCP,TELNET,29501
29502,5432,UDP,VNC,29502
29503,443,TCP,HTTPS,29503
29504,3689,TCP,HPSERVICE,29504
29505,5432,UDP,MSSQL,29505
29506,5222,TCP,MDS,29506
29507,80,UDP,EMS,29507
29508,5432,UDP,MSSQL,29508
29509,5432,UDP,DNS,29509
29510,5222,UDP,EMS,29510
29511,445,TCP,SSH,29511
29512,22,UDP,VNC,29512
29513,443,TCP,HTTPS,29513
29514,6969,UDP,ZABBIX,29514
29515,443,UDP,MDS,29515
29516,443,TCP,HTTP,29516
29517,993,UDP,DAAPD,29517
29518,1344,UDP,RDP,29518
29519,53,UDP,ISAKMP,29519
29520,161,UDP,SNMP,29520
29521,21,UDP,UBIQUITY,29521
29522,587,UDP,EMS,29522
29523,5432,TCP,DAAPD,29523
29524,53,UDP,VNC,29524
29525,23,TCP,DAAPD,29525
29526,53,TCP,SNMP,29526
29527,445,TCP,TELNET,29527
29528,6969,TCP,IMAP4,29528
29529,993,TCP,SSH,29529
29530,993,TCP,NETBIOS,29530
29531,23,TCP,HPSERVICE,29531
29532,5432,TCP,HTTPS,29532
29533,80,TCP,HTTP,29533
29534,3128,UDP,MSSQL,29534
29535,21,UDP,UBIQUITY,29535
29536,21,UDP,MSSQL,29536
29537,53,UDP,XMPP,29537
29538,138,TCP,ICAP,29538
29539,10051,UDP,VNC,29539
29540,161,UDP,PGSQL,29540
29541,80,TCP,HTTP,29541
29542,1344,TCP,IMAP4,29542
29543,443,TCP,UBIQUITY,29543
29544,1433,TCP,PGSQL,29544
29545,5061,UDP,TELNET,29545
29546,21,UDP,SSH,29546
29547,137,TCP,XMPP,29547
29548,53,UDP,DNS,29548
29549,587,UDP,EMS,29549
29550,500,TCP,DNS,29550
29551,3389,TCP,HPSERVICE,29551
29552,443,TCP,HTTPS,29552
29553,9100,UDP,MDS,29553
29554,443,TCP,HTTPS,29554
29555,6969,UDP,ZABBIX,29555
29556,8000,UDP,MDS,29556
29557,80,UDP,SNMP,29557
29558,9100,TCP,RDP,29558
29559,80,TCP,FTP,29559
29560,22,UDP,SNMP,29560
29561,5900,UDP,HTTP,29561
29562,3389,TCP,SSH,29562
29563,3689,TCP,SSH,29563
29564,5061,TCP,DAAPD,29564
29565,443,TCP,HTTPS,29565
29566,443,TCP,HTTPS,29566
29567,161,UDP,FTP,29567
29568,161,UDP,FTP,29568
29569,5432,UDP,DNS,29569
29570,5900,UDP,NETBIOS,29570
29571,21,UDP,ACMSODA,29571
29572,993,TCP,DNS,29572
29573,22,UDP,SIP,29573
29574,137,TCP,IRDMI,29574
29575,80,TCP,HTTP,29575
29576,80,TCP,HPSERVICE,29576
29577,53,UDP,DNS,29577
29578,3128,UDP,ICAP,29578
29579,1433,UDP,ACMSODA,29579
29580,80,TCP,HTTP,29580
29581,443,TCP,HTTPS,29581
29582,443,TCP,HTTPS,29582
29583,3689,TCP,HPSERVICE,29583
29584,445,UDP,MDS,29584
29585,53,UDP,DNS,29585
29586,445,TCP,PGSQL,29586
29587,80,UDP,SIP,29587
29588,5432,TCP,SSH,29588
29589,443,TCP,HTTPS,29589
29590,587,TCP,EMS,29590
29591,161,TCP,DAAPD,29591
29592,587,UDP,IMAP4,29592
29593,587,UDP,ISAKMP,29593
29594,500,TCP,PGSQL,29594
29595,5060,UDP,MSSQL,29595
29596,587,UDP,XMPP,29596
29597,21,UDP,HTTPS,29597
29598,500,UDP,RDP,29598
29599,5432,UDP,HTTPS,29599
29600,80,UDP,ZABBIX,29600
29601,993,TCP,UBIQUITY,29601
29602,5061,TCP,IMAP4,29602
29603,1344,TCP,HPSERVICE,29603
29604,443,TCP,HTTPS,29604
29605,22,UDP,TELNET,29605
29606,587,TCP,SIP,29606
29607,8000,TCP,DNS,29607
29608,10001,UDP,RDP,29608
29609,993,TCP,IMAP4,29609
29610,6969,UDP,ZABBIX,29610
29611,443,TCP,HTTPS,29611
29612,443,TCP,HTTPS,29612
29613,22,TCP,HTTP,29613
29614,5432,TCP,XMPP,29614
29615,21,TCP,HPSERVICE,29615
29616,8080,TCP,HTTP,29616
29617,10051,UDP,SIP,29617
29618,53,UDP,HTTP,29618
29619,5060,UDP,MSSQL,29619
29620,3689,UDP,SSH,29620
29621,8000,UDP,UBIQUITY,29621
29622,443,TCP,HTTPS,29622
29623,500,UDP,TELNET,29623
29624,6969,TCP,SNMP,29624
29625,443,UDP,MDS,29625
29626,80,UDP,EMS,29626
29627,8080,UDP,TELNET,29627
29628,443,TCP,IMAP4,29628
29629,53,UDP,DNS,29629
29630,5061,TCP,ACMSODA,29630
29631,53,TCP,XMPP,29631
29632,23,UDP,IRDMI,29632
29633,1344,TCP,UBIQUITY,29633
29634,3689,UDP,VNC,29634
29635,3689,TCP,HPSERVICE,29635
29636,5222,UDP,ACMSODA,29636
29637,8080,UDP,TELNET,29637
29638,21,UDP,UBIQUITY,29638
29639,587,UDP,ISAKMP,29639
29640,8000,TCP,UBIQUITY,29640
29641,5061,UDP,TELNET,29641
29642,445,TCP,MDS,29642
29643,5900,TCP,FTP,29643
29644,21,UDP,MSSQL,29644
29645,10051,UDP,SIP,29645
29646,80,TCP,HPSERVICE,29646
29647,3689,TCP,HPSERVICE,29647
29648,993,TCP,RDP,29648
29649,3689,TCP,HPSERVICE,29649
29650,161,TCP,XMPP,29650
29651,443,TCP,HTTPS,29651
29652,1344,UDP,MDS,29652
29653,5061,UDP,ACMSODA,29653
29654,8000,TCP,SIP,29654
29655,443,TCP,UBIQUITY,29655
29656,21,TCP,FTP,29656
29657,500,UDP,XMPP,29657
29658,5060,TCP,EMS,29658
29659,1433,UDP,SSH,29659
29660,21,UDP,HTTPS,29660
29661,161,UDP,SSH,29661
29662,3389,TCP,SSH,29662
29663,21,TCP,FTP,29663
29664,443,TCP,HTTPS,29664
29665,21,UDP,MSSQL,29665
29666,80,TCP,HPSERVICE,29666
29667,445,TCP,SSH,29667
29668,1344,TCP,NETBIOS,29668
29669,443,TCP,HTTPS,29669
29670,993,UDP,TELNET,29670
29671,6969,UDP,ZABBIX,29671
29672,5222,TCP,SNMP,29672
29673,23,TCP,HPSERVICE,29673
29674,993,TCP,RDP,29674
29675,3689,TCP,HPSERVICE,29675
29676,443,UDP,HTTPS,29676
29677,5060,TCP,IMAP4,29677
29678,5900,UDP,MDS,29678
29679,8080,UDP,EMS,29679
29680,21,UDP,ACMSODA,29680
29681,443,TCP,HTTPS,29681
29682,5060,UDP,MSSQL,29682
29683,5060,UDP,MSSQL,29683
29684,445,TCP,MDS,29684
29685,445,UDP,UBIQUITY,29685
29686,8080,UDP,ISAKMP,29686
29687,3128,UDP,IRDMI,29687
29688,587,UDP,RDP,29688
29689,1433,TCP,SNMP,29689
29690,21,UDP,RDP,29690
29691,587,UDP,IRDMI,29691
29692,21,UDP,HTTPS,29692
29693,500,UDP,RDP,29693
29694,10051,UDP,DNS,29694
29695,138,UDP,NETBIOS,29695
29696,80,UDP,SNMP,29696
29697,9100,TCP,IMAP4,29697
29698,8000,TCP,UBIQUITY,29698
29699,21,TCP,EMS,29699
29700,1344,UDP,ICAP,29700
29701,443,TCP,HTTPS,29701
29702,5432,UDP,IMAP4,29702
29703,993,UDP,PGSQL,29703
29704,1433,TCP,XMPP,29704
29705,23,UDP,MDS,29705
29706,5061,TCP,XMPP,29706
29707,500,TCP,HPSERVICE,29707
29708,993,TCP,IMAP4,29708
29709,443,TCP,HTTPS,29709
29710,9100,UDP,PGSQL,29710
29711,6969,TCP,RDP,29711
29712,5432,UDP,DNS,29712
29713,1344,TCP,IMAP4,29713
29714,443,TCP,HTTPS,29714
29715,5222,UDP,MDS,29715
29716,1433,TCP,EMS,29716
29717,1433,TCP,UBIQUITY,29717
29718,993,TCP,NETBIOS,29718
29719,5060,TCP,ACMSODA,29719
29720,3389,UDP,SNMP,29720
29721,5222,TCP,ICAP,29721
29722,10051,UDP,VNC,29722
29723,80,UDP,ZABBIX,29723
29724,445,UDP,DAAPD,29724
29725,3128,TCP,HPSERVICE,29725
29726,6969,TCP,HTTPS,29726
29727,9100,UDP,MDS,29727
29728,137,TCP,PGSQL,29728
29729,443,TCP,HTTPS,29729
29730,8000,TCP,MSSQL,29730
29731,138,UDP,UBIQUITY,29731
29732,500,TCP,IMAP4,29732
29733,1344,UDP,HTTPS,29733
29734,3689,TCP,TELNET,29734
29735,53,UDP,DNS,29735
29736,9100,UDP,ZABBIX,29736
29737,53,UDP,DNS,29737
29738,10051,UDP,SIP,29738
29739,10051,TCP,EMS,29739
29740,161,TCP,IMAP4,29740
29741,8000,UDP,HPSERVICE,29741
29742,5432,UDP,ACMSODA,29742
29743,1433,TCP,PGSQL,29743
29744,21,UDP,ACMSODA,29744
29745,5060,TCP,MDS,29745
29746,443,TCP,HTTPS,29746
29747,443,TCP,HTTP,29747
29748,5060,UDP,HTTPS,29748
29749,443,TCP,HTTPS,29749
29750,53,UDP,DNS,29750
29751,22,UDP,TELNET,29751
29752,443,TCP,HTTPS,29752
29753,500,TCP,SIP,29753
29754,5222,TCP,SNMP,29754
29755,5061,UDP,SNMP,29755
29756,443,TCP,HTTPS,29756
29757,3128,UDP,ICAP,29757
29758,5061,UDP,ACMSODA,29758
29759,9100,UDP,PGSQL,29759
29760,3128,UDP,ICAP,29760
29761,443,TCP,HTTP,29761
29762,587,UDP,HTTP,29762
29763,138,UDP,HPSERVICE,29763
29764,5900,UDP,EMS,29764
29765,8080,UDP,SNMP,29765
29766,443,TCP,HTTPS,29766
29767,10001,TCP,HPSERVICE,29767
29768,3389,UDP,EMS,29768
29769,8000,UDP,DNS,29769
29770,10001,UDP,SSH,29770
29771,5061,UDP,TELNET,29771
29772,443,TCP,HTTPS,29772
29773,9100,TCP,FTP,29773
29774,5060,UDP,TELNET,29774
29775,137,TCP,SSH,29775
29776,22,TCP,ZABBIX,29776
29777,3389,UDP,SNMP,29777
29778,1433,TCP,SSH,29778
29779,443,TCP,HTTPS,29779
29780,5060,TCP,NETBIOS,29780
29781,8080,UDP,TELNET,29781
29782,1344,UDP,SSH,29782
29783,8000,TCP,UBIQUITY,29783
29784,5060,TCP,IMAP4,29784
29785,8080,UDP,FTP,29785
29786,53,TCP,SNMP,29786
29787,443,TCP,HTTPS,29787
29788,8000,TCP,ICAP,29788
29789,443,TCP,HTTPS,29789
29790,3128,UDP,ICAP,29790
29791,5060,UDP,DAAPD,29791
29792,5900,UDP,NETBIOS,29792
29793,8080,UDP,IRDMI,29793
29794,1344,TCP,UBIQUITY,29794
29795,1344,UDP,HTTP,29795
29796,9100,TCP,PGSQL,29796
29797,6969,TCP,IMAP4,29797
29798,53,TCP,SNMP,29798
29799,21,UDP,XMPP,29799
29800,443,UDP,HTTPS,29800
29801,443,TCP,HTTPS,29801
29802,1433,TCP,UBIQUITY,29802
29803,443,TCP,HTTPS,29803
29804,53,UDP,DNS,29804
29805,6969,TCP,IMAP4,29805
29806,53,TCP,SNMP,29806
29807,10001,TCP,MDS,29807
29808,445,TCP,SSH,29808
29809,5432,UDP,ISAKMP,29809
29810,443,TCP,IMAP4,29810
29811,3689,TCP,ACMSODA,29811
29812,3128,UDP,ICAP,29812
29813,443,TCP,HTTPS,29813
29814,161,TCP,MSSQL,29814
29815,21,TCP,VNC,29815
29816,445,UDP,HTTP,29816
29817,21,UDP,MSSQL,29817
29818,21,TCP,FTP,29818
29819,1433,UDP,ZABBIX,29819
29820,443,UDP,HTTPS,29820
29821,993,TCP,NETBIOS,29821
29822,161,TCP,IMAP4,29822
29823,10051,UDP,MDS,29823
29824,5222,TCP,EMS,29824
29825,993,UDP,TELNET,29825
29826,22,UDP,ACMSODA,29826
29827,443,TCP,HTTPS,29827
29828,22,UDP,SNMP,29828
29829,1433,TCP,SNMP,29829
29830,587,UDP,TELNET,29830
29831,3389,UDP,SNMP,29831
29832,161,TCP,IMAP4,29832
29833,8000,UDP,HTTP,29833
29834,3689,TCP,PGSQL,29834
29835,443,TCP,HTTPS,29835
29836,138,TCP,DNS,29836
29837,161,TCP,XMPP,29837
29838,443,TCP,HTTPS,29838
29839,5061,UDP,TELNET,29839
29840,587,UDP,RDP,29840
29841,23,TCP,HPSERVICE,29841
29842,80,UDP,SNMP,29842
29843,3689,UDP,ACMSODA,29843
29844,5060,TCP,HTTPS,29844
29845,5060,TCP,XMPP,29845
29846,443,UDP,MDS,29846
29847,443,TCP,HTTPS,29847
29848,1344,TCP,ISAKMP,29848
29849,443,UDP,ICAP,29849
29850,443,TCP,HTTPS,29850
29851,443,TCP,DAAPD,29851
29852,53,TCP,MSSQL,29852
29853,137,UDP,RDP,29853
29854,443,TCP,TELNET,29854
29855,443,TCP,SIP,29855
29856,22,TCP,SSH,29856
29857,3689,TCP,ICAP,29857
29858,6969,UDP,DNS,29858
29859,587,UDP,RDP,29859
29860,5432,UDP,ICAP,29860
29861,10051,TCP,ISAKMP,29861
29862,21,UDP,SIP,29862
29863,1433,TCP,MSSQL,29863
29864,21,TCP,FTP,29864
29865,500,TCP,PGSQL,29865
29866,23,TCP,FTP,29866
29867,161,UDP,VNC,29867
29868,443,TCP,HTTPS,29868
29869,10001,UDP,ZABBIX,29869
29870,53,UDP,DNS,29870
29871,443,TCP,HTTPS,29871
29872,80,UDP,ZABBIX,29872
29873,445,UDP,HTTP,29873
29874,1433,TCP,ISAKMP,29874
29875,1433,TCP,XMPP,29875
29876,53,UDP,DNS,29876
29877,53,UDP,DNS,29877
29878,5432,UDP,ACMSODA,29878
29879,443,TCP,HTTPS,29879
29880,3128,TCP,ACMSODA,29880
29881,3128,UDP,IRDMI,29881
29882,5222,UDP,SSH,29882
29883,138,TCP,ACMSODA,29883
29884,5432,UDP,DNS,29884
29885,22,TCP,HPSERVICE,29885
29886,138,TCP,IRDMI,29886
29887,500,UDP,DAAPD,29887
29888,500,TCP,IMAP4,29888
29889,10001,TCP,MDS,29889
29890,21,TCP,IMAP4,29890
29891,443,TCP,HTTPS,29891
29892,9100,TCP,RDP,29892
29893,23,UDP,SIP,29893
29894,5061,TCP,VNC,29894
29895,8080,UDP,FTP,29895
29896,138,UDP,UBIQUITY,29896
29897,161,TCP,IRDMI,29897
29898,23,UDP,MDS,29898
29899,5900,TCP,RDP,29899
29900,80,UDP,SNMP,29900
29901,21,TCP,FTP,29901
29902,1433,TCP,SSH,29902
29903,443,TCP,HTTPS,29903
29904,161,UDP,SSH,29904
29905,445,UDP,TELNET,29905
29906,137,UDP,UBIQUITY,29906
29907,5060,UDP,MDS,29907
29908,9100,UDP,DNS,29908
29909,22,UDP,VNC,29909
29910,80,TCP,HTTP,29910
29911,8000,UDP,DNS,29911
29912,443,TCP,HTTPS,29912
29913,993,TCP,DNS,29913
29914,443,TCP,HTTPS,29914
29915,5061,TCP,MDS,29915
29916,5222,UDP,DNS,29916
29917,161,TCP,RDP,29917
29918,5222,UDP,SSH,29918
29919,5060,TCP,ACMSODA,29919
29920,137,TCP,RDP,29920
29921,80,TCP,FTP,29921
29922,3689,UDP,HTTP,29922
29923,9100,TCP,IRDMI,29923
29924,500,UDP,RDP,29924
29925,137,TCP,RDP,29925
29926,21,UDP,RDP,29926
29927,23,UDP,MDS,29927
29928,9100,UDP,DAAPD,29928
29929,8080,TCP,MSSQL,29929
29930,10001,TCP,MDS,29930
29931,3689,TCP,TELNET,29931
29932,443,TCP,HTTPS,29932
29933,5900,TCP,PGSQL,29933
29934,22,UDP,TELNET,29934
29935,161,TCP,IMAP4,29935
29936,138,TCP,XMPP,29936
29937,1344,UDP,UBIQUITY,29937
29938,3689,UDP,XMPP,29938
29939,443,TCP,DAAPD,29939
29940,5060,UDP,MDS,29940
29941,3689,UDP,SNMP,29941
29942,53,UDP,DNS,29942
29943,3128,UDP,ZABBIX,29943
29944,53,UDP,DNS,29944
29945,3389,TCP,EMS,29945
29946,993,TCP,IMAP4,29946
29947,443,TCP,HTTPS,29947
29948,443,UDP,SNMP,29948
29949,9100,UDP,SNMP,29949
29950,443,TCP,UBIQUITY,29950
29951,8080,TCP,ACMSODA,29951
29952,5060,TCP,ICAP,29952
29953,80,TCP,HTTP,29953
29954,53,UDP,DNS,29954
29955,9100,UDP,PGSQL,29955
29956,443,TCP,HTTPS,29956
29957,5222,UDP,SSH,29957
29958,22,TCP,HTTP,29958
29959,21,TCP,FTP,29959
29960,80,UDP,HTTP,29960
29961,1433,UDP,SSH,29961
29962,9100,UDP,DAAPD,29962
29963,21,TCP,FTP,29963
29964,53,UDP,DNS,29964
29965,445,UDP,DNS,29965
29966,443,TCP,IRDMI,29966
29967,80,UDP,ZABBIX,29967
29968,8080,TCP,ACMSODA,29968
29969,3389,TCP,HTTPS,29969
29970,138,UDP,HPSERVICE,29970
29971,9100,TCP,SSH,29971
29972,443,UDP,HTTPS,29972
29973,993,TCP,IMAP4,29973
29974,5900,UDP,SSH,29974
29975,161,UDP,UBIQUITY,29975
29976,443,UDP,HPSERVICE,29976
29977,1344,TCP,TELNET,29977
29978,10051,TCP,SIP,29978
29979,443,TCP,HTTPS,29979
29980,8080,TCP,FTP,29980
29981,3128,UDP,ICAP,29981
29982,5060,TCP,NETBIOS,29982
29983,5061,UDP,EMS,29983
29984,443,TCP,HTTPS,29984
29985,500,TCP,IMAP4,29985
29986,3689,UDP,MDS,29986
29987,443,UDP,ACMSODA,29987
29988,443,TCP,HTTPS,29988
29989,443,TCP,HTTPS,29989
29990,8000,TCP,HTTPS,29990
29991,5900,UDP,EMS,29991
29992,22,UDP,SIP,29992
29993,3689,TCP,TELNET,29993
29994,443,TCP,HTTPS,29994
29995,1344,TCP,TELNET,29995
29996,10051,UDP,HPSERVICE,29996
29997,22,TCP,UBIQUITY,29997
29998,21,TCP,HPSERVICE,29998
29999,443,UDP,HTTPS,29999
30000,443,TCP,HTTPS,30000
30001,21,UDP,HTTPS,30001
30002,443,TCP,HTTPS,30002
30003,21,UDP,MSSQL,30003
30004,443,TCP,UBIQUITY,30004
30005,138,TCP,IRDMI,30005
30006,443,TCP,HTTPS,30006
30007,443,TCP,RDP,30007
30008,53,UDP,DNS,30008
30009,500,TCP,PGSQL,30009
30010,138,TCP,IRDMI,30010
30011,587,UDP,IRDMI,30011
30012,21,UDP,RDP,30012
30013,5432,UDP,NETBIOS,30013
30014,21,TCP,HPSERVICE,30014
30015,8000,TCP,SSH,30015
30016,500,UDP,XMPP,30016
30017,10051,UDP,MSSQL,30017
30018,1344,TCP,NETBIOS,30018
30019,6969,UDP,MSSQL,30019
30020,10051,UDP,ICAP,30020
30021,80,UDP,ZABBIX,30021
30022,10051,UDP,DNS,30022
30023,53,UDP,DNS,30023
30024,22,TCP,UBIQUITY,30024
30025,23,UDP,MDS,30025
30026,443,TCP,HTTPS,30026
30027,5432,TCP,SSH,30027
30028,5222,TCP,ICAP,30028
30029,3689,UDP,FTP,30029
30030,8080,UDP,ICAP,30030
30031,5222,UDP,EMS,30031
30032,443,UDP,ISAKMP,30032
30033,21,UDP,SSH,30033
30034,5222,UDP,MDS,30034
30035,445,TCP,MDS,30035
30036,443,TCP,IRDMI,30036
30037,8080,UDP,ISAKMP,30037
30038,5060,TCP,SIP,30038
30039,138,TCP,ACMSODA,30039
30040,10051,TCP,SSH,30040
30041,6969,TCP,IMAP4,30041
30042,9100,TCP,SNMP,30042
30043,5900,UDP,ISAKMP,30043
30044,22,TCP,UBIQUITY,30044
30045,5222,TCP,ICAP,30045
30046,53,UDP,VNC,30046
30047,3389,UDP,SNMP,30047
30048,9100,TCP,IRDMI,30048
30049,138,TCP,IRDMI,30049
30050,161,UDP,FTP,30050
30051,10001,UDP,FTP,30051
30052,5222,TCP,FTP,30052
30053,161,UDP,VNC,30053
30054,3128,UDP,MSSQL,30054
30055,587,UDP,TELNET,30055
30056,23,UDP,FTP,30056
30057,80,UDP,IRDMI,30057
30058,21,UDP,ACMSODA,30058
30059,443,TCP,HTTPS,30059
30060,443,TCP,HTTPS,30060
30061,161,UDP,PGSQL,30061
30062,500,TCP,DNS,30062
30063,80,TCP,HTTPS,30063
30064,8080,UDP,TELNET,30064
30065,23,UDP,FTP,30065
30066,587,TCP,ACMSODA,30066
30067,53,UDP,NETBIOS,30067
30068,137,TCP,IRDMI,30068
30069,80,UDP,SNMP,30069
30070,80,TCP,FTP,30070
30071,443,TCP,TELNET,30071
30072,22,UDP,SIP,30072
30073,23,UDP,XMPP,30073
30074,443,TCP,HTTPS,30074
30075,21,TCP,VNC,30075
30076,80,TCP,HTTP,30076
30077,10001,UDP,DAAPD,30077
30078,138,TCP,ICAP,30078
30079,443,TCP,HTTPS,30079
30080,137,TCP,PGSQL,30080
30081,443,TCP,HTTPS,30081
30082,10051,UDP,VNC,30082
30083,443,TCP,HTTPS,30083
30084,3389,TCP,MSSQL,30084
30085,137,TCP,ACMSODA,30085
30086,137,TCP,HTTPS,30086
30087,443,TCP,HTTPS,30087
30088,138,TCP,IRDMI,30088
30089,5060,UDP,HTTPS,30089
30090,5061,TCP,XMPP,30090
30091,500,TCP,SSH,30091
30092,5061,UDP,SNMP,30092
30093,5222,TCP,EMS,30093
30094,21,UDP,MSSQL,30094
30095,5432,UDP,ISAKMP,30095
30096,1433,UDP,HPSERVICE,30096
30097,587,UDP,ICAP,30097
30098,993,TCP,PGSQL,30098
30099,80,UDP,HTTP,30099
30100,3128,UDP,ICAP,30100
30101,21,UDP,HTTPS,30101
30102,443,TCP,HTTPS,30102
30103,6969,TCP,HTTPS,30103
30104,21,UDP,HTTPS,30104
30105,5222,TCP,ICAP,30105
30106,22,TCP,UBIQUITY,30106
30107,23,TCP,HPSERVICE,30107
30108,8000,TCP,DNS,30108
30109,443,TCP,HTTPS,30109
30110,21,TCP,FTP,30110
30111,138,UDP,VNC,30111
30112,10051,UDP,SIP,30112
30113,10051,UDP,DNS,30113
30114,10051,TCP,ISAKMP,30114
30115,5061,UDP,TELNET,30115
30116,443,TCP,HTTPS,30116
30117,161,TCP,DAAPD,30117
30118,587,TCP,RDP,30118
30119,8000,TCP,MSSQL,30119
30120,53,TCP,SNMP,30120
30121,8000,UDP,ICAP,30121
30122,993,TCP,RDP,30122
30123,443,TCP,HTTPS,30123
30124,5222,TCP,SIP,30124
30125,443,UDP,MDS,30125
30126,23,TCP,HPSERVICE,30126
30127,80,UDP,XMPP,30127
30128,5900,UDP,TELNET,30128
30129,5222,UDP,SSH,30129
30130,443,TCP,HTTPS,30130
30131,80,TCP,HTTP,30131
30132,3128,UDP,ICAP,30132
30133,6969,UDP,ZABBIX,30133
30134,5900,UDP,HTTP,30134
30135,3389,TCP,HPSERVICE,30135
30136,3128,UDP,VNC,30136
30137,53,UDP,ISAKMP,30137
30138,8080,UDP,EMS,30138
30139,3128,TCP,HTTPS,30139
30140,161,TCP,MSSQL,30140
30141,587,UDP,XMPP,30141
30142,445,UDP,IMAP4,30142
30143,443,TCP,HTTP,30143
30144,1433,TCP,MDS,30144
30145,443,TCP,HTTPS,30145
30146,80,TCP,HTTP,30146
30147,5060,UDP,FTP,30147
30148,443,TCP,HTTPS,30148
30149,443,TCP,HTTPS,30149
30150,3128,UDP,VNC,30150
30151,5061,TCP,MDS,30151
30152,587,UDP,IMAP4,30152
30153,5900,UDP,MSSQL,30153
30154,445,UDP,IMAP4,30154
30155,138,TCP,DNS,30155
30156,80,UDP,SIP,30156
30157,445,TCP,MDS,30157
30158,5061,UDP,ACMSODA,30158
30159,5222,UDP,SSH,30159
30160,138,TCP,ACMSODA,30160
30161,1344,TCP,UBIQUITY,30161
30162,5432,TCP,XMPP,30162
30163,10001,UDP,TELNET,30163
30164,3689,UDP,MSSQL,30164
30165,5222,UDP,MDS,30165
30166,9100,UDP,PGSQL,30166
30167,80,TCP,FTP,30167
30168,587,TCP,RDP,30168
30169,443,UDP,ICAP,30169
30170,53,UDP,ISAKMP,30170
30171,5060,UDP,MDS,30171
30172,443,UDP,MDS,30172
30173,443,TCP,HTTPS,30173
30174,5060,UDP,UBIQUITY,30174
30175,10001,UDP,DAAPD,30175
30176,8080,UDP,ICAP,30176
30177,6969,TCP,SIP,30177
30178,23,UDP,SIP,30178
30179,443,TCP,HTTPS,30179
30180,10051,UDP,MDS,30180
30181,3128,UDP,ICAP,30181
30182,80,UDP,ZABBIX,30182
30183,5900,TCP,RDP,30183
30184,22,TCP,UBIQUITY,30184
30185,587,TCP,PGSQL,30185
30186,993,TCP,IMAP4,30186
30187,21,TCP,EMS,30187
30188,500,TCP,DNS,30188
30189,500,UDP,DNS,30189
30190,587,TCP,RDP,30190
30191,3689,UDP,SSH,30191
30192,5432,UDP,IMAP4,30192
30193,5432,UDP,MSSQL,30193
30194,443,TCP,HTTPS,30194
30195,22,TCP,UBIQUITY,30195
30196,53,UDP,NETBIOS,30196
30197,21,TCP,FTP,30197
30198,9100,UDP,ZABBIX,30198
30199,138,UDP,IRDMI,30199
30200,445,UDP,DNS,30200
30201,80,TCP,HTTPS,30201
30202,3389,TCP,MSSQL,30202
30203,443,TCP,HTTPS,30203
30204,443,TCP,HTTPS,30204
30205,5060,UDP,FTP,30205
30206,443,TCP,HTTPS,30206
30207,445,TCP,TELNET,30207
30208,3128,TCP,HPSERVICE,30208
30209,8000,TCP,UBIQUITY,30209
30210,443,TCP,HTTPS,30210
30211,6969,TCP,IMAP4,30211
30212,5060,UDP,PGSQL,30212
30213,1433,TCP,PGSQL,30213
30214,3389,UDP,IRDMI,30214
30215,443,TCP,HTTPS,30215
30216,53,UDP,DNS,30216
30217,5432,UDP,ACMSODA,30217
30218,443,TCP,HTTPS,30218
30219,1344,TCP,NETBIOS,30219
30220,5432,UDP,ICAP,30220
30221,993,TCP,DNS,30221
30222,445,UDP,SNMP,30222
30223,587,UDP,EMS,30223
30224,443,TCP,HTTPS,30224
30225,3689,TCP,HPSERVICE,30225
30226,161,UDP,SIP,30226
30227,443,TCP,HTTPS,30227
30228,443,TCP,HTTPS,30228
30229,8000,UDP,SIP,30229
30230,443,TCP,HTTPS,30230
30231,3389,UDP,ZABBIX,30231
30232,10051,UDP,SIP,30232
30233,5900,TCP,RDP,30233
30234,443,TCP,HTTPS,30234
30235,993,TCP,IMAP4,30235
30236,137,TCP,HTTPS,30236
30237,5900,UDP,DAAPD,30237
30238,80,UDP,HTTP,30238
30239,10051,TCP,ISAKMP,30239
30240,993,TCP,ISAKMP,30240
30241,993,UDP,DAAPD,30241
30242,5060,UDP,MSSQL,30242
30243,80,TCP,HPSERVICE,30243
30244,9100,UDP,SNMP,30244
30245,3128,UDP,ICAP,30245
30246,3689,UDP,SNMP,30246
30247,1433,UDP,XMPP,30247
30248,161,UDP,VNC,30248
30249,443,TCP,HTTPS,30249
30250,443,TCP,UBIQUITY,30250
30251,5060,TCP,ACMSODA,30251
30252,9100,UDP,DAAPD,30252
30253,993,TCP,NETBIOS,30253
30254,5060,UDP,TELNET,30254
30255,161,TCP,TELNET,30255
30256,21,UDP,FTP,30256
30257,80,UDP,HTTP,30257
30258,6969,UDP,DAAPD,30258
30259,587,TCP,ACMSODA,30259
30260,443,TCP,HTTPS,30260
30261,9100,UDP,MDS,30261
30262,445,TCP,SSH,30262
30263,6969,TCP,ZABBIX,30263
30264,5060,TCP,HTTPS,30264
30265,5900,UDP,EMS,30265
30266,3389,TCP,SSH,30266
30267,500,UDP,TELNET,30267
30268,445,TCP,HPSERVICE,30268
30269,443,TCP,RDP,30269
30270,137,TCP,HTTPS,30270
30271,3128,UDP,SNMP,30271
30272,80,TCP,HTTP,30272
30273,5061,TCP,VNC,30273
30274,22,TCP,FTP,30274
30275,8000,TCP,SIP,30275
30276,993,UDP,ZABBIX,30276
30277,5060,TCP,ACMSODA,30277
30278,23,UDP,SIP,30278
30279,443,TCP,HTTPS,30279
30280,500,UDP,VNC,30280
30281,3689,UDP,ACMSODA,30281
30282,1344,TCP,UBIQUITY,30282
30283,587,UDP,IRDMI,30283
30284,80,UDP,SIP,30284
30285,5900,UDP,MDS,30285
30286,3689,UDP,IMAP4,30286
30287,443,TCP,HTTPS,30287
30288,3389,UDP,SNMP,30288
30289,138,TCP,DNS,30289
30290,500,UDP,XMPP,30290
30291,137,TCP,PGSQL,30291
30292,5222,TCP,SNMP,30292
30293,22,TCP,VNC,30293
30294,3689,TCP,PGSQL,30294
30295,80,TCP,HTTP,30295
30296,500,UDP,HPSERVICE,30296
30297,22,UDP,VNC,30297
30298,10001,TCP,EMS,30298
30299,443,TCP,HTTPS,30299
30300,500,TCP,DNS,30300
30301,500,UDP,XMPP,30301
30302,5900,UDP,EMS,30302
30303,10051,UDP,PGSQL,30303
30304,500,TCP,IMAP4,30304
30305,5060,UDP,MSSQL,30305
30306,443,TCP,HTTPS,30306
30307,137,TCP,HTTPS,30307
30308,5432,TCP,DAAPD,30308
30309,5432,UDP,MSSQL,30309
30310,443,TCP,HTTPS,30310
30311,500,UDP,RDP,30311
30312,80,TCP,HTTP,30312
30313,3389,TCP,MSSQL,30313
30314,993,TCP,NETBIOS,30314
30315,5432,TCP,SSH,30315
30316,993,TCP,RDP,30316
30317,3389,TCP,MSSQL,30317
30318,443,TCP,HTTPS,30318
30319,21,UDP,UBIQUITY,30319
30320,445,TCP,SSH,30320
30321,5222,UDP,RDP,30321
30322,8080,UDP,FTP,30322
30323,137,TCP,MSSQL,30323
30324,1433,TCP,EMS,30324
30325,5222,TCP,EMS,30325
30326,5060,TCP,NETBIOS,30326
30327,1433,TCP,ISAKMP,30327
30328,8080,UDP,ACMSODA,30328
30329,443,TCP,HTTPS,30329
30330,5222,TCP,TELNET,30330
30331,6969,TCP,ACMSODA,30331
30332,5060,UDP,DAAPD,30332
30333,6969,TCP,IMAP4,30333
30334,3689,UDP,MSSQL,30334
30335,21,UDP,HTTPS,30335
30336,8080,UDP,ACMSODA,30336
30337,138,TCP,ICAP,30337
30338,80,UDP,ZABBIX,30338
30339,443,TCP,HTTP,30339
30340,1344,UDP,ISAKMP,30340
30341,21,UDP,SIP,30341
30342,443,UDP,HTTPS,30342
30343,445,TCP,SSH,30343
30344,53,UDP,DNS,30344
30345,587,TCP,RDP,30345
30346,138,TCP,ISAKMP,30346
30347,1344,UDP,EMS,30347
30348,5900,UDP,SIP,30348
30349,443,TCP,HPSERVICE,30349
30350,1344,TCP,NETBIOS,30350
30351,1344,TCP,SNMP,30351
30352,8000,UDP,HPSERVICE,30352
30353,138,UDP,VNC,30353
30354,80,TCP,HTTP,30354
30355,6969,TCP,SIP,30355
30356,993,TCP,NETBIOS,30356
30357,21,TCP,IMAP4,30357
30358,8080,UDP,TELNET,30358
30359,5060,UDP,NETBIOS,30359
30360,3689,TCP,PGSQL,30360
30361,22,TCP,HPSERVICE,30361
30362,53,UDP,ZABBIX,30362
30363,1433,TCP,ISAKMP,30363
30364,443,TCP,HTTPS,30364
30365,445,UDP,DNS,30365
30366,8080,UDP,TELNET,30366
30367,53,UDP,TELNET,30367
30368,443,TCP,TELNET,30368
30369,8080,TCP,EMS,30369
30370,993,UDP,TELNET,30370
30371,500,TCP,DNS,30371
30372,445,TCP,HPSERVICE,30372
30373,5432,UDP,MSSQL,30373
30374,1344,TCP,TELNET,30374
30375,80,UDP,XMPP,30375
30376,5060,TCP,IMAP4,30376
30377,587,UDP,TELNET,30377
30378,500,UDP,DAAPD,30378
30379,138,TCP,MSSQL,30379
30380,161,TCP,IMAP4,30380
30381,443,TCP,HTTP,30381
30382,161,UDP,SSH,30382
30383,443,TCP,HTTPS,30383
30384,5900,TCP,FTP,30384
30385,443,TCP,HTTPS,30385
30386,1344,TCP,TELNET,30386
30387,5060,UDP,DAAPD,30387
30388,587,TCP,UBIQUITY,30388
30389,10051,UDP,MSSQL,30389
30390,5061,TCP,ACMSODA,30390
30391,5060,UDP,MSSQL,30391
30392,1433,TCP,MDS,30392
30393,53,UDP,DNS,30393
30394,21,TCP,FTP,30394
30395,21,UDP,ACMSODA,30395
30396,3689,TCP,ICAP,30396
30397,22,TCP,FTP,30397
30398,21,TCP,IMAP4,30398
30399,6969,UDP,DNS,30399
30400,137,TCP,RDP,30400
30401,10001,UDP,ICAP,30401
30402,3128,TCP,HTTP,30402
30403,3689,TCP,HPSERVICE,30403
30404,443,TCP,HTTPS,30404
30405,3689,TCP,TELNET,30405
30406,3689,UDP,MDS,30406
30407,1344,TCP,TELNET,30407
30408,443,UDP,HTTPS,30408
30409,5432,UDP,ACMSODA,30409
30410,443,TCP,ACMSODA,30410
30411,3689,TCP,PGSQL,30411
30412,53,UDP,DNS,30412
30413,138,TCP,IRDMI,30413
30414,5432,TCP,DAAPD,30414
30415,1433,UDP,EMS,30415
30416,1433,UDP,XMPP,30416
30417,8080,UDP,TELNET,30417
30418,443,TCP,HTTPS,30418
30419,443,TCP,HTTPS,30419
30420,10051,UDP,SIP,30420
30421,500,TCP,DNS,30421
30422,443,TCP,HTTPS,30422
30423,3128,UDP,SNMP,30423
30424,3689,UDP,SNMP,30424
30425,161,UDP,PGSQL,30425
30426,10051,UDP,VNC,30426
30427,3128,UDP,XMPP,30427
30428,161,UDP,PGSQL,30428
30429,587,UDP,HTTP,30429
30430,10001,UDP,TELNET,30430
30431,21,TCP,FTP,30431
30432,445,UDP,TELNET,30432
30433,80,TCP,EMS,30433
30434,500,UDP,DAAPD,30434
30435,22,TCP,ACMSODA,30435
30436,5432,UDP,MSSQL,30436
30437,443,TCP,HTTPS,30437
30438,443,TCP,HTTPS,30438
30439,137,TCP,HTTPS,30439
30440,5900,UDP,HPSERVICE,30440
30441,3128,UDP,ICAP,30441
30442,1433,TCP,VNC,30442
30443,5060,UDP,RDP,30443
30444,10051,UDP,SIP,30444
30445,993,TCP,SNMP,30445
30446,443,TCP,HTTPS,30446
30447,1433,TCP,EMS,30447
30448,3389,UDP,IRDMI,30448
30449,10051,TCP,ISAKMP,30449
30450,6969,TCP,ZABBIX,30450
30451,3689,UDP,MDS,30451
30452,993,TCP,DNS,30452
30453,138,TCP,RDP,30453
30454,445,UDP,DNS,30454
30455,443,TCP,UBIQUITY,30455
30456,5432,TCP,ACMSODA,30456
30457,137,TCP,HTTPS,30457
30458,3128,UDP,ICAP,30458
30459,587,TCP,ACMSODA,30459
30460,443,TCP,HTTPS,30460
30461,500,TCP,DNS,30461
30462,10051,UDP,ACMSODA,30462
30463,22,UDP,TELNET,30463
30464,1344,TCP,UBIQUITY,30464
30465,5432,UDP,MSSQL,30465
30466,587,UDP,IRDMI,30466
30467,10001,TCP,MDS,30467
30468,1433,UDP,ZABBIX,30468
30469,10051,TCP,ZABBIX,30469
30470,21,TCP,IMAP4,30470
30471,5061,TCP,MDS,30471
30472,587,TCP,RDP,30472
30473,1344,TCP,ISAKMP,30473
30474,80,TCP,HTTP,30474
30475,23,UDP,SIP,30475
30476,21,TCP,EMS,30476
30477,10051,TCP,UBIQUITY,30477
30478,5900,TCP,FTP,30478
30479,3389,UDP,SNMP,30479
30480,22,UDP,ACMSODA,30480
30481,22,TCP,VNC,30481
30482,993,TCP,NETBIOS,30482
30483,8080,UDP,ACMSODA,30483
30484,443,UDP,UBIQUITY,30484
30485,161,UDP,TELNET,30485
30486,10051,TCP,ISAKMP,30486
30487,587,TCP,MDS,30487
30488,22,TCP,UBIQUITY,30488
30489,138,UDP,IMAP4,30489
30490,587,TCP,PGSQL,30490
30491,8000,TCP,HTTPS,30491
30492,21,UDP,XMPP,30492
30493,8080,UDP,ICAP,30493
30494,5900,UDP,NETBIOS,30494
30495,3128,TCP,ACMSODA,30495
30496,3689,UDP,TELNET,30496
30497,1344,TCP,UBIQUITY,30497
30498,8080,UDP,TELNET,30498
30499,23,TCP,HPSERVICE,30499
30500,993,TCP,DNS,30500
30501,5900,UDP,ISAKMP,30501
30502,587,UDP,HPSERVICE,30502
30503,5432,TCP,VNC,30503
30504,9100,TCP,PGSQL,30504
30505,587,TCP,NETBIOS,30505
30506,993,UDP,DAAPD,30506
30507,3689,TCP,TELNET,30507
30508,3128,UDP,IRDMI,30508
30509,10001,TCP,MDS,30509
30510,5900,UDP,FTP,30510
30511,5222,TCP,NETBIOS,30511
30512,445,TCP,SSH,30512
30513,9100,UDP,SSH,30513
30514,3689,TCP,TELNET,30514
30515,445,UDP,DNS,30515
30516,10001,TCP,ZABBIX,30516
30517,5900,UDP,TELNET,30517
30518,3689,TCP,HPSERVICE,30518
30519,445,UDP,DAAPD,30519
30520,8080,TCP,EMS,30520
30521,993,UDP,PGSQL,30521
30522,10001,UDP,FTP,30522
30523,10001,TCP,ISAKMP,30523
30524,443,TCP,HTTPS,30524
30525,8000,UDP,HPSERVICE,30525
30526,80,TCP,HTTP,30526
30527,3689,TCP,HTTP,30527
30528,5432,UDP,RDP,30528
30529,993,UDP,DAAPD,30529
30530,1433,TCP,PGSQL,30530
30531,1433,UDP,MSSQL,30531
30532,500,TCP,HTTPS,30532
30533,22,TCP,UBIQUITY,30533
30534,3689,UDP,SNMP,30534
30535,3128,TCP,HTTP,30535
30536,22,UDP,SSH,30536
30537,443,TCP,HTTPS,30537
30538,5222,TCP,SNMP,30538
30539,8000,UDP,HPSERVICE,30539
30540,443,UDP,ICAP,30540
30541,137,TCP,XMPP,30541
30542,161,UDP,PGSQL,30542
30543,3689,UDP,ICAP,30543
30544,993,UDP,ISAKMP,30544
30545,10051,UDP,DNS,30545
30546,138,UDP,NETBIOS,30546
30547,5900,TCP,MSSQL,30547
30548,500,TCP,DNS,30548
30549,443,TCP,UBIQUITY,30549
30550,9100,UDP,PGSQL,30550
30551,80,TCP,FTP,30551
30552,8080,TCP,HTTP,30552
30553,161,UDP,UBIQUITY,30553
30554,443,TCP,HTTPS,30554
30555,161,TCP,MSSQL,30555
30556,6969,TCP,HTTPS,30556
30557,161,UDP,UBIQUITY,30557
30558,53,UDP,DNS,30558
30559,445,TCP,MDS,30559
30560,1433,TCP,PGSQL,30560
30561,10001,UDP,ZABBIX,30561
30562,443,TCP,HTTPS,30562
30563,3128,UDP,ZABBIX,30563
30564,22,TCP,MSSQL,30564
30565,443,TCP,HTTPS,30565
30566,5900,UDP,SIP,30566
30567,137,TCP,IRDMI,30567
30568,80,UDP,ZABBIX,30568
30569,80,TCP,HTTP,30569
30570,5900,TCP,SNMP,30570
30571,161,TCP,FTP,30571
30572,22,UDP,VNC,30572
30573,80,UDP,SNMP,30573
30574,137,TCP,XMPP,30574
30575,138,UDP,HPSERVICE,30575
30576,10001,UDP,SSH,30576
30577,993,UDP,ZABBIX,30577
30578,9100,UDP,DAAPD,30578
30579,161,TCP,IMAP4,30579
30580,500,TCP,IMAP4,30580
30581,587,TCP,DAAPD,30581
30582,5222,UDP,SSH,30582
30583,22,UDP,ACMSODA,30583
30584,3128,TCP,SNMP,30584
30585,3689,UDP,HPSERVICE,30585
30586,443,TCP,HTTPS,30586
30587,1344,TCP,HPSERVICE,30587
30588,993,UDP,HPSERVICE,30588
30589,21,UDP,RDP,30589
30590,5432,UDP,HTTPS,30590
30591,161,UDP,FTP,30591
30592,80,UDP,ZABBIX,30592
30593,53,UDP,DNS,30593
30594,161,UDP,VNC,30594
30595,21,TCP,HPSERVICE,30595
30596,443,TCP,HTTPS,30596
30597,445,TCP,IRDMI,30597
30598,3689,TCP,SIP,30598
30599,10001,UDP,PGSQL,30599
30600,3689,UDP,UBIQUITY,30600
30601,500,UDP,ICAP,30601
30602,443,UDP,DAAPD,30602
30603,5061,UDP,PGSQL,30603
30604,3128,UDP,VNC,30604
30605,3128,TCP,HTTP,30605
30606,443,TCP,HTTPS,30606
30607,5900,UDP,MDS,30607
30608,3128,UDP,ICAP,30608
30609,3389,TCP,ACMSODA,30609
30610,6969,TCP,HTTPS,30610
30611,10051,UDP,HTTPS,30611
30612,53,UDP,ISAKMP,30612
30613,445,UDP,IMAP4,30613
30614,53,UDP,ISAKMP,30614
30615,23,UDP,FTP,30615
30616,53,UDP,NETBIOS,30616
30617,21,TCP,FTP,30617
30618,10051,UDP,DNS,30618
30619,10001,TCP,MDS,30619
30620,3128,UDP,IRDMI,30620
30621,3689,TCP,ICAP,30621
30622,500,TCP,PGSQL,30622
30623,21,TCP,XMPP,30623
30624,3128,UDP,ICAP,30624
30625,5222,TCP,ICAP,30625
30626,80,TCP,FTP,30626
30627,5432,UDP,DNS,30627
30628,80,TCP,HTTPS,30628
30629,10051,UDP,MDS,30629
30630,10051,UDP,MSSQL,30630
30631,8080,UDP,TELNET,30631
30632,3689,TCP,PGSQL,30632
30633,587,UDP,IRDMI,30633
30634,5061,TCP,DAAPD,30634
30635,22,UDP,VNC,30635
30636,10001,UDP,FTP,30636
30637,22,TCP,HTTP,30637
30638,5432,TCP,RDP,30638
30639,8000,TCP,UBIQUITY,30639
30640,3389,TCP,MSSQL,30640
30641,6969,UDP,DNS,30641
30642,3689,TCP,ACMSODA,30642
30643,5900,UDP,EMS,30643
30644,3128,UDP,ICAP,30644
30645,10051,UDP,VNC,30645
30646,5222,UDP,ICAP,30646
30647,10051,UDP,PGSQL,30647
30648,445,TCP,PGSQL,30648
30649,3689,TCP,HPSERVICE,30649
30650,443,TCP,HTTPS,30650
30651,443,TCP,HTTPS,30651
30652,6969,TCP,IMAP4,30652
30653,500,TCP,FTP,30653
30654,3128,TCP,SNMP,30654
30655,80,TCP,IMAP4,30655
30656,5222,UDP,SSH,30656
30657,5222,TCP,SNMP,30657
30658,10001,UDP,SNMP,30658
30659,5900,TCP,MSSQL,30659
30660,587,UDP,HTTP,30660
30661,443,TCP,HTTPS,30661
30662,21,TCP,EMS,30662
30663,5222,TCP,SNMP,30663
30664,587,UDP,IRDMI,30664
30665,3128,TCP,SNMP,30665
30666,500,UDP,MDS,30666
30667,9100,UDP,ZABBIX,30667
30668,5060,TCP,ACMSODA,30668
30669,8080,UDP,SSH,30669
30670,445,UDP,MDS,30670
30671,80,TCP,HTTP,30671
30672,21,TCP,FTP,30672
30673,443,TCP,HTTPS,30673
30674,445,UDP,HTTP,30674
30675,21,TCP,FTP,30675
30676,21,TCP,EMS,30676
30677,500,TCP,PGSQL,30677
30678,445,UDP,HTTPS,30678
30679,5222,TCP,EMS,30679
30680,138,TCP,ACMSODA,30680
30681,443,TCP,UBIQUITY,30681
30682,443,TCP,HTTPS,30682
30683,5222,UDP,EMS,30683
30684,443,UDP,UBIQUITY,30684
30685,443,TCP,HTTPS,30685
30686,5900,TCP,EMS,30686
30687,8080,TCP,ZABBIX,30687
30688,8000,TCP,ICAP,30688
30689,21,TCP,FTP,30689
30690,443,TCP,RDP,30690
30691,443,TCP,IMAP4,30691
30692,5060,TCP,HTTPS,30692
30693,443,TCP,HTTPS,30693
30694,443,TCP,HTTPS,30694
30695,23,TCP,IMAP4,30695
30696,443,UDP,HTTPS,30696
30697,3689,TCP,HPSERVICE,30697
30698,10051,UDP,SIP,30698
30699,993,UDP,DAAPD,30699
30700,5900,UDP,NETBIOS,30700
30701,21,UDP,ACMSODA,30701
30702,80,TCP,HTTP,30702
30703,53,UDP,NETBIOS,30703
30704,5222,TCP,HTTPS,30704
30705,5900,UDP,SIP,30705
30706,6969,UDP,DNS,30706
30707,3689,UDP,HTTP,30707
30708,1433,TCP,UBIQUITY,30708
30709,993,UDP,DAAPD,30709
30710,10051,UDP,VNC,30710
30711,10051,UDP,DNS,30711
30712,3389,UDP,RDP,30712
30713,5900,UDP,HPSERVICE,30713
30714,6969,UDP,DAAPD,30714
30715,10001,TCP,MDS,30715
30716,5222,TCP,HTTPS,30716
30717,10051,TCP,ISAKMP,30717
30718,8080,UDP,SSH,30718
30719,443,TCP,HTTPS,30719
30720,1344,UDP,EMS,30720
30721,443,TCP,HTTPS,30721
30722,5900,UDP,HTTP,30722
30723,3389,TCP,HTTPS,30723
30724,21,UDP,SIP,30724
30725,500,UDP,DNS,30725
30726,443,TCP,HTTPS,30726
30727,443,TCP,HTTPS,30727
30728,21,UDP,ACMSODA,30728
30729,443,TCP,HTTPS,30729
30730,443,TCP,HTTPS,30730
30731,5900,TCP,FTP,30731
30732,443,TCP,HTTPS,30732
30733,5900,TCP,MSSQL,30733
30734,5222,TCP,SNMP,30734
30735,443,TCP,HTTPS,30735
30736,10001,UDP,FTP,30736
30737,3128,UDP,IRDMI,30737
30738,443,TCP,HTTPS,30738
30739,500,TCP,PGSQL,30739
30740,5060,TCP,HPSERVICE,30740
30741,443,TCP,IRDMI,30741
30742,443,TCP,HTTP,30742
30743,3128,UDP,ICAP,30743
30744,5900,TCP,RDP,30744
30745,3128,UDP,ICAP,30745
30746,137,TCP,MDS,30746
30747,5900,UDP,NETBIOS,30747
30748,21,TCP,IMAP4,30748
30749,443,TCP,HTTPS,30749
30750,993,UDP,SNMP,30750
30751,6969,UDP,UBIQUITY,30751
30752,3128,UDP,SNMP,30752
30753,500,TCP,PGSQL,30753
30754,1344,UDP,EMS,30754
30755,5060,TCP,SIP,30755
30756,443,TCP,HTTPS,30756
30757,443,TCP,HTTPS,30757
30758,53,UDP,DNS,30758
30759,443,TCP,HTTPS,30759
30760,161,UDP,VNC,30760
30761,80,UDP,SNMP,30761
30762,161,TCP,RDP,30762
30763,443,TCP,HTTPS,30763
30764,10051,UDP,MSSQL,30764
30765,10051,UDP,MSSQL,30765
30766,445,TCP,TELNET,30766
30767,443,UDP,MDS,30767
30768,587,UDP,ISAKMP,30768
30769,23,UDP,SIP,30769
30770,6969,TCP,ISAKMP,30770
30771,8080,UDP,ISAKMP,30771
30772,21,UDP,SIP,30772
30773,6969,UDP,SNMP,30773
30774,445,TCP,SSH,30774
30775,10001,TCP,ZABBIX,30775
30776,1344,UDP,ICAP,30776
30777,445,TCP,SSH,30777
30778,6969,TCP,IMAP4,30778
30779,500,UDP,NETBIOS,30779
30780,443,UDP,HTTPS,30780
30781,21,TCP,FTP,30781
30782,5432,TCP,SSH,30782
30783,3128,UDP,IRDMI,30783
30784,443,TCP,UBIQUITY,30784
30785,5060,TCP,NETBIOS,30785
30786,993,UDP,ZABBIX,30786
30787,53,UDP,DNS,30787
30788,443,TCP,HTTPS,30788
30789,9100,TCP,MDS,30789
30790,3689,TCP,FTP,30790
30791,3128,TCP,UBIQUITY,30791
30792,10051,UDP,ACMSODA,30792
30793,5060,UDP,RDP,30793
30794,5900,UDP,HTTP,30794
30795,443,TCP,HTTPS,30795
30796,5222,UDP,VNC,30796
30797,6969,UDP,ACMSODA,30797
30798,500,UDP,DNS,30798
30799,5900,TCP,FTP,30799
30800,443,TCP,HTTPS,30800
30801,500,TCP,TELNET,30801
30802,53,UDP,DNS,30802
30803,1433,TCP,MSSQL,30803
30804,443,TCP,HTTPS,30804
30805,443,TCP,HTTPS,30805
30806,10051,TCP,ISAKMP,30806
30807,6969,TCP,ISAKMP,30807
30808,443,TCP,UBIQUITY,30808
30809,500,UDP,RDP,30809
30810,443,TCP,HTTPS,30810
30811,8080,UDP,TELNET,30811
30812,22,TCP,UBIQUITY,30812
30813,21,TCP,VNC,30813
30814,23,UDP,TELNET,30814
30815,8080,UDP,ISAKMP,30815
30816,443,TCP,HTTPS,30816
30817,8000,TCP,MSSQL,30817
30818,137,TCP,RDP,30818
30819,445,UDP,UBIQUITY,30819
30820,80,UDP,SIP,30820
30821,443,TCP,HTTPS,30821
30822,138,TCP,IRDMI,30822
30823,80,UDP,HTTP,30823
30824,80,TCP,FTP,30824
30825,23,UDP,FTP,30825
30826,161,TCP,MSSQL,30826
30827,8080,UDP,HTTP,30827
30828,443,TCP,HTTPS,30828
30829,22,TCP,PGSQL,30829
30830,443,TCP,HTTPS,30830
30831,443,TCP,HTTPS,30831
30832,3128,TCP,SNMP,30832
30833,443,TCP,HTTPS,30833
30834,993,UDP,SNMP,30834
30835,161,UDP,IRDMI,30835
30836,443,TCP,HTTPS,30836
30837,500,UDP,DAAPD,30837
30838,443,TCP,SIP,30838
30839,5061,TCP,VNC,30839
30840,443,TCP,HTTPS,30840
30841,9100,TCP,IMAP4,30841
30842,1433,TCP,PGSQL,30842
30843,443,TCP,HTTPS,30843
30844,5060,UDP,MSSQL,30844
30845,500,TCP,DNS,30845
30846,80,UDP,DAAPD,30846
30847,5432,TCP,RDP,30847
30848,443,TCP,HTTPS,30848
30849,5432,TCP,DAAPD,30849
30850,3389,TCP,MSSQL,30850
30851,443,TCP,HTTPS,30851
30852,443,TCP,HTTP,30852
30853,5432,UDP,MSSQL,30853
30854,10051,UDP,VNC,30854
30855,23,TCP,EMS,30855
30856,8080,UDP,SSH,30856
30857,3689,TCP,TELNET,30857
30858,443,TCP,HTTPS,30858
30859,10051,UDP,VNC,30859
30860,10051,UDP,ACMSODA,30860
30861,6969,TCP,IMAP4,30861
30862,5060,UDP,XMPP,30862
30863,500,TCP,SIP,30863
30864,8080,UDP,ICAP,30864
30865,53,UDP,DNS,30865
30866,9100,UDP,DNS,30866
30867,10001,TCP,ZABBIX,30867
30868,53,UDP,DNS,30868
30869,443,TCP,HTTPS,30869
30870,3689,TCP,ICAP,30870
30871,443,TCP,HTTPS,30871
30872,443,TCP,HTTPS,30872
30873,6969,TCP,IMAP4,30873
30874,5432,UDP,ACMSODA,30874
30875,3389,UDP,IRDMI,30875
30876,138,TCP,IRDMI,30876
30877,5061,TCP,XMPP,30877
30878,3128,TCP,UBIQUITY,30878
30879,6969,TCP,IMAP4,30879
30880,5900,UDP,TELNET,30880
30881,500,UDP,FTP,30881
30882,5900,UDP,MDS,30882
30883,80,UDP,ZABBIX,30883
30884,21,TCP,FTP,30884
30885,445,UDP,UBIQUITY,30885
30886,443,TCP,UBIQUITY,30886
30887,161,TCP,DAAPD,30887
30888,8080,UDP,ICAP,30888
30889,5061,TCP,VNC,30889
30890,8080,UDP,FTP,30890
30891,500,UDP,DAAPD,30891
30892,1433,TCP,XMPP,30892
30893,587,UDP,EMS,30893
30894,443,TCP,UBIQUITY,30894
30895,138,TCP,ACMSODA,30895
30896,8000,TCP,UBIQUITY,30896
30897,161,UDP,VNC,30897
30898,1433,TCP,VNC,30898
30899,137,TCP,HTTPS,30899
30900,445,UDP,HTTP,30900
30901,5222,UDP,EMS,30901
30902,5222,UDP,SNMP,30902
30903,138,UDP,HPSERVICE,30903
30904,23,TCP,HPSERVICE,30904
30905,80,TCP,HPSERVICE,30905
30906,8000,UDP,ICAP,30906
30907,138,TCP,ACMSODA,30907
30908,587,UDP,ISAKMP,30908
30909,23,UDP,SIP,30909
30910,80,UDP,IRDMI,30910
30911,500,TCP,DNS,30911
30912,443,TCP,HTTPS,30912
30913,5432,TCP,HPSERVICE,30913
30914,53,UDP,DNS,30914
30915,5900,UDP,EMS,30915
30916,5061,UDP,TELNET,30916
30917,1344,TCP,IMAP4,30917
30918,500,TCP,IMAP4,30918
30919,1433,UDP,ACMSODA,30919
30920,21,UDP,ACMSODA,30920
30921,53,UDP,ZABBIX,30921
30922,443,TCP,HTTPS,30922
30923,3128,UDP,IRDMI,30923
30924,5061,UDP,ACMSODA,30924
30925,993,UDP,PGSQL,30925
30926,80,TCP,DAAPD,30926
30927,3689,UDP,SNMP,30927
30928,5060,UDP,TELNET,30928
30929,443,TCP,HTTPS,30929
30930,5060,TCP,ICAP,30930
30931,137,TCP,HTTPS,30931
30932,23,UDP,FTP,30932
30933,3389,TCP,UBIQUITY,30933
30934,1433,UDP,XMPP,30934
30935,443,TCP,HTTPS,30935
30936,1433,UDP,MSSQL,30936
30937,22,UDP,PGSQL,30937
30938,5060,UDP,SSH,30938
30939,5060,TCP,NETBIOS,30939
30940,443,TCP,HTTPS,30940
30941,587,UDP,EMS,30941
30942,10001,UDP,PGSQL,30942
30943,21,UDP,ACMSODA,30943
30944,53,UDP,DNS,30944
30945,5061,TCP,XMPP,30945
30946,80,TCP,HTTP,30946
30947,5432,UDP,DNS,30947
30948,3128,TCP,SNMP,30948
30949,587,UDP,HTTP,30949
30950,443,TCP,HTTPS,30950
30951,587,UDP,HTTP,30951
30952,5222,UDP,EMS,30952
30953,8080,TCP,ACMSODA,30953
30954,6969,TCP,IMAP4,30954
30955,10051,UDP,SIP,30955
30956,21,TCP,FTP,30956
30957,80,TCP,IMAP4,30957
30958,500,UDP,ICAP,30958
30959,22,TCP,HTTPS,30959
30960,443,TCP,HTTPS,30960
30961,3689,UDP,UBIQUITY,30961
30962,5900,UDP,ISAKMP,30962
30963,5060,TCP,XMPP,30963
30964,161,TCP,XMPP,30964
30965,80,TCP,HPSERVICE,30965
30966,443,TCP,HTTPS,30966
30967,443,TCP,HTTPS,30967
30968,80,UDP,DAAPD,30968
30969,1433,TCP,ZABBIX,30969
30970,3689,TCP,PGSQL,30970
30971,8000,UDP,PGSQL,30971
30972,80,TCP,FTP,30972
30973,500,TCP,PGSQL,30973
30974,5061,TCP,VNC,30974
30975,21,TCP,FTP,30975
30976,21,TCP,FTP,30976
30977,23,TCP,TELNET,30977
30978,443,TCP,HTTPS,30978
30979,6969,TCP,SNMP,30979
30980,1433,TCP,ISAKMP,30980
30981,3389,UDP,SNMP,30981
30982,500,UDP,DAAPD,30982
30983,80,TCP,HTTP,30983
30984,5900,UDP,TELNET,30984
30985,443,TCP,HTTPS,30985
30986,443,TCP,HTTPS,30986
30987,10051,UDP,SSH,30987
30988,10051,UDP,DNS,30988
30989,138,UDP,PGSQL,30989
30990,53,UDP,DNS,30990
30991,587,UDP,HTTP,30991
30992,23,TCP,DAAPD,30992
30993,10051,UDP,ACMSODA,30993
30994,443,TCP,HTTPS,30994
30995,1344,TCP,UBIQUITY,30995
30996,1433,TCP,HTTPS,30996
30997,5222,UDP,ZABBIX,30997
30998,21,UDP,SIP,30998
30999,3389,UDP,HTTPS,30999
31000,23,TCP,HPSERVICE,31000
31001,23,UDP,SIP,31001
31002,6969,UDP,SNMP,31002
31003,53,UDP,DNS,31003
31004,138,TCP,ISAKMP,31004
31005,5060,TCP,NETBIOS,31005
31006,80,UDP,ZABBIX,31006
31007,21,TCP,FTP,31007
31008,80,TCP,HTTP,31008
31009,53,UDP,NETBIOS,31009
31010,445,UDP,DNS,31010
31011,21,UDP,UBIQUITY,31011
31012,443,TCP,UBIQUITY,31012
31013,5222,TCP,HTTPS,31013
31014,443,TCP,HTTPS,31014
31015,3689,TCP,ACMSODA,31015
31016,10051,TCP,ISAKMP,31016
31017,23,TCP,VNC,31017
31018,5222,TCP,ICAP,31018
31019,137,TCP,HTTPS,31019
31020,443,TCP,HTTPS,31020
31021,443,TCP,HTTPS,31021
31022,3689,TCP,XMPP,31022
31023,3689,TCP,ACMSODA,31023
31024,10001,UDP,NETBIOS,31024
31025,5900,TCP,PGSQL,31025
31026,6969,TCP,EMS,31026
31027,1344,TCP,IMAP4,31027
31028,445,UDP,DNS,31028
31029,3128,UDP,IRDMI,31029
31030,23,TCP,VNC,31030
31031,3389,UDP,IRDMI,31031
31032,3689,TCP,PGSQL,31032
31033,80,TCP,FTP,31033
31034,5222,UDP,SSH,31034
31035,5060,UDP,MSSQL,31035
31036,161,TCP,DAAPD,31036
31037,3689,UDP,HPSERVICE,31037
31038,1344,TCP,EMS,31038
31039,22,TCP,PGSQL,31039
31040,993,UDP,TELNET,31040
31041,5060,TCP,HPSERVICE,31041
31042,5900,UDP,FTP,31042
31043,445,UDP,TELNET,31043
31044,21,UDP,RDP,31044
31045,8080,UDP,ISAKMP,31045
31046,443,TCP,HTTPS,31046
31047,443,TCP,HTTPS,31047
31048,5061,TCP,IMAP4,31048
31049,5060,TCP,SNMP,31049
31050,161,UDP,SSH,31050
31051,137,TCP,HTTPS,31051
31052,138,TCP,VNC,31052
31053,53,UDP,DNS,31053
31054,138,TCP,VNC,31054
31055,21,UDP,MSSQL,31055
31056,8080,TCP,ACMSODA,31056
31057,53,UDP,DNS,31057
31058,443,TCP,HTTPS,31058
31059,22,UDP,SIP,31059
31060,443,TCP,HTTPS,31060
31061,443,TCP,HTTPS,31061
31062,993,UDP,FTP,31062
31063,443,UDP,MDS,31063
31064,80,TCP,HTTP,31064
31065,10051,UDP,ACMSODA,31065
31066,443,TCP,RDP,31066
31067,443,TCP,HTTPS,31067
31068,21,TCP,FTP,31068
31069,445,TCP,SSH,31069
31070,5900,TCP,EMS,31070
31071,443,TCP,HTTPS,31071
31072,161,UDP,VNC,31072
31073,5061,TCP,XMPP,31073
31074,138,UDP,IRDMI,31074
31075,23,UDP,SIP,31075
31076,445,UDP,SNMP,31076
31077,500,TCP,UBIQUITY,31077
31078,23,UDP,SIP,31078
31079,10051,UDP,MSSQL,31079
31080,21,UDP,ICAP,31080
31081,10001,TCP,MDS,31081
31082,5060,TCP,NETBIOS,31082
31083,1344,TCP,IMAP4,31083
31084,22,TCP,ZABBIX,31084
31085,443,TCP,HTTPS,31085
31086,8080,UDP,ICAP,31086
31087,5432,TCP,SSH,31087
31088,21,UDP,UBIQUITY,31088
31089,5900,UDP,TELNET,31089
31090,138,TCP,MSSQL,31090
31091,137,TCP,XMPP,31091
31092,137,TCP,XMPP,31092
31093,443,TCP,UBIQUITY,31093
31094,138,TCP,ACMSODA,31094
31095,10051,TCP,VNC,31095
31096,5900,TCP,ZABBIX,31096
31097,3689,TCP,ICAP,31097
31098,500,UDP,XMPP,31098
31099,10001,TCP,MDS,31099
31100,443,TCP,HTTPS,31100
31101,10051,UDP,DNS,31101
31102,10001,TCP,MDS,31102
31103,5432,TCP,SSH,31103
31104,80,UDP,HTTP,31104
31105,80,TCP,HTTP,31105
31106,21,UDP,HPSERVICE,31106
31107,5432,UDP,ISAKMP,31107
31108,21,UDP,HTTPS,31108
31109,1433,TCP,PGSQL,31109
31110,161,UDP,PGSQL,31110
31111,21,TCP,HPSERVICE,31111
31112,443,TCP,HTTPS,31112
31113,443,TCP,HTTPS,31113
31114,1433,UDP,ISAKMP,31114
31115,3689,TCP,ACMSODA,31115
31116,1344,TCP,NETBIOS,31116
31117,21,UDP,MSSQL,31117
31118,3389,UDP,SNMP,31118
31119,5060,TCP,NETBIOS,31119
31120,138,TCP,HPSERVICE,31120
31121,587,UDP,HTTP,31121
31122,5432,TCP,RDP,31122
31123,3689,UDP,MSSQL,31123
31124,3128,UDP,ICAP,31124
31125,21,UDP,SSH,31125
31126,500,UDP,HPSERVICE,31126
31127,8080,UDP,ICAP,31127
31128,10051,UDP,HTTPS,31128
31129,587,UDP,HPSERVICE,31129
31130,21,TCP,FTP,31130
31131,443,UDP,ISAKMP,31131
31132,5432,UDP,MSSQL,31132
31133,138,UDP,VNC,31133
31134,3689,TCP,HPSERVICE,31134
31135,137,TCP,ACMSODA,31135
31136,500,TCP,PGSQL,31136
31137,8080,UDP,TELNET,31137
31138,1344,TCP,NETBIOS,31138
31139,161,TCP,MSSQL,31139
31140,80,TCP,HTTP,31140
31141,5900,UDP,MSSQL,31141
31142,500,UDP,DAAPD,31142
31143,993,UDP,DAAPD,31143
31144,443,TCP,HTTPS,31144
31145,5060,UDP,EMS,31145
31146,10001,TCP,IRDMI,31146
31147,443,TCP,HTTPS,31147
31148,443,UDP,HPSERVICE,31148
31149,5432,UDP,MSSQL,31149
31150,21,TCP,IRDMI,31150
31151,53,UDP,ZABBIX,31151
31152,993,TCP,UBIQUITY,31152
31153,161,TCP,RDP,31153
31154,3128,TCP,SSH,31154
31155,8080,TCP,MSSQL,31155
31156,5432,UDP,MSSQL,31156
31157,8080,TCP,MSSQL,31157
31158,80,TCP,HPSERVICE,31158
31159,3689,TCP,HPSERVICE,31159
31160,22,TCP,HTTP,31160
31161,993,UDP,ISAKMP,31161
31162,3689,UDP,SNMP,31162
31163,5432,UDP,MSSQL,31163
31164,22,TCP,IMAP4,31164
31165,443,TCP,HTTPS,31165
31166,1344,UDP,ICAP,31166
31167,53,UDP,DNS,31167
31168,8080,UDP,ISAKMP,31168
31169,21,UDP,XMPP,31169
31170,587,UDP,IRDMI,31170
31171,161,TCP,IMAP4,31171
31172,500,TCP,UBIQUITY,31172
31173,445,UDP,DAAPD,31173
31174,22,UDP,MSSQL,31174
31175,443,TCP,HTTPS,31175
31176,443,TCP,SIP,31176
31177,5222,UDP,SSH,31177
31178,10051,TCP,DNS,31178
31179,21,TCP,FTP,31179
31180,5060,UDP,XMPP,31180
31181,443,TCP,HTTPS,31181
31182,443,TCP,HTTPS,31182
31183,500,UDP,XMPP,31183
31184,8000,TCP,SIP,31184
31185,8080,UDP,ISAKMP,31185
31186,443,TCP,HTTPS,31186
31187,500,TCP,SSH,31187
31188,22,TCP,UBIQUITY,31188
31189,10051,TCP,ISAKMP,31189
31190,500,UDP,SNMP,31190
31191,3128,UDP,ICAP,31191
31192,8080,UDP,FTP,31192
31193,21,UDP,ACMSODA,31193
31194,22,UDP,SIP,31194
31195,443,TCP,HTTPS,31195
31196,53,UDP,ISAKMP,31196
31197,5060,UDP,DAAPD,31197
31198,443,UDP,IRDMI,31198
31199,161,UDP,FTP,31199
31200,3689,UDP,HPSERVICE,31200
31201,5060,TCP,ACMSODA,31201
31202,1344,UDP,EMS,31202
31203,23,TCP,DNS,31203
31204,10051,UDP,SIP,31204
31205,1433,TCP,PGSQL,31205
31206,443,TCP,HTTPS,31206
31207,445,UDP,DNS,31207
31208,5060,UDP,TELNET,31208
31209,21,UDP,ACMSODA,31209
31210,53,TCP,XMPP,31210
31211,80,UDP,SIP,31211
31212,9100,TCP,SSH,31212
31213,993,UDP,DAAPD,31213
31214,23,TCP,IMAP4,31214
31215,5900,TCP,MDS,31215
31216,8000,UDP,SIP,31216
31217,10001,UDP,ICAP,31217
31218,443,TCP,HTTPS,31218
31219,6969,TCP,HTTPS,31219
31220,587,UDP,HPSERVICE,31220
31221,5061,UDP,ACMSODA,31221
31222,5222,TCP,NETBIOS,31222
31223,8080,UDP,SNMP,31223
31224,8000,UDP,HPSERVICE,31224
31225,5222,UDP,SNMP,31225
31226,443,TCP,HTTPS,31226
31227,443,TCP,HTTPS,31227
31228,137,TCP,HTTPS,31228
31229,443,TCP,HTTPS,31229
31230,10051,UDP,PGSQL,31230
31231,1344,TCP,IMAP4,31231
31232,3689,TCP,PGSQL,31232
31233,5061,UDP,ACMSODA,31233
31234,5060,UDP,DAAPD,31234
31235,443,TCP,HTTPS,31235
31236,23,TCP,HPSERVICE,31236
31237,80,UDP,HTTP,31237
31238,6969,TCP,IMAP4,31238
31239,500,UDP,VNC,31239
31240,587,UDP,XMPP,31240
31241,5900,TCP,MSSQL,31241
31242,10001,TCP,ISAKMP,31242
31243,445,UDP,MDS,31243
31244,1344,TCP,IMAP4,31244
31245,1344,TCP,UBIQUITY,31245
31246,587,TCP,UBIQUITY,31246
31247,8000,UDP,DNS,31247
31248,5222,UDP,ZABBIX,31248
31249,22,UDP,SIP,31249
31250,443,TCP,DAAPD,31250
31251,587,UDP,FTP,31251
31252,5432,UDP,MSSQL,31252
31253,53,UDP,HTTP,31253
31254,80,UDP,SNMP,31254
31255,8080,UDP,FTP,31255
31256,1433,UDP,ISAKMP,31256
31257,500,UDP,MDS,31257
31258,5432,TCP,HTTPS,31258
31259,445,TCP,SSH,31259
31260,1433,TCP,IMAP4,31260
31261,80,TCP,HTTP,31261
31262,587,TCP,RDP,31262
31263,587,UDP,IRDMI,31263
31264,3689,UDP,HTTP,31264
31265,21,UDP,ACMSODA,31265
31266,8000,UDP,SIP,31266
31267,5900,UDP,FTP,31267
31268,23,UDP,SIP,31268
31269,993,TCP,SNMP,31269
31270,53,UDP,DNS,31270
31271,10051,UDP,ACMSODA,31271
31272,23,UDP,TELNET,31272
31273,587,UDP,IRDMI,31273
31274,443,TCP,HTTPS,31274
31275,80,UDP,XMPP,31275
31276,587,TCP,RDP,31276
31277,1433,TCP,PGSQL,31277
31278,6969,TCP,HTTPS,31278
31279,23,UDP,MDS,31279
31280,5900,UDP,ICAP,31280
31281,445,UDP,DAAPD,31281
31282,5900,UDP,MDS,31282
31283,80,TCP,DAAPD,31283
31284,80,UDP,HTTP,31284
31285,3389,UDP,SNMP,31285
31286,22,TCP,MSSQL,31286
31287,443,TCP,HTTPS,31287
31288,5900,TCP,ZABBIX,31288
31289,21,UDP,ACMSODA,31289
31290,443,TCP,HTTPS,31290
31291,500,TCP,ACMSODA,31291
31292,23,UDP,SIP,31292
31293,23,TCP,VNC,31293
31294,443,TCP,HTTPS,31294
31295,3389,UDP,IRDMI,31295
31296,500,UDP,TELNET,31296
31297,5061,UDP,SNMP,31297
31298,5060,UDP,TELNET,31298
31299,10051,TCP,UBIQUITY,31299
31300,500,TCP,PGSQL,31300
31301,5222,TCP,FTP,31301
31302,53,UDP,XMPP,31302
31303,22,UDP,SIP,31303
31304,993,TCP,IMAP4,31304
31305,10051,UDP,SIP,31305
31306,3389,TCP,IMAP4,31306
31307,1344,TCP,TELNET,31307
31308,993,TCP,NETBIOS,31308
31309,8080,TCP,EMS,31309
31310,5432,UDP,IMAP4,31310
31311,53,UDP,DNS,31311
31312,443,TCP,HTTPS,31312
31313,6969,TCP,MDS,31313
31314,587,TCP,RDP,31314
31315,3389,TCP,IMAP4,31315
31316,6969,TCP,HTTPS,31316
31317,21,UDP,ACMSODA,31317
31318,1344,TCP,TELNET,31318
31319,5222,TCP,SNMP,31319
31320,22,UDP,ACMSODA,31320
31321,8000,TCP,ICAP,31321
31322,161,UDP,SSH,31322
31323,8000,UDP,DNS,31323
31324,443,TCP,HTTPS,31324
31325,5222,TCP,HTTPS,31325
31326,443,TCP,HTTPS,31326
31327,5222,UDP,RDP,31327
31328,443,TCP,HTTPS,31328
31329,8080,UDP,HTTP,31329
31330,3128,TCP,ACMSODA,31330
31331,443,UDP,ACMSODA,31331
31332,23,TCP,HPSERVICE,31332
31333,9100,TCP,SSH,31333
31334,3389,TCP,MDS,31334
31335,445,TCP,SSH,31335
31336,5060,TCP,IMAP4,31336
31337,5432,UDP,ISAKMP,31337
31338,5222,UDP,RDP,31338
31339,587,TCP,PGSQL,31339
31340,445,UDP,HTTPS,31340
31341,10051,UDP,HTTPS,31341
31342,80,TCP,FTP,31342
31343,443,TCP,HTTPS,31343
31344,21,TCP,FTP,31344
31345,5432,UDP,NETBIOS,31345
31346,445,UDP,DNS,31346
31347,5432,UDP,MSSQL,31347
31348,9100,TCP,FTP,31348
31349,3128,TCP,HTTP,31349
31350,443,TCP,HTTPS,31350
31351,6969,TCP,IMAP4,31351
31352,443,TCP,HTTPS,31352
31353,22,UDP,SIP,31353
31354,80,UDP,SNMP,31354
31355,445,TCP,SSH,31355
31356,443,TCP,HTTPS,31356
31357,5432,UDP,ISAKMP,31357
31358,137,TCP,IRDMI,31358
31359,443,TCP,HTTPS,31359
31360,10001,UDP,FTP,31360
31361,587,UDP,RDP,31361
31362,993,TCP,IMAP4,31362
31363,138,UDP,UBIQUITY,31363
31364,5900,TCP,MSSQL,31364
31365,445,UDP,HTTPS,31365
31366,443,TCP,HTTPS,31366
31367,21,UDP,RDP,31367
31368,8080,UDP,TELNET,31368
31369,443,TCP,HTTPS,31369
31370,443,TCP,UBIQUITY,31370
31371,3128,TCP,ACMSODA,31371
31372,443,UDP,MDS,31372
31373,993,TCP,SSH,31373
31374,443,TCP,HTTPS,31374
31375,5432,UDP,NETBIOS,31375
31376,587,UDP,XMPP,31376
31377,443,TCP,HTTPS,31377
31378,5060,UDP,MSSQL,31378
31379,5432,UDP,DNS,31379
31380,500,UDP,XMPP,31380
31381,5061,TCP,DAAPD,31381
31382,5432,UDP,ISAKMP,31382
31383,5900,UDP,MSSQL,31383
31384,6969,TCP,IMAP4,31384
31385,1433,TCP,IMAP4,31385
31386,5061,TCP,XMPP,31386
31387,993,UDP,SNMP,31387
31388,5900,UDP,EMS,31388
31389,21,TCP,FTP,31389
31390,443,TCP,IMAP4,31390
31391,5061,UDP,SNMP,31391
31392,993,UDP,DAAPD,31392
31393,22,TCP,HTTP,31393
31394,8080,UDP,ISAKMP,31394
31395,993,UDP,DAAPD,31395
31396,10001,UDP,TELNET,31396
31397,1433,TCP,MSSQL,31397
31398,993,TCP,DNS,31398
31399,993,TCP,RDP,31399
31400,443,TCP,HTTPS,31400
31401,445,UDP,UBIQUITY,31401
31402,161,UDP,FTP,31402
31403,21,TCP,XMPP,31403
31404,8000,TCP,HTTPS,31404
31405,137,TCP,PGSQL,31405
31406,138,UDP,PGSQL,31406
31407,587,UDP,IRDMI,31407
31408,443,TCP,HTTPS,31408
31409,993,UDP,TELNET,31409
31410,137,UDP,SNMP,31410
31411,21,UDP,MSSQL,31411
31412,1433,TCP,PGSQL,31412
31413,9100,TCP,RDP,31413
31414,21,TCP,FTP,31414
31415,23,UDP,SIP,31415
31416,3689,TCP,ACMSODA,31416
31417,10001,UDP,PGSQL,31417
31418,53,UDP,DNS,31418
31419,53,TCP,MSSQL,31419
31420,445,TCP,RDP,31420
31421,5900,TCP,RDP,31421
31422,10001,TCP,ZABBIX,31422
31423,443,TCP,HTTPS,31423
31424,443,TCP,HTTPS,31424
31425,1433,UDP,ACMSODA,31425
31426,3689,TCP,PGSQL,31426
31427,53,UDP,DNS,31427
31428,5432,UDP,ICAP,31428
31429,445,TCP,SSH,31429
31430,10001,UDP,HTTPS,31430
31431,443,TCP,HPSERVICE,31431
31432,993,TCP,NETBIOS,31432
31433,21,UDP,UBIQUITY,31433
31434,445,TCP,MDS,31434
31435,1433,TCP,VNC,31435
31436,500,TCP,DNS,31436
31437,21,UDP,SSH,31437
31438,5222,TCP,ICAP,31438
31439,80,UDP,ZABBIX,31439
31440,80,UDP,ZABBIX,31440
31441,8080,TCP,ZABBIX,31441
31442,443,TCP,HTTPS,31442
31443,10051,UDP,VNC,31443
31444,10051,UDP,DNS,31444
31445,8080,TCP,MSSQL,31445
31446,443,TCP,HTTPS,31446
31447,10051,UDP,VNC,31447
31448,3689,UDP,HPSERVICE,31448
31449,5900,UDP,UBIQUITY,31449
31450,443,TCP,SNMP,31450
31451,8000,TCP,ICAP,31451
31452,5900,UDP,MSSQL,31452
31453,5222,UDP,SSH,31453
31454,10001,UDP,FTP,31454
31455,22,TCP,ZABBIX,31455
31456,10051,UDP,ACMSODA,31456
31457,5222,UDP,SSH,31457
31458,3689,TCP,SNMP,31458
31459,9100,TCP,SNMP,31459
31460,587,TCP,ZABBIX,31460
31461,21,TCP,FTP,31461
31462,22,UDP,VNC,31462
31463,22,TCP,ACMSODA,31463
31464,3389,TCP,ACMSODA,31464
31465,9100,TCP,SNMP,31465
31466,5060,UDP,MSSQL,31466
31467,5900,UDP,MSSQL,31467
31468,22,UDP,VNC,31468
31469,9100,UDP,PGSQL,31469
31470,5060,TCP,NETBIOS,31470
31471,443,TCP,IRDMI,31471
31472,443,TCP,HTTPS,31472
31473,3128,UDP,ICAP,31473
31474,1433,TCP,IMAP4,31474
31475,3389,TCP,MSSQL,31475
31476,9100,TCP,SSH,31476
31477,161,TCP,DAAPD,31477
31478,161,UDP,IRDMI,31478
31479,80,TCP,PGSQL,31479
31480,22,UDP,PGSQL,31480
31481,993,UDP,IMAP4,31481
31482,3389,UDP,IRDMI,31482
31483,137,TCP,XMPP,31483
31484,445,UDP,TELNET,31484
31485,138,TCP,ACMSODA,31485
31486,1433,TCP,UBIQUITY,31486
31487,5060,TCP,ACMSODA,31487
31488,138,TCP,SSH,31488
31489,138,UDP,IRDMI,31489
31490,21,UDP,SIP,31490
31491,443,TCP,HTTPS,31491
31492,443,UDP,SNMP,31492
31493,5900,UDP,FTP,31493
31494,10051,UDP,DNS,31494
31495,5432,TCP,HPSERVICE,31495
31496,443,TCP,HTTPS,31496
31497,443,TCP,HPSERVICE,31497
31498,9100,UDP,ZABBIX,31498
31499,443,UDP,IRDMI,31499
31500,23,UDP,ICAP,31500
31501,161,TCP,XMPP,31501
31502,5060,TCP,IMAP4,31502
31503,22,UDP,VNC,31503
31504,445,UDP,HTTP,31504
31505,9100,TCP,RDP,31505
31506,5900,TCP,EMS,31506
31507,587,UDP,FTP,31507
31508,3689,UDP,SSH,31508
31509,137,TCP,HTTPS,31509
31510,53,UDP,ISAKMP,31510
31511,8000,TCP,UBIQUITY,31511
31512,587,UDP,IRDMI,31512
31513,5061,TCP,XMPP,31513
31514,21,UDP,ICAP,31514
31515,80,UDP,DAAPD,31515
31516,161,TCP,HTTPS,31516
31517,443,UDP,ACMSODA,31517
31518,8080,UDP,TELNET,31518
31519,1344,TCP,UBIQUITY,31519
31520,443,TCP,HTTPS,31520
31521,5222,TCP,HTTPS,31521
31522,161,TCP,RDP,31522
31523,5060,TCP,NETBIOS,31523
31524,1433,TCP,EMS,31524
31525,5900,TCP,ZABBIX,31525
31526,3389,UDP,SNMP,31526
31527,138,UDP,HPSERVICE,31527
31528,8080,UDP,SNMP,31528
31529,443,TCP,HTTPS,31529
31530,22,TCP,VNC,31530
31531,1433,TCP,MSSQL,31531
31532,443,TCP,HTTPS,31532
31533,5900,UDP,NETBIOS,31533
31534,443,TCP,HTTPS,31534
31535,80,TCP,HTTPS,31535
31536,23,UDP,FTP,31536
31537,21,TCP,IMAP4,31537
31538,80,UDP,ZABBIX,31538
31539,1344,TCP,HPSERVICE,31539
31540,5900,TCP,MSSQL,31540
31541,5060,UDP,FTP,31541
31542,443,TCP,IRDMI,31542
31543,5061,UDP,TELNET,31543
31544,500,UDP,TELNET,31544
31545,443,TCP,HTTPS,31545
31546,500,UDP,XMPP,31546
31547,5061,TCP,XMPP,31547
31548,443,TCP,HTTPS,31548
31549,587,TCP,EMS,31549
31550,8080,UDP,XMPP,31550
31551,161,TCP,XMPP,31551
31552,5900,UDP,ISAKMP,31552
31553,53,UDP,DNS,31553
31554,161,UDP,SSH,31554
31555,443,TCP,HTTPS,31555
31556,53,UDP,XMPP,31556
31557,21,UDP,FTP,31557
31558,443,TCP,HTTPS,31558
31559,443,TCP,HTTP,31559
31560,9100,UDP,DAAPD,31560
31561,443,TCP,HTTPS,31561
31562,10051,UDP,VNC,31562
31563,500,UDP,DNS,31563
31564,23,UDP,MDS,31564
31565,3689,TCP,SSH,31565
31566,445,TCP,TELNET,31566
31567,443,TCP,HTTPS,31567
31568,500,TCP,PGSQL,31568
31569,21,TCP,HPSERVICE,31569
31570,5432,TCP,ACMSODA,31570
31571,5061,TCP,MDS,31571
31572,5900,UDP,NETBIOS,31572
31573,5222,UDP,MSSQL,31573
31574,10051,UDP,SIP,31574
31575,6969,UDP,MDS,31575
31576,10001,UDP,SSH,31576
31577,22,TCP,UBIQUITY,31577
31578,993,TCP,DNS,31578
31579,443,TCP,HTTPS,31579
31580,3389,TCP,UBIQUITY,31580
31581,443,TCP,HTTPS,31581
31582,23,TCP,HPSERVICE,31582
31583,3128,UDP,ICAP,31583
31584,5900,UDP,SSH,31584
31585,53,UDP,ZABBIX,31585
31586,21,UDP,RDP,31586
31587,5900,UDP,FTP,31587
31588,9100,TCP,VNC,31588
31589,161,UDP,SSH,31589
31590,1344,UDP,TELNET,31590
31591,443,TCP,HTTPS,31591
31592,23,UDP,MDS,31592
31593,1344,TCP,NETBIOS,31593
31594,137,TCP,IRDMI,31594
31595,993,UDP,PGSQL,31595
31596,3689,TCP,ACMSODA,31596
31597,1433,TCP,ISAKMP,31597
31598,443,TCP,HTTPS,31598
31599,443,TCP,HTTPS,31599
31600,443,TCP,HTTPS,31600
31601,500,TCP,IMAP4,31601
31602,443,TCP,UBIQUITY,31602
31603,443,TCP,HTTPS,31603
31604,137,TCP,HTTPS,31604
31605,5900,TCP,MDS,31605
31606,53,UDP,ISAKMP,31606
31607,5432,UDP,IMAP4,31607
31608,443,TCP,HTTPS,31608
31609,6969,TCP,ISAKMP,31609
31610,993,UDP,HPSERVICE,31610
31611,500,TCP,PGSQL,31611
31612,138,TCP,MSSQL,31612
31613,5061,TCP,XMPP,31613
31614,138,TCP,SSH,31614
31615,443,TCP,HTTPS,31615
31616,80,UDP,ZABBIX,31616
31617,21,TCP,IMAP4,31617
31618,53,UDP,NETBIOS,31618
31619,500,TCP,FTP,31619
31620,21,TCP,HPSERVICE,31620
31621,443,TCP,HTTPS,31621
31622,1344,TCP,UBIQUITY,31622
31623,5432,TCP,DAAPD,31623
31624,3689,TCP,HTTP,31624
31625,10051,TCP,ISAKMP,31625
31626,21,TCP,ACMSODA,31626
31627,443,TCP,HTTPS,31627
31628,1433,TCP,VNC,31628
31629,8080,UDP,TELNET,31629
31630,3128,UDP,ICAP,31630
31631,500,UDP,TELNET,31631
31632,5432,TCP,HPSERVICE,31632
31633,5061,UDP,SNMP,31633
31634,1433,TCP,VNC,31634
31635,3689,TCP,ICAP,31635
31636,21,TCP,XMPP,31636
31637,500,TCP,DNS,31637
31638,137,TCP,ACMSODA,31638
31639,500,UDP,TELNET,31639
31640,137,TCP,ICAP,31640
31641,8080,TCP,MSSQL,31641
31642,5432,TCP,DAAPD,31642
31643,443,TCP,HTTPS,31643
31644,443,UDP,HTTPS,31644
31645,21,UDP,HTTPS,31645
31646,587,UDP,IRDMI,31646
31647,161,UDP,SIP,31647
31648,80,TCP,PGSQL,31648
31649,8080,UDP,HPSERVICE,31649
31650,500,UDP,TELNET,31650
31651,5060,TCP,ACMSODA,31651
31652,443,TCP,HTTPS,31652
31653,21,UDP,ACMSODA,31653
31654,10001,TCP,HPSERVICE,31654
31655,587,UDP,RDP,31655
31656,1433,UDP,XMPP,31656
31657,500,UDP,XMPP,31657
31658,137,TCP,RDP,31658
31659,3389,TCP,IMAP4,31659
31660,443,UDP,HTTPS,31660
31661,587,TCP,HTTP,31661
31662,3389,UDP,SNMP,31662
31663,3689,UDP,VNC,31663
31664,443,TCP,HTTPS,31664
31665,3128,UDP,SNMP,31665
31666,80,UDP,ZABBIX,31666
31667,1344,UDP,UBIQUITY,31667
31668,10051,UDP,UBIQUITY,31668
31669,587,UDP,XMPP,31669
31670,53,TCP,MSSQL,31670
31671,587,UDP,EMS,31671
31672,5222,UDP,EMS,31672
31673,8080,TCP,FTP,31673
31674,1344,UDP,MDS,31674
31675,5060,UDP,MDS,31675
31676,3689,TCP,ICAP,31676
31677,21,TCP,FTP,31677
31678,443,TCP,HTTPS,31678
31679,993,TCP,PGSQL,31679
31680,443,TCP,HTTPS,31680
31681,443,TCP,HTTPS,31681
31682,5900,TCP,MSSQL,31682
31683,6969,UDP,ZABBIX,31683
31684,1433,TCP,EMS,31684
31685,993,TCP,IMAP4,31685
31686,23,UDP,SIP,31686
31687,161,UDP,UBIQUITY,31687
31688,443,TCP,HTTPS,31688
31689,53,TCP,HTTPS,31689
31690,443,TCP,UBIQUITY,31690
31691,5222,TCP,SNMP,31691
31692,8080,UDP,ICAP,31692
31693,5061,UDP,HTTPS,31693
31694,3689,TCP,XMPP,31694
31695,993,UDP,ISAKMP,31695
31696,445,UDP,DNS,31696
31697,22,UDP,ISAKMP,31697
31698,80,TCP,FTP,31698
31699,80,UDP,XMPP,31699
31700,8000,TCP,MSSQL,31700
31701,587,TCP,EMS,31701
31702,5900,UDP,SIP,31702
31703,1433,TCP,XMPP,31703
31704,5060,UDP,DAAPD,31704
31705,3128,UDP,ZABBIX,31705
31706,53,UDP,HTTP,31706
31707,500,UDP,TELNET,31707
31708,443,TCP,HTTPS,31708
31709,80,UDP,SIP,31709
31710,443,TCP,HTTPS,31710
31711,8000,TCP,UBIQUITY,31711
31712,3128,UDP,ICAP,31712
31713,443,TCP,HTTPS,31713
31714,138,UDP,NETBIOS,31714
31715,10001,TCP,EMS,31715
31716,443,TCP,UBIQUITY,31716
31717,53,UDP,DNS,31717
31718,1433,TCP,MSSQL,31718
31719,53,UDP,DNS,31719
31720,443,TCP,HTTPS,31720
31721,443,TCP,HTTPS,31721
31722,443,TCP,HTTPS,31722
31723,443,TCP,HTTPS,31723
31724,3689,TCP,HPSERVICE,31724
31725,137,UDP,RDP,31725
31726,443,TCP,HTTPS,31726
31727,3389,TCP,IMAP4,31727
31728,80,TCP,HTTP,31728
31729,1433,TCP,PGSQL,31729
31730,5432,TCP,DAAPD,31730
31731,5432,UDP,ACMSODA,31731
31732,3128,UDP,SNMP,31732
31733,3389,TCP,NETBIOS,31733
31734,9100,UDP,PGSQL,31734
31735,53,UDP,DNS,31735
31736,443,UDP,HTTPS,31736
31737,5222,UDP,MSSQL,31737
31738,5900,UDP,SIP,31738
31739,53,UDP,FTP,31739
31740,5222,TCP,ICAP,31740
31741,161,TCP,RDP,31741
31742,443,TCP,HTTPS,31742
31743,5432,UDP,IMAP4,31743
31744,6969,UDP,ZABBIX,31744
31745,6969,TCP,SIP,31745
31746,8000,TCP,ICAP,31746
31747,5900,UDP,TELNET,31747
31748,3128,TCP,SSH,31748
31749,587,UDP,IRDMI,31749
31750,443,TCP,VNC,31750
31751,500,UDP,DAAPD,31751
31752,443,TCP,HTTPS,31752
31753,3689,UDP,SNMP,31753
31754,443,TCP,HTTPS,31754
31755,1344,TCP,NETBIOS,31755
31756,1344,UDP,HTTPS,31756
31757,5900,TCP,RDP,31757
31758,5061,UDP,ACMSODA,31758
31759,1344,UDP,DAAPD,31759
31760,3128,UDP,IMAP4,31760
31761,80,UDP,SNMP,31761
31762,5060,TCP,NETBIOS,31762
31763,138,TCP,IRDMI,31763
31764,1344,TCP,NETBIOS,31764
31765,443,TCP,HTTPS,31765
31766,8000,TCP,MSSQL,31766
31767,1433,UDP,MSSQL,31767
31768,10051,UDP,VNC,31768
31769,443,TCP,HTTPS,31769
31770,80,UDP,NETBIOS,31770
31771,5061,UDP,PGSQL,31771
31772,23,TCP,HPSERVICE,31772
31773,3128,UDP,MSSQL,31773
31774,443,TCP,HTTPS,31774
31775,161,UDP,SSH,31775
31776,443,TCP,HTTPS,31776
31777,22,UDP,ACMSODA,31777
31778,443,TCP,HTTPS,31778
31779,5900,UDP,EMS,31779
31780,443,TCP,HTTPS,31780
31781,5432,UDP,ISAKMP,31781
31782,587,UDP,ISAKMP,31782
31783,587,UDP,XMPP,31783
31784,993,UDP,TELNET,31784
31785,3689,UDP,HPSERVICE,31785
31786,53,UDP,ISAKMP,31786
31787,445,UDP,UBIQUITY,31787
31788,500,UDP,DAAPD,31788
31789,587,TCP,RDP,31789
31790,5060,UDP,MSSQL,31790
31791,21,UDP,ACMSODA,31791
31792,161,UDP,FTP,31792
31793,5432,TCP,SSH,31793
31794,1433,TCP,ISAKMP,31794
31795,22,TCP,ZABBIX,31795
31796,5060,UDP,EMS,31796
31797,443,TCP,HTTPS,31797
31798,500,TCP,DNS,31798
31799,138,TCP,ISAKMP,31799
31800,445,UDP,HTTP,31800
31801,53,UDP,DNS,31801
31802,445,UDP,DNS,31802
31803,9100,TCP,FTP,31803
31804,53,UDP,ISAKMP,31804
31805,5222,TCP,EMS,31805
31806,10001,TCP,HPSERVICE,31806
31807,5900,UDP,NETBIOS,31807
31808,80,UDP,SNMP,31808
31809,5061,TCP,SIP,31809
31810,22,UDP,VNC,31810
31811,23,UDP,SIP,31811
31812,500,UDP,TELNET,31812
31813,5900,TCP,MSSQL,31813
31814,21,TCP,HPSERVICE,31814
31815,500,UDP,SNMP,31815
31816,8080,UDP,TELNET,31816
31817,5060,TCP,NETBIOS,31817
31818,9100,TCP,MDS,31818
31819,138,TCP,DNS,31819
31820,5432,UDP,ACMSODA,31820
31821,443,TCP,HTTPS,31821
31822,1344,UDP,ICAP,31822
31823,23,UDP,MDS,31823
31824,1433,TCP,IMAP4,31824
31825,443,TCP,HTTPS,31825
31826,443,TCP,HTTPS,31826
31827,500,UDP,XMPP,31827
31828,443,TCP,SNMP,31828
31829,1433,TCP,PGSQL,31829
31830,80,UDP,DAAPD,31830
31831,587,UDP,RDP,31831
31832,443,TCP,HTTPS,31832
31833,21,UDP,XMPP,31833
31834,1433,UDP,SSH,31834
31835,1433,TCP,PGSQL,31835
31836,6969,TCP,IMAP4,31836
31837,443,TCP,ACMSODA,31837
31838,21,TCP,HPSERVICE,31838
31839,1433,TCP,ISAKMP,31839
31840,137,TCP,HTTPS,31840
31841,993,TCP,RDP,31841
31842,138,UDP,UBIQUITY,31842
31843,9100,TCP,SSH,31843
31844,587,UDP,IRDMI,31844
31845,587,UDP,HTTP,31845
31846,5432,UDP,HTTPS,31846
31847,80,TCP,PGSQL,31847
31848,5061,TCP,DAAPD,31848
31849,3128,UDP,SNMP,31849
31850,138,UDP,HPSERVICE,31850
31851,443,TCP,HTTPS,31851
31852,23,UDP,SNMP,31852
31853,8000,UDP,PGSQL,31853
31854,22,UDP,SNMP,31854
31855,53,UDP,DNS,31855
31856,500,TCP,SIP,31856
31857,9100,UDP,DNS,31857
31858,1433,UDP,ACMSODA,31858
31859,443,TCP,HTTPS,31859
31860,1433,TCP,SSH,31860
31861,8080,TCP,ZABBIX,31861
31862,161,UDP,PGSQL,31862
31863,22,UDP,PGSQL,31863
31864,1433,UDP,EMS,31864
31865,5432,UDP,MSSQL,31865
31866,3389,TCP,MSSQL,31866
31867,23,UDP,FTP,31867
31868,3128,UDP,ICAP,31868
31869,3128,TCP,ACMSODA,31869
31870,993,TCP,DNS,31870
31871,3389,TCP,MSSQL,31871
31872,3389,UDP,SNMP,31872
31873,443,TCP,HTTPS,31873
31874,80,TCP,FTP,31874
31875,53,UDP,DNS,31875
31876,53,UDP,NETBIOS,31876
31877,5061,TCP,XMPP,31877
31878,1344,TCP,TELNET,31878
31879,443,TCP,HTTPS,31879
31880,3389,TCP,IRDMI,31880
31881,80,TCP,FTP,31881
31882,445,UDP,TELNET,31882
31883,8000,UDP,HTTP,31883
31884,1433,TCP,MDS,31884
31885,5060,UDP,MDS,31885
31886,587,TCP,RDP,31886
31887,5432,UDP,HTTPS,31887
31888,80,UDP,ZABBIX,31888
31889,500,UDP,FTP,31889
31890,5900,UDP,TELNET,31890
31891,9100,TCP,SSH,31891
31892,161,TCP,RDP,31892
31893,8080,TCP,MSSQL,31893
31894,22,UDP,SIP,31894
31895,443,TCP,HTTPS,31895
31896,138,TCP,MSSQL,31896
31897,53,UDP,DNS,31897
31898,161,UDP,VNC,31898
31899,445,TCP,EMS,31899
31900,8080,UDP,HTTP,31900
31901,8000,UDP,SIP,31901
31902,5060,UDP,TELNET,31902
31903,53,TCP,SNMP,31903
31904,5432,TCP,SSH,31904
31905,443,TCP,UBIQUITY,31905
31906,5060,UDP,MSSQL,31906
31907,5060,TCP,SIP,31907
31908,5432,UDP,ACMSODA,31908
31909,8080,UDP,UBIQUITY,31909
31910,23,TCP,FTP,31910
31911,138,UDP,IRDMI,31911
31912,8080,UDP,ICAP,31912
31913,3389,UDP,PGSQL,31913
31914,8080,UDP,ISAKMP,31914
31915,443,TCP,ACMSODA,31915
31916,1433,UDP,EMS,31916
31917,587,TCP,ACMSODA,31917
31918,21,TCP,FTP,31918
31919,80,UDP,SNMP,31919
31920,5432,TCP,SSH,31920
31921,443,TCP,HTTPS,31921
31922,443,TCP,HTTPS,31922
31923,443,TCP,HTTPS,31923
31924,443,TCP,HTTPS,31924
31925,21,UDP,XMPP,31925
31926,1344,TCP,IMAP4,31926
31927,443,TCP,HTTPS,31927
31928,445,TCP,RDP,31928
31929,10051,TCP,UBIQUITY,31929
31930,443,TCP,HTTPS,31930
31931,21,TCP,EMS,31931
31932,445,UDP,IMAP4,31932
31933,1433,TCP,EMS,31933
31934,5061,TCP,FTP,31934
31935,443,TCP,HTTPS,31935
31936,443,UDP,MDS,31936
31937,5900,TCP,FTP,31937
31938,443,TCP,HTTPS,31938
31939,161,UDP,VNC,31939
31940,53,UDP,ISAKMP,31940
31941,1344,TCP,TELNET,31941
31942,5061,TCP,VNC,31942
31943,8080,UDP,FTP,31943
31944,6969,UDP,MSSQL,31944
31945,5900,UDP,SIP,31945
31946,443,TCP,HTTPS,31946
31947,3128,UDP,ICAP,31947
31948,443,TCP,HTTPS,31948
31949,993,UDP,PGSQL,31949
31950,587,UDP,HTTP,31950
31951,21,TCP,IMAP4,31951
31952,23,TCP,HPSERVICE,31952
31953,53,UDP,SSH,31953
31954,6969,TCP,HTTPS,31954
31955,443,TCP,HTTPS,31955
31956,3128,TCP,ACMSODA,31956
31957,21,UDP,FTP,31957
31958,445,TCP,RDP,31958
31959,3389,TCP,ACMSODA,31959
31960,3689,TCP,ICAP,31960
31961,8000,UDP,HPSERVICE,31961
31962,445,UDP,DNS,31962
31963,1344,TCP,TELNET,31963
31964,3689,UDP,IRDMI,31964
31965,5432,TCP,VNC,31965
31966,3128,TCP,HPSERVICE,31966
31967,53,UDP,DNS,31967
31968,993,TCP,ISAKMP,31968
31969,993,UDP,DAAPD,31969
31970,5432,TCP,VNC,31970
31971,10051,UDP,MSSQL,31971
31972,138,UDP,IRDMI,31972
31973,3128,UDP,ICAP,31973
31974,443,TCP,HTTPS,31974
31975,9100,TCP,SSH,31975
31976,161,TCP,TELNET,31976
31977,5900,UDP,SIP,31977
31978,3128,UDP,ICAP,31978
31979,80,UDP,ZABBIX,31979
31980,443,TCP,HTTPS,31980
31981,3128,UDP,ICAP,31981
31982,443,UDP,HTTPS,31982
31983,8080,UDP,ICAP,31983
31984,587,TCP,ZABBIX,31984
31985,500,UDP,DNS,31985
31986,443,TCP,HTTPS,31986
31987,1344,UDP,SSH,31987
31988,443,TCP,HTTPS,31988
31989,3389,TCP,FTP,31989
31990,5060,UDP,RDP,31990
31991,10001,TCP,IRDMI,31991
31992,3389,TCP,SSH,31992
31993,161,UDP,SSH,31993
31994,5900,UDP,UBIQUITY,31994
31995,443,TCP,HTTPS,31995
31996,5432,UDP,ISAKMP,31996
31997,21,TCP,FTP,31997
31998,443,TCP,HTTPS,31998
31999,443,TCP,HTTPS,31999
32000,500,UDP,XMPP,32000
32001,138,TCP,MSSQL,32001
32002,443,TCP,IMAP4,32002
32003,5900,UDP,EMS,32003
32004,53,UDP,XMPP,32004
32005,1433,TCP,MDS,32005
32006,3689,UDP,XMPP,32006
32007,1433,TCP,VNC,32007
32008,443,TCP,IMAP4,32008
32009,587,TCP,ACMSODA,32009
32010,3389,TCP,SSH,32010
32011,3689,TCP,XMPP,32011
32012,21,UDP,ACMSODA,32012
32013,5060,UDP,XMPP,32013
32014,445,UDP,TELNET,32014
32015,443,TCP,HTTPS,32015
32016,23,UDP,FTP,32016
32017,22,UDP,SIP,32017
32018,443,TCP,HPSERVICE,32018
32019,5060,UDP,FTP,32019
32020,5432,UDP,ACMSODA,32020
32021,6969,TCP,DNS,32021
32022,443,TCP,HTTPS,32022
32023,161,TCP,EMS,32023
32024,5900,UDP,ICAP,32024
32025,80,TCP,HTTP,32025
32026,3389,TCP,MSSQL,32026
32027,6969,TCP,IMAP4,32027
32028,993,TCP,NETBIOS,32028
32029,993,TCP,UBIQUITY,32029
32030,993,UDP,PGSQL,32030
32031,993,UDP,TELNET,32031
32032,5061,UDP,PGSQL,32032
32033,1433,UDP,MSSQL,32033
32034,500,TCP,SIP,32034
32035,8000,UDP,ZABBIX,32035
32036,1344,TCP,NETBIOS,32036
32037,137,TCP,HTTPS,32037
32038,443,TCP,HTTPS,32038
32039,10051,UDP,HPSERVICE,32039
32040,5432,TCP,RDP,32040
32041,5060,TCP,IMAP4,32041
32042,3128,UDP,ICAP,32042
32043,10001,TCP,HPSERVICE,32043
32044,443,TCP,HTTPS,32044
32045,161,TCP,MSSQL,32045
32046,9100,TCP,RDP,32046
32047,53,UDP,HTTP,32047
32048,23,TCP,TELNET,32048
32049,1433,TCP,SSH,32049
32050,587,UDP,HTTP,32050
32051,10051,TCP,ISAKMP,32051
32052,10001,UDP,FTP,32052
32053,3689,TCP,ICAP,32053
32054,137,TCP,XMPP,32054
32055,443,UDP,DAAPD,32055
32056,500,TCP,SIP,32056
32057,53,TCP,MSSQL,32057
32058,587,TCP,NETBIOS,32058
32059,161,UDP,SSH,32059
32060,23,TCP,HPSERVICE,32060
32061,993,TCP,SSH,32061
32062,500,UDP,XMPP,32062
32063,3689,UDP,XMPP,32063
32064,443,TCP,HTTPS,32064
32065,443,TCP,HTTPS,32065
32066,443,TCP,HTTPS,32066
32067,443,TCP,UBIQUITY,32067
32068,10001,TCP,MDS,32068
32069,138,UDP,IMAP4,32069
32070,21,UDP,FTP,32070
32071,443,TCP,HTTPS,32071
32072,443,TCP,DNS,32072
32073,21,TCP,HPSERVICE,32073
32074,5060,UDP,MSSQL,32074
32075,8080,UDP,SSH,32075
32076,22,UDP,ACMSODA,32076
32077,137,TCP,RDP,32077
32078,5900,UDP,EMS,32078
32079,22,UDP,SIP,32079
32080,3128,UDP,ICAP,32080
32081,10001,UDP,PGSQL,32081
32082,5060,UDP,HTTPS,32082
32083,80,TCP,HTTP,32083
32084,443,TCP,HTTPS,32084
32085,5432,UDP,HTTPS,32085
32086,500,UDP,TELNET,32086
32087,5060,UDP,TELNET,32087
32088,3389,TCP,MSSQL,32088
32089,3689,UDP,HPSERVICE,32089
32090,53,UDP,DNS,32090
32091,8080,UDP,TELNET,32091
32092,587,TCP,UBIQUITY,32092
32093,6969,TCP,IMAP4,32093
32094,5222,UDP,SSH,32094
32095,22,TCP,SSH,32095
32096,3689,TCP,HTTP,32096
32097,138,UDP,IRDMI,32097
32098,9100,UDP,SNMP,32098
32099,10051,TCP,VNC,32099
32100,5061,UDP,TELNET,32100
32101,8000,UDP,SIP,32101
32102,8000,UDP,HPSERVICE,32102
32103,443,TCP,HTTPS,32103
32104,587,UDP,EMS,32104
32105,80,TCP,PGSQL,32105
32106,445,UDP,DNS,32106
32107,443,UDP,MDS,32107
32108,161,TCP,IRDMI,32108
32109,587,UDP,ISAKMP,32109
32110,161,UDP,SIP,32110
32111,137,TCP,PGSQL,32111
32112,5222,UDP,SSH,32112
32113,3689,TCP,HPSERVICE,32113
32114,10001,UDP,FTP,32114
32115,5432,UDP,ISAKMP,32115
32116,6969,UDP,DAAPD,32116
32117,3389,UDP,PGSQL,32117
32118,1344,TCP,UBIQUITY,32118
32119,10001,UDP,ICAP,32119
32120,161,UDP,FTP,32120
32121,443,TCP,HTTPS,32121
32122,53,TCP,SNMP,32122
32123,161,UDP,SSH,32123
32124,8080,TCP,ACMSODA,32124
32125,587,TCP,MDS,32125
32126,500,TCP,ACMSODA,32126
32127,8080,UDP,XMPP,32127
32128,22,TCP,UBIQUITY,32128
32129,587,TCP,PGSQL,32129
32130,500,TCP,IMAP4,32130
32131,993,TCP,UBIQUITY,32131
32132,443,TCP,DNS,32132
32133,21,UDP,ACMSODA,32133
32134,53,UDP,DNS,32134
32135,137,TCP,PGSQL,32135
32136,138,TCP,ACMSODA,32136
32137,3389,UDP,IRDMI,32137
32138,445,UDP,MDS,32138
32139,5060,UDP,FTP,32139
32140,587,TCP,ACMSODA,32140
32141,9100,TCP,SSH,32141
32142,3689,UDP,TELNET,32142
32143,21,TCP,EMS,32143
32144,22,UDP,SIP,32144
32145,53,UDP,XMPP,32145
32146,6969,UDP,DNS,32146
32147,500,TCP,DNS,32147
32148,10001,UDP,TELNET,32148
32149,5061,TCP,XMPP,32149
32150,3689,TCP,TELNET,32150
32151,3128,TCP,ACMSODA,32151
32152,5222,TCP,SNMP,32152
32153,445,UDP,DNS,32153
32154,1344,TCP,UBIQUITY,32154
32155,443,TCP,HTTPS,32155
32156,22,TCP,ZABBIX,32156
32157,80,TCP,PGSQL,32157
32158,161,UDP,VNC,32158
32159,8080,TCP,NETBIOS,32159
32160,1344,TCP,UBIQUITY,32160
32161,445,UDP,DAAPD,32161
32162,5060,UDP,TELNET,32162
32163,80,TCP,HTTP,32163
32164,161,TCP,RDP,32164
32165,53,TCP,MSSQL,32165
32166,8000,UDP,ZABBIX,32166
32167,138,TCP,ACMSODA,32167
32168,6969,TCP,HTTPS,32168
32169,8000,UDP,NETBIOS,32169
32170,5060,TCP,ACMSODA,32170
32171,993,TCP,IMAP4,32171
32172,80,TCP,HTTPS,32172
32173,80,UDP,SIP,32173
32174,21,TCP,FTP,32174
32175,443,TCP,HTTPS,32175
32176,161,TCP,VNC,32176
32177,5060,UDP,TELNET,32177
32178,23,TCP,VNC,32178
32179,5432,UDP,ICAP,32179
32180,443,TCP,HTTPS,32180
32181,1433,UDP,MSSQL,32181
32182,443,TCP,HTTPS,32182
32183,443,TCP,UBIQUITY,32183
32184,9100,UDP,IRDMI,32184
32185,6969,TCP,HTTPS,32185
32186,1433,TCP,MDS,32186
32187,5432,TCP,HTTPS,32187
32188,23,UDP,FTP,32188
32189,5061,UDP,PGSQL,32189
32190,53,UDP,DNS,32190
32191,5061,UDP,PGSQL,32191
32192,8080,TCP,EMS,32192
32193,500,TCP,PGSQL,32193
32194,500,UDP,ICAP,32194
32195,993,UDP,HPSERVICE,32195
32196,443,TCP,HTTPS,32196
32197,21,UDP,SIP,32197
32198,500,TCP,RDP,32198
32199,1433,TCP,ZABBIX,32199
32200,5432,TCP,VNC,32200
32201,21,TCP,VNC,32201
32202,53,UDP,DNS,32202
32203,80,TCP,HTTP,32203
32204,1344,TCP,IMAP4,32204
32205,5900,TCP,MSSQL,32205
32206,3128,TCP,SSH,32206
32207,22,UDP,SIP,32207
32208,10001,TCP,ZABBIX,32208
32209,3689,TCP,TELNET,32209
32210,22,TCP,HTTP,32210
32211,443,TCP,HTTPS,32211
32212,443,TCP,HTTPS,32212
32213,3389,UDP,SNMP,32213
32214,21,TCP,DAAPD,32214
32215,5432,TCP,HTTPS,32215
32216,445,UDP,UBIQUITY,32216
32217,993,UDP,HPSERVICE,32217
32218,53,UDP,DNS,32218
32219,6969,TCP,EMS,32219
32220,9100,TCP,SSH,32220
32221,21,TCP,FTP,32221
32222,5222,TCP,XMPP,32222
32223,161,TCP,IMAP4,32223
32224,8080,UDP,ISAKMP,32224
32225,161,UDP,HPSERVICE,32225
32226,500,TCP,IMAP4,32226
32227,5222,TCP,SNMP,32227
32228,21,TCP,FTP,32228
32229,1433,TCP,UBIQUITY,32229
32230,443,TCP,HTTPS,32230
32231,21,UDP,SSH,32231
32232,445,TCP,MDS,32232
32233,5432,UDP,MSSQL,32233
32234,5432,UDP,HTTPS,32234
32235,3389,UDP,IRDMI,32235
32236,22,TCP,IMAP4,32236
32237,5222,TCP,HTTPS,32237
32238,21,UDP,SSH,32238
32239,5432,TCP,DAAPD,32239
32240,1344,TCP,ISAKMP,32240
32241,23,TCP,HPSERVICE,32241
32242,138,TCP,HPSERVICE,32242
32243,3128,TCP,HTTP,32243
32244,5900,UDP,SSH,32244
32245,443,TCP,HTTPS,32245
32246,21,TCP,FTP,32246
32247,587,UDP,FTP,32247
32248,587,UDP,HTTP,32248
32249,5432,TCP,DAAPD,32249
32250,53,TCP,SNMP,32250
32251,5900,UDP,MDS,32251
32252,53,UDP,DNS,32252
32253,443,TCP,IRDMI,32253
32254,21,TCP,HPSERVICE,32254
32255,5432,TCP,HPSERVICE,32255
32256,9100,TCP,RDP,32256
32257,993,UDP,TELNET,32257
32258,8000,UDP,ZABBIX,32258
32259,443,UDP,HTTPS,32259
32260,10001,UDP,FTP,32260
32261,80,TCP,HTTPS,32261
32262,993,TCP,DNS,32262
32263,445,UDP,DNS,32263
32264,10051,TCP,RDP,32264
32265,1433,TCP,PGSQL,32265
32266,3689,TCP,HTTP,32266
32267,8000,TCP,UBIQUITY,32267
32268,3128,TCP,IMAP4,32268
32269,9100,UDP,SNMP,32269
32270,3128,UDP,SNMP,32270
32271,500,UDP,DAAPD,32271
32272,993,TCP,HTTP,32272
32273,80,UDP,EMS,32273
32274,5900,UDP,MSSQL,32274
32275,21,UDP,UBIQUITY,32275
32276,6969,TCP,IMAP4,32276
32277,443,TCP,IRDMI,32277
32278,23,UDP,MDS,32278
32279,5900,UDP,MSSQL,32279
32280,3389,TCP,IRDMI,32280
32281,53,UDP,VNC,32281
32282,587,TCP,MDS,32282
32283,5061,TCP,XMPP,32283
32284,5900,UDP,HPSERVICE,32284
32285,1344,UDP,ICAP,32285
32286,161,TCP,IRDMI,32286
32287,5222,UDP,MSSQL,32287
32288,443,TCP,HTTPS,32288
32289,53,UDP,DNS,32289
32290,53,UDP,DNS,32290
32291,443,TCP,HTTPS,32291
32292,993,TCP,IMAP4,32292
32293,443,TCP,HTTPS,32293
32294,993,TCP,IMAP4,32294
32295,80,TCP,HPSERVICE,32295
32296,3389,TCP,IRDMI,32296
32297,5432,UDP,ICAP,32297
32298,5061,UDP,TELNET,32298
32299,5060,TCP,ACMSODA,32299
32300,443,TCP,HTTPS,32300
32301,53,TCP,ACMSODA,32301
32302,587,TCP,RDP,32302
32303,3689,UDP,HPSERVICE,32303
32304,3689,TCP,PGSQL,32304
32305,443,TCP,UBIQUITY,32305
32306,5900,UDP,EMS,32306
32307,443,TCP,HTTPS,32307
32308,1433,TCP,MSSQL,32308
32309,443,TCP,HTTPS,32309
32310,21,UDP,ACMSODA,32310
32311,138,TCP,VNC,32311
32312,5060,TCP,NETBIOS,32312
32313,1433,UDP,ACMSODA,32313
32314,5061,UDP,DNS,32314
32315,445,TCP,MDS,32315
32316,443,TCP,UBIQUITY,32316
32317,22,UDP,SIP,32317
32318,443,TCP,TELNET,32318
32319,137,TCP,PGSQL,32319
32320,80,UDP,SNMP,32320
32321,3689,UDP,FTP,32321
32322,3689,UDP,HPSERVICE,32322
32323,161,TCP,IMAP4,32323
32324,3128,UDP,ICAP,32324
32325,21,UDP,ICAP,32325
32326,3128,UDP,ICAP,32326
32327,5900,UDP,HPSERVICE,32327
32328,443,TCP,HTTPS,32328
32329,161,TCP,HTTPS,32329
32330,443,TCP,HTTPS,32330
32331,1344,UDP,ICAP,32331
32332,22,UDP,SIP,32332
32333,3689,TCP,SSH,32333
32334,5900,UDP,MSSQL,32334
32335,10051,TCP,ISAKMP,32335
32336,137,UDP,IRDMI,32336
32337,23,TCP,HPSERVICE,32337
32338,587,UDP,RDP,32338
32339,5432,UDP,MSSQL,32339
32340,10001,TCP,EMS,32340
32341,443,TCP,HTTPS,32341
32342,21,UDP,MSSQL,32342
32343,1344,UDP,ICAP,32343
32344,8000,TCP,ICAP,32344
32345,443,TCP,HTTPS,32345
32346,443,UDP,HTTPS,32346
32347,3389,UDP,DNS,32347
32348,993,UDP,PGSQL,32348
32349,53,UDP,DNS,32349
32350,21,TCP,FTP,32350
32351,445,TCP,PGSQL,32351
32352,3389,UDP,SIP,32352
32353,5900,UDP,HTTP,32353
32354,5222,TCP,SNMP,32354
32355,53,UDP,DNS,32355
32356,500,UDP,DAAPD,32356
32357,23,UDP,MDS,32357
32358,22,TCP,HTTP,32358
32359,23,TCP,HTTP,32359
32360,21,TCP,FTP,32360
32361,80,TCP,PGSQL,32361
32362,3689,TCP,SSH,32362
32363,5061,UDP,TELNET,32363
32364,443,TCP,HTTPS,32364
32365,9100,TCP,IMAP4,32365
32366,22,TCP,VNC,32366
32367,5432,UDP,MSSQL,32367
32368,22,TCP,HTTP,32368
32369,3689,TCP,HPSERVICE,32369
32370,9100,TCP,RDP,32370
32371,5900,TCP,RDP,32371
32372,80,UDP,ZABBIX,32372
32373,21,TCP,FTP,32373
32374,445,UDP,HTTP,32374
32375,5900,TCP,FTP,32375
32376,22,UDP,IMAP4,32376
32377,5432,UDP,ICAP,32377
32378,993,TCP,RDP,32378
32379,500,TCP,RDP,32379
32380,3128,TCP,ACMSODA,32380
32381,5432,TCP,HPSERVICE,32381
32382,993,TCP,DNS,32382
32383,9100,TCP,RDP,32383
32384,3128,UDP,HPSERVICE,32384
32385,445,UDP,DNS,32385
32386,8000,TCP,MSSQL,32386
32387,443,TCP,HTTPS,32387
32388,1344,UDP,SSH,32388
32389,5900,UDP,SIP,32389
32390,443,TCP,HTTPS,32390
32391,8080,TCP,ZABBIX,32391
32392,22,TCP,HTTPS,32392
32393,8080,TCP,MSSQL,32393
32394,5432,UDP,ICAP,32394
32395,22,TCP,UBIQUITY,32395
32396,443,UDP,ISAKMP,32396
32397,80,TCP,EMS,32397
32398,53,UDP,DNS,32398
32399,5900,UDP,SIP,32399
32400,9100,UDP,IRDMI,32400
32401,587,UDP,XMPP,32401
32402,10051,TCP,ISAKMP,32402
32403,993,UDP,TELNET,32403
32404,8000,TCP,UBIQUITY,32404
32405,6969,TCP,UBIQUITY,32405
32406,22,TCP,VNC,32406
32407,21,TCP,HPSERVICE,32407
32408,445,UDP,HTTP,32408
32409,21,TCP,FTP,32409
32410,587,UDP,XMPP,32410
32411,500,TCP,IMAP4,32411
32412,3128,UDP,HPSERVICE,32412
32413,993,UDP,PGSQL,32413
32414,443,TCP,HTTPS,32414
32415,10051,UDP,VNC,32415
32416,5900,UDP,DAAPD,32416
32417,3128,TCP,HTTP,32417
32418,1433,UDP,EMS,32418
32419,443,TCP,HTTPS,32419
32420,587,UDP,XMPP,32420
32421,23,UDP,IRDMI,32421
32422,443,TCP,HTTPS,32422
32423,21,UDP,HTTPS,32423
32424,5060,UDP,TELNET,32424
32425,8080,UDP,UBIQUITY,32425
32426,138,UDP,IRDMI,32426
32427,993,UDP,PGSQL,32427
32428,9100,UDP,DAAPD,32428
32429,138,TCP,VNC,32429
32430,9100,UDP,MDS,32430
32431,6969,TCP,ISAKMP,32431
32432,587,TCP,PGSQL,32432
32433,5432,UDP,MSSQL,32433
32434,5061,UDP,PGSQL,32434
32435,80,UDP,SNMP,32435
32436,8080,UDP,ZABBIX,32436
32437,21,TCP,VNC,32437
32438,5900,TCP,FTP,32438
32439,22,TCP,HTTP,32439
32440,21,UDP,XMPP,32440
32441,53,UDP,DNS,32441
32442,22,TCP,UBIQUITY,32442
32443,500,UDP,RDP,32443
32444,443,UDP,MDS,32444
32445,5900,UDP,FTP,32445
32446,443,TCP,HTTPS,32446
32447,161,UDP,TELNET,32447
32448,587,UDP,XMPP,32448
32449,443,TCP,HTTPS,32449
32450,8000,TCP,UBIQUITY,32450
32451,161,UDP,PGSQL,32451
32452,8000,TCP,UBIQUITY,32452
32453,443,UDP,HTTPS,32453
32454,5432,UDP,MSSQL,32454
32455,80,TCP,HTTP,32455
32456,993,UDP,MDS,32456
32457,8000,TCP,SSH,32457
32458,443,TCP,HTTPS,32458
32459,21,UDP,ISAKMP,32459
32460,22,TCP,ZABBIX,32460
32461,1433,TCP,PGSQL,32461
32462,5432,UDP,DNS,32462
32463,80,UDP,XMPP,32463
32464,993,TCP,RDP,32464
32465,587,TCP,RDP,32465
32466,21,UDP,XMPP,32466
32467,22,TCP,UBIQUITY,32467
32468,443,TCP,HTTPS,32468
32469,9100,UDP,PGSQL,32469
32470,5900,TCP,RDP,32470
32471,5432,TCP,ZABBIX,32471
32472,443,TCP,HTTPS,32472
32473,22,UDP,SIP,32473
32474,6969,UDP,UBIQUITY,32474
32475,445,UDP,DNS,32475
32476,161,TCP,MSSQL,32476
32477,3689,TCP,HTTP,32477
32478,8000,TCP,HTTPS,32478
32479,1433,TCP,PGSQL,32479
32480,21,TCP,IMAP4,32480
32481,9100,UDP,PGSQL,32481
32482,80,TCP,HTTP,32482
32483,8000,TCP,MSSQL,32483
32484,500,TCP,SIP,32484
32485,80,TCP,HTTP,32485
32486,5900,UDP,ICAP,32486
32487,443,TCP,HTTPS,32487
32488,5432,UDP,ICAP,32488
32489,80,UDP,SNMP,32489
32490,5432,UDP,ACMSODA,32490
32491,443,TCP,HTTPS,32491
32492,5061,UDP,HTTPS,32492
32493,443,TCP,HTTPS,32493
32494,5222,UDP,SSH,32494
32495,3689,TCP,SSH,32495
32496,21,UDP,MSSQL,32496
32497,443,TCP,HTTPS,32497
32498,161,UDP,UBIQUITY,32498
32499,5432,UDP,IMAP4,32499
32500,443,TCP,HTTPS,32500
32501,443,TCP,HTTPS,32501
32502,137,TCP,IRDMI,32502
32503,443,TCP,IMAP4,32503
32504,1433,TCP,PGSQL,32504
32505,5432,UDP,RDP,32505
32506,443,TCP,HTTPS,32506
32507,23,UDP,SIP,32507
32508,6969,TCP,SNMP,32508
32509,80,UDP,DAAPD,32509
32510,53,TCP,MSSQL,32510
32511,1344,TCP,UBIQUITY,32511
32512,21,TCP,MSSQL,32512
32513,993,TCP,NETBIOS,32513
32514,8080,UDP,ICAP,32514
32515,161,TCP,RDP,32515
32516,8000,TCP,MSSQL,32516
32517,443,TCP,ACMSODA,32517
32518,500,UDP,MDS,32518
32519,443,TCP,HTTPS,32519
32520,5061,TCP,XMPP,32520
32521,23,TCP,RDP,32521
32522,161,UDP,VNC,32522
32523,10051,TCP,ISAKMP,32523
32524,161,UDP,FTP,32524
32525,137,UDP,RDP,32525
32526,5061,TCP,XMPP,32526
32527,1344,UDP,MDS,32527
32528,993,UDP,ISAKMP,32528
32529,587,UDP,FTP,32529
32530,445,UDP,HTTPS,32530
32531,587,TCP,PGSQL,32531
32532,445,TCP,SSH,32532
32533,5060,UDP,MDS,32533
32534,3689,TCP,TELNET,32534
32535,3389,TCP,ACMSODA,32535
32536,443,TCP,HTTPS,32536
32537,10051,UDP,ICAP,32537
32538,22,TCP,VNC,32538
32539,21,UDP,MSSQL,32539
32540,10051,UDP,MSSQL,32540
32541,5222,TCP,SNMP,32541
32542,10001,TCP,ZABBIX,32542
32543,3128,UDP,ICAP,32543
32544,53,TCP,MSSQL,32544
32545,53,UDP,NETBIOS,32545
32546,443,TCP,HTTPS,32546
32547,80,UDP,EMS,32547
32548,80,UDP,ZABBIX,32548
32549,443,TCP,VNC,32549
32550,3689,UDP,UBIQUITY,32550
32551,5060,TCP,NETBIOS,32551
32552,10001,TCP,EMS,32552
32553,587,UDP,HTTP,32553
32554,6969,UDP,ICAP,32554
32555,443,TCP,HTTPS,32555
32556,23,TCP,VNC,32556
32557,1344,TCP,UBIQUITY,32557
32558,443,TCP,UBIQUITY,32558
32559,1344,TCP,HPSERVICE,32559
32560,993,TCP,SNMP,32560
32561,443,TCP,HTTPS,32561
32562,443,TCP,HTTPS,32562
32563,443,TCP,HTTPS,32563
32564,21,UDP,SIP,32564
32565,21,TCP,FTP,32565
32566,5222,TCP,HTTPS,32566
32567,443,TCP,HTTPS,32567
32568,443,UDP,HTTPS,32568
32569,80,TCP,HTTP,32569
32570,443,TCP,SNMP,32570
32571,10001,TCP,MDS,32571
32572,21,TCP,DAAPD,32572
32573,6969,TCP,ISAKMP,32573
32574,8000,UDP,NETBIOS,32574
32575,138,TCP,DNS,32575
32576,53,UDP,DNS,32576
32577,443,TCP,HTTPS,32577
32578,5432,TCP,XMPP,32578
32579,138,TCP,IRDMI,32579
32580,443,TCP,HTTPS,32580
32581,5432,UDP,MSSQL,32581
32582,3389,UDP,SNMP,32582
32583,138,TCP,ACMSODA,32583
32584,5060,TCP,NETBIOS,32584
32585,10001,UDP,TELNET,32585
32586,138,UDP,MDS,32586
32587,5061,TCP,VNC,32587
32588,587,UDP,HTTP,32588
32589,21,TCP,FTP,32589
32590,3128,TCP,SNMP,32590
32591,443,UDP,HTTPS,32591
32592,443,TCP,ACMSODA,32592
32593,500,UDP,XMPP,32593
32594,137,TCP,PGSQL,32594
32595,21,UDP,HTTPS,32595
32596,80,UDP,SIP,32596
32597,9100,TCP,SNMP,32597
32598,443,TCP,HTTPS,32598
32599,5432,TCP,DAAPD,32599
32600,80,TCP,HTTP,32600
32601,138,TCP,RDP,32601
32602,8080,UDP,ICAP,32602
32603,161,TCP,VNC,32603
32604,8000,TCP,SSH,32604
32605,53,UDP,DNS,32605
32606,5061,TCP,VNC,32606
32607,23,TCP,HPSERVICE,32607
32608,10051,TCP,ISAKMP,32608
32609,1344,UDP,MDS,32609
32610,80,TCP,HTTPS,32610
32611,5432,UDP,ICAP,32611
32612,443,TCP,ACMSODA,32612
32613,8000,UDP,DNS,32613
32614,80,TCP,HTTP,32614
32615,443,TCP,HTTPS,32615
32616,21,UDP,ACMSODA,32616
32617,993,UDP,TELNET,32617
32618,80,TCP,HTTP,32618
32619,443,TCP,HTTPS,32619
32620,23,TCP,HPSERVICE,32620
32621,80,UDP,ZABBIX,32621
32622,3389,UDP,PGSQL,32622
32623,993,UDP,PGSQL,32623
32624,53,UDP,XMPP,32624
32625,23,UDP,TELNET,32625
32626,443,TCP,HTTPS,32626
32627,500,UDP,SNMP,32627
32628,587,TCP,ACMSODA,32628
32629,21,TCP,IMAP4,32629
32630,3389,TCP,ACMSODA,32630
32631,5060,TCP,IMAP4,32631
32632,10001,TCP,EMS,32632
32633,80,TCP,HTTP,32633
32634,9100,UDP,DAAPD,32634
32635,137,UDP,HTTPS,32635
32636,8000,UDP,SIP,32636
32637,993,UDP,HPSERVICE,32637
32638,22,UDP,IRDMI,32638
32639,1344,TCP,IMAP4,32639
32640,8080,TCP,FTP,32640
32641,443,TCP,HTTPS,32641
32642,21,UDP,ACMSODA,32642
32643,5900,TCP,FTP,32643
32644,161,UDP,SSH,32644
32645,443,TCP,HTTPS,32645
32646,5061,TCP,VNC,32646
32647,138,UDP,ZABBIX,32647
32648,9100,UDP,PGSQL,32648
32649,5432,UDP,ICAP,32649
32650,80,TCP,FTP,32650
32651,3689,TCP,HPSERVICE,32651
32652,993,TCP,PGSQL,32652
32653,21,TCP,FTP,32653
32654,5061,UDP,TELNET,32654
32655,500,UDP,FTP,32655
32656,10051,TCP,DNS,32656
32657,1433,TCP,HTTPS,32657
32658,3128,UDP,ICAP,32658
32659,993,UDP,TELNET,32659
32660,5060,UDP,RDP,32660
32661,993,UDP,TELNET,32661
32662,443,TCP,HTTPS,32662
32663,5061,TCP,VNC,32663
32664,3689,TCP,TELNET,32664
32665,500,TCP,PGSQL,32665
32666,5222,TCP,EMS,32666
32667,80,TCP,HTTP,32667
32668,500,TCP,PGSQL,32668
32669,587,UDP,XMPP,32669
32670,5222,TCP,MDS,32670
32671,1433,TCP,MDS,32671
32672,6969,TCP,SNMP,32672
32673,22,TCP,UBIQUITY,32673
32674,5061,TCP,VNC,32674
32675,5061,UDP,ACMSODA,32675
32676,443,UDP,MDS,32676
32677,443,TCP,HTTPS,32677
32678,443,TCP,HTTPS,32678
32679,53,UDP,XMPP,32679
32680,5432,UDP,MSSQL,32680
32681,500,UDP,XMPP,32681
32682,138,TCP,SSH,32682
32683,5900,TCP,IRDMI,32683
32684,8000,TCP,SIP,32684
32685,3389,TCP,SSH,32685
32686,1344,TCP,UBIQUITY,32686
32687,138,TCP,ACMSODA,32687
32688,137,TCP,PGSQL,32688
32689,138,TCP,SSH,32689
32690,5900,UDP,EMS,32690
32691,5900,TCP,MSSQL,32691
32692,5432,UDP,ACMSODA,32692
32693,8080,UDP,MSSQL,32693
32694,3689,UDP,VNC,32694
32695,5432,UDP,MSSQL,32695
32696,1433,UDP,XMPP,32696
32697,1433,TCP,EMS,32697
32698,5060,TCP,NETBIOS,32698
32699,161,UDP,IRDMI,32699
32700,80,TCP,HTTP,32700
32701,443,TCP,HTTPS,32701
32702,21,UDP,MSSQL,32702
32703,443,TCP,HTTPS,32703
32704,443,TCP,HTTPS,32704
32705,5060,TCP,IMAP4,32705
32706,993,TCP,PGSQL,32706
32707,5900,UDP,NETBIOS,32707
32708,500,UDP,XMPP,32708
32709,5432,UDP,MSSQL,32709
32710,5060,UDP,NETBIOS,32710
32711,3128,UDP,ICAP,32711
32712,443,TCP,HTTPS,32712
32713,23,TCP,HPSERVICE,32713
32714,10001,TCP,ZABBIX,32714
32715,8080,UDP,ACMSODA,32715
32716,21,UDP,SSH,32716
32717,6969,UDP,RDP,32717
32718,53,UDP,NETBIOS,32718
32719,53,UDP,FTP,32719
32720,5432,TCP,PGSQL,32720
32721,443,TCP,HTTPS,32721
32722,137,TCP,RDP,32722
32723,443,TCP,HTTPS,32723
32724,3689,UDP,SNMP,32724
32725,1344,UDP,HTTP,32725
32726,10001,TCP,EMS,32726
32727,3389,UDP,PGSQL,32727
32728,3128,UDP,VNC,32728
32729,161,TCP,DAAPD,32729
32730,500,TCP,IMAP4,32730
32731,21,UDP,HTTPS,32731
32732,10051,TCP,ISAKMP,32732
32733,3689,UDP,FTP,32733
32734,500,UDP,DNS,32734
32735,3128,UDP,ZABBIX,32735
32736,443,TCP,HTTPS,32736
32737,443,TCP,HTTPS,32737
32738,5061,UDP,DNS,32738
32739,3689,TCP,SIP,32739
32740,443,TCP,HTTPS,32740
32741,1344,UDP,DAAPD,32741
32742,80,TCP,HTTP,32742
32743,5061,UDP,TELNET,32743
32744,161,UDP,VNC,32744
32745,53,UDP,NETBIOS,32745
32746,53,UDP,DNS,32746
32747,443,TCP,IMAP4,32747
32748,10051,UDP,VNC,32748
32749,993,TCP,NETBIOS,32749
32750,22,UDP,TELNET,32750
32751,5900,TCP,FTP,32751
32752,1433,UDP,ISAKMP,32752
32753,22,UDP,SIP,32753
32754,443,TCP,HTTPS,32754
32755,21,UDP,SIP,32755
32756,5432,UDP,ISAKMP,32756
32757,1344,TCP,UBIQUITY,32757
32758,3389,UDP,IRDMI,32758
32759,80,UDP,ZABBIX,32759
32760,8080,UDP,FTP,32760
32761,1344,TCP,TELNET,32761
32762,1344,TCP,NETBIOS,32762
32763,161,TCP,XMPP,32763
32764,3689,TCP,HTTP,32764
32765,587,TCP,RDP,32765
32766,137,TCP,ISAKMP,32766
32767,3689,TCP,ACMSODA,32767
32768,5432,TCP,RDP,32768
32769,3689,UDP,IMAP4,32769
32770,21,TCP,VNC,32770
32771,443,TCP,HTTPS,32771
32772,1344,TCP,SNMP,32772
32773,5900,UDP,MDS,32773
32774,5060,TCP,MDS,32774
32775,500,UDP,DAAPD,32775
32776,1344,UDP,DAAPD,32776
32777,993,UDP,MDS,32777
32778,5432,UDP,MSSQL,32778
32779,443,TCP,HTTPS,32779
32780,5432,UDP,NETBIOS,32780
32781,500,UDP,DAAPD,32781
32782,500,UDP,RDP,32782
32783,445,UDP,HTTPS,32783
32784,21,UDP,RDP,32784
32785,10051,UDP,VNC,32785
32786,23,TCP,HPSERVICE,32786
32787,6969,UDP,DNS,32787
32788,993,UDP,DAAPD,32788
32789,443,TCP,HTTPS,32789
32790,5222,UDP,SNMP,32790
32791,993,TCP,RDP,32791
32792,443,TCP,HTTPS,32792
32793,993,UDP,TELNET,32793
32794,5222,TCP,SNMP,32794
32795,1344,TCP,IMAP4,32795
32796,53,UDP,DNS,32796
32797,443,UDP,ACMSODA,32797
32798,23,UDP,TELNET,32798
32799,443,TCP,HTTPS,32799
32800,993,TCP,NETBIOS,32800
32801,5900,TCP,UBIQUITY,32801
32802,53,UDP,DNS,32802
32803,3689,UDP,FTP,32803
32804,443,TCP,RDP,32804
32805,10051,UDP,MDS,32805
32806,1433,TCP,XMPP,32806
32807,1344,TCP,NETBIOS,32807
32808,1344,UDP,ISAKMP,32808
32809,21,UDP,ACMSODA,32809
32810,53,UDP,XMPP,32810
32811,8080,TCP,ZABBIX,32811
32812,500,TCP,PGSQL,32812
32813,1433,UDP,ACMSODA,32813
32814,53,UDP,DNS,32814
32815,53,UDP,DNS,32815
32816,443,TCP,HTTPS,32816
32817,443,TCP,HTTPS,32817
32818,80,TCP,HTTP,32818
32819,8000,UDP,UBIQUITY,32819
32820,138,TCP,ICAP,32820
32821,5432,UDP,ACMSODA,32821
32822,443,TCP,HTTPS,32822
32823,443,TCP,HTTPS,32823
32824,3128,UDP,ZABBIX,32824
32825,443,TCP,HTTPS,32825
32826,21,UDP,MSSQL,32826
32827,443,TCP,TELNET,32827
32828,9100,TCP,IRDMI,32828
32829,6969,TCP,ZABBIX,32829
32830,80,TCP,HTTP,32830
32831,8000,UDP,NETBIOS,32831
32832,5900,TCP,PGSQL,32832
32833,3689,TCP,ICAP,32833
32834,5900,UDP,HTTP,32834
32835,445,TCP,SSH,32835
32836,21,TCP,IMAP4,32836
32837,3689,TCP,ICAP,32837
32838,5222,TCP,HTTPS,32838
32839,1433,TCP,EMS,32839
32840,5432,UDP,HTTPS,32840
32841,23,TCP,HPSERVICE,32841
32842,443,TCP,HTTPS,32842
32843,5432,TCP,DAAPD,32843
32844,3689,TCP,SSH,32844
32845,6969,UDP,DAAPD,32845
32846,9100,UDP,PGSQL,32846
32847,8000,UDP,HPSERVICE,32847
32848,443,UDP,MDS,32848
32849,993,TCP,UBIQUITY,32849
32850,10051,UDP,SIP,32850
32851,5432,TCP,PGSQL,32851
32852,443,TCP,HTTPS,32852
32853,500,TCP,PGSQL,32853
32854,138,UDP,HPSERVICE,32854
32855,8080,UDP,SSH,32855
32856,500,TCP,IMAP4,32856
32857,5060,TCP,HPSERVICE,32857
32858,8080,TCP,EMS,32858
32859,443,TCP,HTTPS,32859
32860,1344,TCP,TELNET,32860
32861,161,UDP,FTP,32861
32862,22,UDP,TELNET,32862
32863,23,UDP,MSSQL,32863
32864,445,UDP,DNS,32864
32865,21,UDP,XMPP,32865
32866,443,UDP,IRDMI,32866
32867,137,TCP,HTTPS,32867
32868,22,TCP,HTTP,32868
32869,443,TCP,HTTPS,32869
32870,5900,UDP,FTP,32870
32871,80,UDP,HTTP,32871
32872,500,UDP,DAAPD,32872
32873,993,TCP,IMAP4,32873
32874,3389,UDP,RDP,32874
32875,443,TCP,HTTPS,32875
32876,587,TCP,PGSQL,32876
32877,1344,TCP,SSH,32877
32878,5432,TCP,VNC,32878
32879,23,TCP,HPSERVICE,32879
32880,5060,TCP,NETBIOS,32880
32881,22,UDP,VNC,32881
32882,21,UDP,ACMSODA,32882
32883,10001,UDP,PGSQL,32883
32884,3689,TCP,HPSERVICE,32884
32885,1344,TCP,UBIQUITY,32885
32886,500,TCP,SSH,32886
32887,443,TCP,UBIQUITY,32887
32888,5061,TCP,IMAP4,32888
32889,137,TCP,HTTPS,32889
32890,443,TCP,HTTPS,32890
32891,5060,TCP,ACMSODA,32891
32892,445,UDP,IMAP4,32892
32893,445,TCP,EMS,32893
32894,587,TCP,ZABBIX,32894
32895,1344,UDP,ICAP,32895
32896,138,TCP,SSH,32896
32897,500,UDP,NETBIOS,32897
32898,5061,TCP,VNC,32898
32899,8080,UDP,ICAP,32899
32900,9100,TCP,RDP,32900
32901,3128,UDP,ICAP,32901
32902,1344,UDP,DAAPD,32902
32903,500,UDP,XMPP,32903
32904,1433,TCP,XMPP,32904
32905,1433,TCP,PGSQL,32905
32906,5061,TCP,XMPP,32906
32907,443,UDP,HTTPS,32907
32908,3689,UDP,FTP,32908
32909,22,UDP,PGSQL,32909
32910,5061,TCP,VNC,32910
32911,1344,UDP,ICAP,32911
32912,138,TCP,ACMSODA,32912
32913,445,UDP,HTTP,32913
32914,1344,TCP,UBIQUITY,32914
32915,53,UDP,DNS,32915
32916,161,TCP,IMAP4,32916
32917,3128,TCP,HTTP,32917
32918,445,UDP,TELNET,32918
32919,21,TCP,EMS,32919
32920,80,TCP,HPSERVICE,32920
32921,21,TCP,DAAPD,32921
32922,500,UDP,TELNET,32922
32923,5432,UDP,MSSQL,32923
32924,5900,TCP,PGSQL,32924
32925,8080,TCP,HTTP,32925
32926,80,TCP,HTTP,32926
32927,443,TCP,HTTPS,32927
32928,993,TCP,IMAP4,32928
32929,5432,UDP,IMAP4,32929
32930,6969,UDP,HTTP,32930
32931,23,TCP,IMAP4,32931
32932,587,TCP,DAAPD,32932
32933,53,UDP,XMPP,32933
32934,3389,TCP,HPSERVICE,32934
32935,443,TCP,HTTPS,32935
32936,5900,TCP,MDS,32936
32937,5432,TCP,DAAPD,32937
32938,5432,UDP,DNS,32938
32939,5222,UDP,PGSQL,32939
32940,443,TCP,HTTPS,32940
32941,443,TCP,XMPP,32941
32942,443,TCP,HTTPS,32942
32943,1433,TCP,SSH,32943
32944,10001,UDP,PGSQL,32944
32945,5432,UDP,ACMSODA,32945
32946,443,TCP,HTTPS,32946
32947,443,TCP,HTTPS,32947
32948,443,TCP,HTTPS,32948
32949,500,UDP,XMPP,32949
32950,8080,UDP,FTP,32950
32951,5222,TCP,HTTPS,32951
32952,445,UDP,DAAPD,32952
32953,3389,UDP,IRDMI,32953
32954,993,UDP,DAAPD,32954
32955,3128,UDP,HPSERVICE,32955
32956,993,TCP,NETBIOS,32956
32957,443,TCP,HTTPS,32957
32958,5432,TCP,SSH,32958
32959,445,UDP,HTTPS,32959
32960,80,TCP,FTP,32960
32961,5900,UDP,EMS,32961
32962,443,TCP,HTTPS,32962
32963,8000,TCP,UBIQUITY,32963
32964,445,UDP,DAAPD,32964
32965,443,TCP,HTTPS,32965
32966,5900,UDP,NETBIOS,32966
32967,22,TCP,FTP,32967
32968,21,TCP,IMAP4,32968
32969,21,TCP,FTP,32969
32970,443,UDP,ISAKMP,32970
32971,443,UDP,HTTPS,32971
32972,443,TCP,HTTPS,32972
32973,161,UDP,SIP,32973
32974,10051,TCP,ISAKMP,32974
32975,5061,UDP,DNS,32975
32976,5061,UDP,EMS,32976
32977,23,TCP,HTTP,32977
32978,9100,UDP,SNMP,32978
32979,443,UDP,UBIQUITY,32979
32980,443,TCP,SIP,32980
32981,443,TCP,HTTPS,32981
32982,443,TCP,IMAP4,32982
32983,3689,UDP,VNC,32983
32984,6969,TCP,ACMSODA,32984
32985,993,UDP,TELNET,32985
32986,1433,UDP,MSSQL,32986
32987,22,TCP,VNC,32987
32988,5432,UDP,ICAP,32988
32989,137,TCP,MSSQL,32989
32990,53,TCP,SNMP,32990
32991,5432,UDP,ACMSODA,32991
32992,8080,UDP,TELNET,32992
32993,10001,TCP,HPSERVICE,32993
32994,8000,UDP,SIP,32994
32995,138,TCP,SSH,32995
32996,137,UDP,XMPP,32996
32997,8080,TCP,EMS,32997
32998,138,TCP,DNS,32998
32999,3389,TCP,MSSQL,32999
33000,80,UDP,DAAPD,33000
33001,5900,TCP,IRDMI,33001
33002,23,UDP,FTP,33002
33003,445,TCP,IRDMI,33003
33004,21,TCP,FTP,33004
33005,161,TCP,IRDMI,33005
33006,443,TCP,HTTPS,33006
33007,3389,UDP,PGSQL,33007
33008,443,TCP,HTTPS,33008
33009,53,UDP,ISAKMP,33009
33010,5060,TCP,HTTPS,33010
33011,993,TCP,RDP,33011
33012,443,TCP,HTTPS,33012
33013,993,TCP,NETBIOS,33013
33014,587,UDP,HTTP,33014
33015,5432,UDP,NETBIOS,33015
33016,6969,UDP,SNMP,33016
33017,53,UDP,DNS,33017
33018,443,UDP,UBIQUITY,33018
33019,3128,TCP,UBIQUITY,33019
33020,5061,TCP,VNC,33020
33021,5060,UDP,PGSQL,33021
33022,10051,UDP,ACMSODA,33022
33023,80,TCP,HTTP,33023
33024,5432,TCP,DAAPD,33024
33025,5060,TCP,NETBIOS,33025
33026,5222,TCP,MDS,33026
33027,443,UDP,ISAKMP,33027
33028,80,TCP,PGSQL,33028
33029,137,TCP,HTTPS,33029
33030,5432,UDP,HTTPS,33030
33031,443,TCP,HTTPS,33031
33032,1344,TCP,TELNET,33032
33033,3689,TCP,TELNET,33033
33034,5060,TCP,MDS,33034
33035,3389,UDP,IRDMI,33035
33036,3689,UDP,FTP,33036
33037,5060,UDP,RDP,33037
33038,10001,TCP,FTP,33038
33039,9100,TCP,MDS,33039
33040,1344,TCP,TELNET,33040
33041,5432,TCP,RDP,33041
33042,161,TCP,IRDMI,33042
33043,3128,TCP,HTTP,33043
33044,443,TCP,HTTP,33044
33045,80,UDP,XMPP,33045
33046,443,UDP,IRDMI,33046
33047,23,UDP,MDS,33047
33048,53,UDP,ISAKMP,33048
33049,443,UDP,SNMP,33049
33050,80,UDP,ZABBIX,33050
33051,445,UDP,DNS,33051
33052,10051,UDP,SIP,33052
33053,23,UDP,TELNET,33053
33054,5061,TCP,XMPP,33054
33055,80,UDP,ZABBIX,33055
33056,443,TCP,HTTPS,33056
33057,5060,UDP,MSSQL,33057
33058,5432,UDP,IMAP4,33058
33059,443,TCP,HTTPS,33059
33060,587,TCP,PGSQL,33060
33061,443,TCP,HTTPS,33061
33062,443,TCP,HTTPS,33062
33063,1433,TCP,MDS,33063
33064,587,TCP,ACMSODA,33064
33065,8080,TCP,FTP,33065
33066,500,UDP,TELNET,33066
33067,5900,UDP,SIP,33067
33068,500,UDP,DAAPD,33068
33069,587,UDP,ISAKMP,33069
33070,443,TCP,HTTPS,33070
33071,993,TCP,HTTP,33071
33072,443,TCP,HTTPS,33072
33073,443,TCP,HTTPS,33073
33074,3128,UDP,SNMP,33074
33075,80,UDP,SNMP,33075
33076,5060,TCP,IMAP4,33076
33077,500,UDP,DAAPD,33077
33078,500,UDP,RDP,33078
33079,21,TCP,IRDMI,33079
33080,500,UDP,RDP,33080
33081,5432,UDP,MSSQL,33081
33082,443,UDP,FTP,33082
33083,587,UDP,HTTP,33083
33084,22,TCP,HTTP,33084
33085,22,TCP,FTP,33085
33086,23,TCP,HPSERVICE,33086
33087,443,TCP,UBIQUITY,33087
33088,993,TCP,NETBIOS,33088
33089,3128,UDP,ICAP,33089
33090,1344,UDP,SSH,33090
33091,500,TCP,DNS,33091
33092,161,UDP,SNMP,33092
33093,587,UDP,ICAP,33093
33094,5432,TCP,RDP,33094
33095,5900,TCP,PGSQL,33095
33096,161,TCP,RDP,33096
33097,22,UDP,VNC,33097
33098,10051,UDP,VNC,33098
33099,1344,TCP,UBIQUITY,33099
33100,5061,UDP,EMS,33100
33101,3389,TCP,HPSERVICE,33101
33102,3128,TCP,SNMP,33102
33103,10051,TCP,ZABBIX,33103
33104,8000,TCP,DNS,33104
33105,10001,TCP,MDS,33105
33106,5222,UDP,EMS,33106
33107,443,UDP,TELNET,33107
33108,10051,UDP,HPSERVICE,33108
33109,9100,TCP,SSH,33109
33110,10051,UDP,ICAP,33110
33111,8080,UDP,PGSQL,33111
33112,5900,UDP,FTP,33112
33113,5222,TCP,NETBIOS,33113
33114,993,UDP,ISAKMP,33114
33115,80,UDP,SIP,33115
33116,500,TCP,IMAP4,33116
33117,53,UDP,DNS,33117
33118,5222,TCP,ICAP,33118
33119,3389,UDP,ZABBIX,33119
33120,443,TCP,HTTPS,33120
33121,1344,UDP,ICAP,33121
33122,53,UDP,DNS,33122
33123,5060,UDP,TELNET,33123
33124,3128,UDP,SNMP,33124
33125,443,TCP,HTTPS,33125
33126,3689,TCP,SSH,33126
33127,138,UDP,ZABBIX,33127
33128,21,TCP,FTP,33128
33129,5900,UDP,MSSQL,33129
33130,161,TCP,TELNET,33130
33131,21,UDP,ICAP,33131
33132,445,TCP,MDS,33132
33133,587,UDP,IRDMI,33133
33134,5060,TCP,ACMSODA,33134
33135,443,TCP,HTTPS,33135
33136,21,UDP,RDP,33136
33137,3128,UDP,SNMP,33137
33138,5060,UDP,RDP,33138
33139,445,UDP,MDS,33139
33140,587,UDP,HPSERVICE,33140
33141,1344,TCP,NETBIOS,33141
33142,10001,UDP,NETBIOS,33142
33143,993,TCP,IMAP4,33143
33144,1433,UDP,HTTP,33144
33145,137,TCP,MSSQL,33145
33146,443,TCP,HTTPS,33146
33147,5432,TCP,SSH,33147
33148,21,TCP,FTP,33148
33149,3689,UDP,UBIQUITY,33149
33150,53,UDP,DNS,33150
33151,993,TCP,DNS,33151
33152,443,TCP,HTTPS,33152
33153,500,UDP,DNS,33153
33154,9100,UDP,DAAPD,33154
33155,3389,UDP,RDP,33155
33156,53,UDP,DNS,33156
33157,21,TCP,SSH,33157
33158,993,UDP,PGSQL,33158
33159,53,UDP,XMPP,33159
33160,161,UDP,SSH,33160
33161,5900,UDP,FTP,33161
33162,80,TCP,HTTP,33162
33163,161,UDP,PGSQL,33163
33164,993,UDP,TELNET,33164
33165,993,TCP,UBIQUITY,33165
33166,3689,TCP,SIP,33166
33167,10051,UDP,VNC,33167
33168,21,UDP,FTP,33168
33169,5222,UDP,EMS,33169
33170,3689,TCP,PGSQL,33170
33171,9100,TCP,SNMP,33171
33172,500,TCP,DNS,33172
33173,5222,UDP,DNS,33173
33174,5061,TCP,FTP,33174
33175,10001,UDP,HTTP,33175
33176,3128,UDP,ICAP,33176
33177,10051,UDP,DNS,33177
33178,5060,UDP,DAAPD,33178
33179,993,UDP,DAAPD,33179
33180,5061,UDP,ACMSODA,33180
33181,22,TCP,PGSQL,33181
33182,587,TCP,ZABBIX,33182
33183,137,TCP,XMPP,33183
33184,137,TCP,MSSQL,33184
33185,443,TCP,HTTPS,33185
33186,5061,UDP,HTTPS,33186
33187,443,UDP,HTTPS,33187
33188,993,TCP,FTP,33188
33189,993,TCP,PGSQL,33189
33190,3689,UDP,HTTP,33190
33191,8080,UDP,ACMSODA,33191
33192,500,TCP,PGSQL,33192
33193,6969,UDP,UBIQUITY,33193
33194,10051,TCP,ISAKMP,33194
33195,5061,TCP,VNC,33195
33196,53,UDP,NETBIOS,33196
33197,1433,TCP,XMPP,33197
33198,23,UDP,FTP,33198
33199,8080,UDP,ZABBIX,33199
33200,3389,TCP,SSH,33200
33201,5900,TCP,SNMP,33201
33202,443,TCP,HTTPS,33202
33203,80,TCP,HTTP,33203
33204,993,TCP,PGSQL,33204
33205,21,UDP,XMPP,33205
33206,587,UDP,IRDMI,33206
33207,23,TCP,RDP,33207
33208,137,TCP,PGSQL,33208
33209,1433,UDP,SSH,33209
33210,3389,TCP,IRDMI,33210
33211,3128,UDP,ICAP,33211
33212,5060,TCP,NETBIOS,33212
33213,9100,TCP,VNC,33213
33214,9100,UDP,SNMP,33214
33215,8000,TCP,SSH,33215
33216,443,TCP,HTTPS,33216
33217,1344,UDP,MDS,33217
33218,80,UDP,PGSQL,33218
33219,500,UDP,DAAPD,33219
33220,5060,TCP,NETBIOS,33220
33221,443,TCP,HTTPS,33221
33222,138,TCP,IRDMI,33222
33223,53,TCP,SNMP,33223
33224,500,TCP,FTP,33224
33225,5222,TCP,SNMP,33225
33226,3128,TCP,HTTP,33226
33227,8080,TCP,NETBIOS,33227
33228,137,TCP,ACMSODA,33228
33229,443,TCP,HTTPS,33229
33230,443,TCP,RDP,33230
33231,8000,TCP,UBIQUITY,33231
33232,22,UDP,ACMSODA,33232
33233,80,UDP,DAAPD,33233
33234,80,TCP,HTTP,33234
33235,3689,TCP,HPSERVICE,33235
33236,53,UDP,XMPP,33236
33237,5900,TCP,EMS,33237
33238,587,UDP,IRDMI,33238
33239,8000,TCP,SSH,33239
33240,993,TCP,PGSQL,33240
33241,3389,TCP,MDS,33241
33242,443,TCP,HTTPS,33242
33243,443,TCP,HTTPS,33243
33244,53,UDP,FTP,33244
33245,137,TCP,RDP,33245
33246,5060,UDP,MSSQL,33246
33247,22,TCP,VNC,33247
33248,5060,TCP,HTTP,33248
33249,5222,TCP,SNMP,33249
33250,9100,UDP,PGSQL,33250
33251,53,UDP,DNS,33251
33252,443,TCP,IRDMI,33252
33253,993,TCP,PGSQL,33253
33254,443,TCP,HTTPS,33254
33255,21,UDP,ACMSODA,33255
33256,5432,UDP,ISAKMP,33256
33257,80,TCP,HTTP,33257
33258,80,TCP,FTP,33258
33259,9100,TCP,IRDMI,33259
33260,443,TCP,HTTPS,33260
33261,443,TCP,HTTPS,33261
33262,5222,TCP,SNMP,33262
33263,137,UDP,DNS,33263
33264,23,UDP,SIP,33264
33265,8000,TCP,SSH,33265
33266,443,UDP,HTTPS,33266
33267,5061,UDP,TELNET,33267
33268,138,TCP,DNS,33268
33269,161,TCP,TELNET,33269
33270,3389,UDP,SNMP,33270
33271,993,TCP,IMAP4,33271
33272,5432,UDP,HTTPS,33272
33273,5222,TCP,HTTPS,33273
33274,53,UDP,DNS,33274
33275,6969,TCP,IMAP4,33275
33276,5222,UDP,EMS,33276
33277,443,TCP,UBIQUITY,33277
33278,22,UDP,PGSQL,33278
33279,1433,TCP,UBIQUITY,33279
33280,80,TCP,HTTP,33280
33281,6969,UDP,ZABBIX,33281
33282,3128,UDP,IRDMI,33282
33283,443,TCP,HTTPS,33283
33284,5432,TCP,DAAPD,33284
33285,21,UDP,MSSQL,33285
33286,587,TCP,PGSQL,33286
33287,80,TCP,FTP,33287
33288,500,TCP,PGSQL,33288
33289,10001,TCP,MDS,33289
33290,500,UDP,SNMP,33290
33291,1433,TCP,HTTPS,33291
33292,5061,UDP,TELNET,33292
33293,138,UDP,ZABBIX,33293
33294,5900,TCP,RDP,33294
33295,10051,UDP,VNC,33295
33296,5900,UDP,MDS,33296
33297,80,TCP,HPSERVICE,33297
33298,1344,UDP,ICAP,33298
33299,138,TCP,DNS,33299
33300,445,UDP,DAAPD,33300
33301,443,TCP,HTTPS,33301
33302,993,UDP,TELNET,33302
33303,22,TCP,VNC,33303
33304,9100,UDP,PGSQL,33304
33305,80,UDP,DAAPD,33305
33306,53,UDP,DNS,33306
33307,1433,UDP,ISAKMP,33307
33308,445,TCP,TELNET,33308
33309,5900,UDP,UBIQUITY,33309
33310,500,UDP,TELNET,33310
33311,443,TCP,HTTPS,33311
33312,587,TCP,ACMSODA,33312
33313,587,UDP,HTTP,33313
33314,21,UDP,MSSQL,33314
33315,993,TCP,SSH,33315
33316,161,UDP,UBIQUITY,33316
33317,6969,TCP,IMAP4,33317
33318,161,UDP,VNC,33318
33319,3689,UDP,TELNET,33319
33320,1433,TCP,UBIQUITY,33320
33321,3689,UDP,SSH,33321
33322,443,TCP,HTTPS,33322
33323,443,TCP,SNMP,33323
33324,443,TCP,HTTPS,33324
33325,1344,TCP,UBIQUITY,33325
33326,445,UDP,TELNET,33326
33327,9100,UDP,SSH,33327
33328,1344,UDP,PGSQL,33328
33329,80,TCP,HTTP,33329
33330,22,TCP,UBIQUITY,33330
33331,443,TCP,HTTPS,33331
33332,22,UDP,VNC,33332
33333,161,TCP,IRDMI,33333
33334,80,UDP,SIP,33334
33335,6969,UDP,DAAPD,33335
33336,1344,TCP,UBIQUITY,33336
33337,443,TCP,HTTPS,33337
33338,443,TCP,HTTPS,33338
33339,3389,UDP,IRDMI,33339
33340,5061,TCP,ACMSODA,33340
33341,587,UDP,TELNET,33341
33342,10051,UDP,ACMSODA,33342
33343,21,TCP,FTP,33343
33344,23,UDP,SIP,33344
33345,500,UDP,XMPP,33345
33346,5222,UDP,SSH,33346
33347,443,TCP,HTTPS,33347
33348,1344,TCP,NETBIOS,33348
33349,5222,UDP,SSH,33349
33350,3389,TCP,UBIQUITY,33350
33351,500,TCP,DNS,33351
33352,22,UDP,ISAKMP,33352
33353,443,TCP,HTTPS,33353
33354,23,UDP,FTP,33354
33355,10001,TCP,ZABBIX,33355
33356,3689,TCP,ICAP,33356
33357,21,TCP,FTP,33357
33358,10001,TCP,FTP,33358
33359,53,UDP,XMPP,33359
33360,500,TCP,PGSQL,33360
33361,5432,UDP,ICAP,33361
33362,443,TCP,HTTPS,33362
33363,1344,TCP,NETBIOS,33363
33364,53,UDP,DNS,33364
33365,993,TCP,DNS,33365
33366,21,TCP,FTP,33366
33367,443,TCP,HTTPS,33367
33368,8080,UDP,IRDMI,33368
33369,443,TCP,HTTPS,33369
33370,443,UDP,MDS,33370
33371,443,TCP,HTTPS,33371
33372,10051,UDP,ICAP,33372
33373,587,UDP,RDP,33373
33374,5432,UDP,VNC,33374
33375,443,TCP,ACMSODA,33375
33376,53,UDP,DNS,33376
33377,1433,TCP,ZABBIX,33377
33378,138,TCP,ACMSODA,33378
33379,587,UDP,RDP,33379
33380,21,TCP,FTP,33380
33381,1344,TCP,HPSERVICE,33381
33382,443,TCP,HTTPS,33382
33383,443,TCP,ACMSODA,33383
33384,993,TCP,DNS,33384
33385,993,UDP,ISAKMP,33385
33386,5432,UDP,MSSQL,33386
33387,9100,TCP,SSH,33387
33388,500,TCP,HTTPS,33388
33389,443,UDP,IRDMI,33389
33390,3128,UDP,ICAP,33390
33391,5900,UDP,FTP,33391
33392,443,UDP,IRDMI,33392
33393,22,TCP,ZABBIX,33393
33394,1344,TCP,TELNET,33394
33395,9100,UDP,ACMSODA,33395
33396,5222,UDP,HTTP,33396
33397,443,TCP,HTTPS,33397
33398,443,TCP,HTTPS,33398
33399,21,UDP,ACMSODA,33399
33400,5061,TCP,VNC,33400
33401,3689,UDP,IMAP4,33401
33402,5061,TCP,PGSQL,33402
33403,21,UDP,SSH,33403
33404,443,TCP,IMAP4,33404
33405,443,TCP,UBIQUITY,33405
33406,587,TCP,DAAPD,33406
33407,3689,TCP,PGSQL,33407
33408,9100,TCP,RDP,33408
33409,5061,TCP,VNC,33409
33410,5900,UDP,SIP,33410
33411,443,UDP,HTTPS,33411
33412,443,TCP,HTTPS,33412
33413,22,UDP,TELNET,33413
33414,21,UDP,FTP,33414
33415,23,UDP,MDS,33415
33416,8080,TCP,EMS,33416
33417,21,TCP,HPSERVICE,33417
33418,161,UDP,UBIQUITY,33418
33419,443,TCP,HTTPS,33419
33420,137,TCP,RDP,33420
33421,500,UDP,DAAPD,33421
33422,53,TCP,SNMP,33422
33423,587,TCP,SIP,33423
33424,10051,UDP,HPSERVICE,33424
33425,1344,UDP,ICAP,33425
33426,138,UDP,ZABBIX,33426
33427,10001,UDP,RDP,33427
33428,443,TCP,HTTPS,33428
33429,161,TCP,EMS,33429
33430,21,TCP,FTP,33430
33431,10001,UDP,DAAPD,33431
33432,993,UDP,PGSQL,33432
33433,10051,UDP,SIP,33433
33434,5432,UDP,ACMSODA,33434
33435,80,TCP,HTTP,33435
33436,22,UDP,ACMSODA,33436
33437,445,UDP,DNS,33437
33438,53,UDP,FTP,33438
33439,993,UDP,TELNET,33439
33440,10051,UDP,SIP,33440
33441,1344,TCP,TELNET,33441
33442,1433,TCP,EMS,33442
33443,3128,UDP,ICAP,33443
33444,5432,UDP,MSSQL,33444
33445,443,TCP,HTTPS,33445
33446,8000,TCP,UBIQUITY,33446
33447,8080,UDP,ACMSODA,33447
33448,3128,TCP,UBIQUITY,33448
33449,23,UDP,MDS,33449
33450,21,TCP,FTP,33450
33451,23,TCP,HPSERVICE,33451
33452,443,TCP,HTTPS,33452
33453,10001,TCP,EMS,33453
33454,21,UDP,MSSQL,33454
33455,23,TCP,RDP,33455
33456,138,UDP,PGSQL,33456
33457,161,TCP,MSSQL,33457
33458,161,TCP,IMAP4,33458
33459,443,TCP,HTTPS,33459
33460,3128,TCP,SNMP,33460
33461,993,TCP,RDP,33461
33462,8000,UDP,UBIQUITY,33462
33463,443,TCP,HTTPS,33463
33464,8080,UDP,ISAKMP,33464
33465,1433,UDP,DAAPD,33465
33466,6969,TCP,SIP,33466
33467,3689,UDP,XMPP,33467
33468,161,TCP,MSSQL,33468
33469,5900,UDP,SIP,33469
33470,443,TCP,HTTPS,33470
33471,161,UDP,SIP,33471
33472,22,TCP,PGSQL,33472
33473,445,UDP,IMAP4,33473
33474,443,TCP,HTTPS,33474
33475,8000,UDP,SIP,33475
33476,443,TCP,HTTPS,33476
33477,80,UDP,ZABBIX,33477
33478,10051,TCP,ISAKMP,33478
33479,443,UDP,HTTPS,33479
33480,161,TCP,SSH,33480
33481,22,UDP,ISAKMP,33481
33482,161,TCP,DAAPD,33482
33483,5432,TCP,XMPP,33483
33484,443,TCP,HTTP,33484
33485,80,TCP,EMS,33485
33486,21,TCP,FTP,33486
33487,500,UDP,RDP,33487
33488,443,TCP,HTTPS,33488
33489,5432,UDP,DNS,33489
33490,443,TCP,HTTPS,33490
33491,1433,TCP,EMS,33491
33492,3689,TCP,HTTP,33492
33493,5900,TCP,PGSQL,33493
33494,3128,UDP,ICAP,33494
33495,5432,UDP,ISAKMP,33495
33496,5432,TCP,VNC,33496
33497,500,UDP,RDP,33497
33498,3128,TCP,SSH,33498
33499,5222,UDP,SSH,33499
33500,8080,TCP,ZABBIX,33500
33501,443,TCP,ACMSODA,33501
33502,161,UDP,PGSQL,33502
33503,443,TCP,HTTPS,33503
33504,443,UDP,HTTPS,33504
33505,443,TCP,IMAP4,33505
33506,993,UDP,DAAPD,33506
33507,8080,UDP,TELNET,33507
33508,21,TCP,MDS,33508
33509,445,TCP,EMS,33509
33510,5900,UDP,NETBIOS,33510
33511,161,UDP,HPSERVICE,33511
33512,21,TCP,FTP,33512
33513,21,UDP,MSSQL,33513
33514,161,TCP,IRDMI,33514
33515,587,UDP,IRDMI,33515
33516,21,UDP,ACMSODA,33516
33517,161,UDP,PGSQL,33517
33518,443,TCP,HTTPS,33518
33519,993,TCP,SNMP,33519
33520,5060,TCP,ACMSODA,33520
33521,21,UDP,RDP,33521
33522,1344,TCP,NETBIOS,33522
33523,53,UDP,DNS,33523
33524,138,TCP,MSSQL,33524
33525,5222,UDP,SSH,33525
33526,5900,TCP,MSSQL,33526
33527,8000,TCP,UBIQUITY,33527
33528,10001,UDP,SNMP,33528
33529,5061,TCP,RDP,33529
33530,443,TCP,HTTPS,33530
33531,137,TCP,IRDMI,33531
33532,22,TCP,HTTP,33532
33533,5900,UDP,NETBIOS,33533
33534,9100,TCP,RDP,33534
33535,1433,UDP,XMPP,33535
33536,10051,UDP,PGSQL,33536
33537,5061,UDP,TELNET,33537
33538,3128,TCP,HTTPS,33538
33539,445,TCP,PGSQL,33539
33540,6969,TCP,ZABBIX,33540
33541,443,TCP,IRDMI,33541
33542,23,TCP,HPSERVICE,33542
33543,587,UDP,HTTP,33543
33544,8080,TCP,ZABBIX,33544
33545,80,TCP,HTTP,33545
33546,3689,UDP,ACMSODA,33546
33547,23,TCP,HPSERVICE,33547
33548,500,TCP,ICAP,33548
33549,8000,TCP,ICAP,33549
33550,137,TCP,IRDMI,33550
33551,500,TCP,PGSQL,33551
33552,53,UDP,DNS,33552
33553,443,UDP,ISAKMP,33553
33554,80,TCP,HTTP,33554
33555,21,UDP,MSSQL,33555
33556,443,TCP,RDP,33556
33557,3389,TCP,SSH,33557
33558,5900,UDP,MSSQL,33558
33559,587,TCP,ACMSODA,33559
33560,587,TCP,RDP,33560
33561,1344,UDP,EMS,33561
33562,23,UDP,IRDMI,33562
33563,21,TCP,FTP,33563
33564,5900,UDP,EMS,33564
33565,8080,TCP,EMS,33565
33566,443,TCP,HTTPS,33566
33567,445,UDP,TELNET,33567
33568,443,TCP,HTTPS,33568
33569,443,UDP,DAAPD,33569
33570,80,UDP,SNMP,33570
33571,993,TCP,UBIQUITY,33571
33572,5900,TCP,PGSQL,33572
33573,443,TCP,HTTPS,33573
33574,21,UDP,ACMSODA,33574
33575,5900,TCP,MSSQL,33575
33576,5900,UDP,SIP,33576
33577,9100,TCP,FTP,33577
33578,9100,TCP,IRDMI,33578
33579,8000,TCP,MSSQL,33579
33580,1344,TCP,HPSERVICE,33580
33581,443,TCP,HTTPS,33581
33582,3128,UDP,RDP,33582
33583,10051,UDP,VNC,33583
33584,3689,UDP,MSSQL,33584
33585,23,TCP,HPSERVICE,33585
33586,500,UDP,DNS,33586
33587,993,TCP,RDP,33587
33588,587,TCP,EMS,33588
33589,5222,UDP,SSH,33589
33590,443,TCP,HTTPS,33590
33591,21,TCP,VNC,33591
33592,8080,TCP,HTTP,33592
33593,23,TCP,HPSERVICE,33593
33594,587,TCP,DAAPD,33594
33595,80,TCP,HTTP,33595
33596,21,UDP,UBIQUITY,33596
33597,53,TCP,SNMP,33597
33598,993,TCP,DNS,33598
33599,8080,TCP,EMS,33599
33600,10051,UDP,SIP,33600
33601,1433,TCP,SNMP,33601
33602,443,TCP,HTTPS,33602
33603,10051,UDP,ICAP,33603
33604,443,TCP,HTTPS,33604
33605,161,TCP,IMAP4,33605
33606,22,TCP,HTTP,33606
33607,993,TCP,NETBIOS,33607
33608,587,UDP,TELNET,33608
33609,22,TCP,VNC,33609
33610,5900,UDP,TELNET,33610
33611,23,TCP,HPSERVICE,33611
33612,138,TCP,SSH,33612
33613,443,TCP,HTTPS,33613
33614,138,TCP,ICAP,33614
33615,5900,UDP,MSSQL,33615
33616,5060,UDP,ISAKMP,33616
33617,587,UDP,HTTP,33617
33618,8000,TCP,HTTPS,33618
33619,53,UDP,DNS,33619
33620,161,UDP,UBIQUITY,33620
33621,1344,TCP,EMS,33621
33622,138,TCP,DNS,33622
33623,993,TCP,SSH,33623
33624,161,TCP,IMAP4,33624
33625,22,TCP,HTTP,33625
33626,10001,UDP,SSH,33626
33627,21,TCP,FTP,33627
33628,1344,UDP,ICAP,33628
33629,443,UDP,FTP,33629
33630,443,TCP,HTTPS,33630
33631,3389,UDP,RDP,33631
33632,23,UDP,FTP,33632
33633,443,TCP,HTTPS,33633
33634,21,UDP,ACMSODA,33634
33635,443,TCP,HTTPS,33635
33636,5432,UDP,RDP,33636
33637,8080,TCP,ZABBIX,33637
33638,1433,TCP,EMS,33638
33639,137,UDP,HTTPS,33639
33640,161,TCP,TELNET,33640
33641,9100,TCP,FTP,33641
33642,5060,TCP,HTTP,33642
33643,138,UDP,VNC,33643
33644,53,UDP,DNS,33644
33645,1433,UDP,ZABBIX,33645
33646,80,UDP,ZABBIX,33646
33647,23,UDP,SIP,33647
33648,53,UDP,DNS,33648
33649,3389,TCP,HPSERVICE,33649
33650,21,TCP,FTP,33650
33651,500,TCP,UBIQUITY,33651
33652,138,UDP,ZABBIX,33652
33653,80,UDP,SNMP,33653
33654,161,TCP,IMAP4,33654
33655,1433,TCP,UBIQUITY,33655
33656,500,TCP,SIP,33656
33657,3689,TCP,ICAP,33657
33658,23,UDP,SIP,33658
33659,21,TCP,FTP,33659
33660,1344,TCP,UBIQUITY,33660
33661,5432,UDP,MSSQL,33661
33662,445,TCP,HPSERVICE,33662
33663,10001,UDP,FTP,33663
33664,443,TCP,HTTP,33664
33665,443,TCP,HTTPS,33665
33666,5432,UDP,DNS,33666
33667,443,TCP,HTTPS,33667
33668,23,UDP,SIP,33668
33669,161,TCP,IRDMI,33669
33670,80,UDP,SIP,33670
33671,500,TCP,FTP,33671
33672,137,TCP,HTTPS,33672
33673,443,TCP,HTTPS,33673
33674,500,UDP,SNMP,33674
33675,138,UDP,PGSQL,33675
33676,993,UDP,TELNET,33676
33677,5060,TCP,MDS,33677
33678,3689,TCP,HPSERVICE,33678
33679,443,TCP,HPSERVICE,33679
33680,443,TCP,HTTPS,33680
33681,53,UDP,ISAKMP,33681
33682,500,UDP,FTP,33682
33683,587,TCP,ZABBIX,33683
33684,21,UDP,MSSQL,33684
33685,443,TCP,HTTP,33685
33686,10051,UDP,HPSERVICE,33686
33687,161,UDP,FTP,33687
33688,80,TCP,FTP,33688
33689,137,TCP,ACMSODA,33689
33690,5432,TCP,VNC,33690
33691,443,TCP,HTTPS,33691
33692,445,UDP,TELNET,33692
33693,138,UDP,MDS,33693
33694,21,TCP,XMPP,33694
33695,443,TCP,HTTPS,33695
33696,3689,UDP,HTTP,33696
33697,500,UDP,XMPP,33697
33698,6969,TCP,DNS,33698
33699,10001,TCP,MDS,33699
33700,3128,TCP,SNMP,33700
33701,1344,UDP,ICAP,33701
33702,1344,TCP,TELNET,33702
33703,80,UDP,IRDMI,33703
33704,3689,UDP,FTP,33704
33705,5432,UDP,DNS,33705
33706,5061,UDP,HTTPS,33706
33707,5061,TCP,XMPP,33707
33708,80,TCP,HTTP,33708
33709,587,UDP,XMPP,33709
33710,443,TCP,HTTPS,33710
33711,5900,UDP,ICAP,33711
33712,22,TCP,ZABBIX,33712
33713,445,UDP,MDS,33713
33714,53,UDP,VNC,33714
33715,10001,TCP,FTP,33715
33716,443,TCP,HTTPS,33716
33717,443,TCP,VNC,33717
33718,3689,UDP,UBIQUITY,33718
33719,443,TCP,HTTPS,33719
33720,6969,TCP,ISAKMP,33720
33721,5900,UDP,UBIQUITY,33721
33722,8080,UDP,TELNET,33722
33723,10001,TCP,EMS,33723
33724,3128,UDP,SNMP,33724
33725,993,TCP,RDP,33725
33726,10051,UDP,VNC,33726
33727,5060,TCP,IMAP4,33727
33728,500,TCP,IMAP4,33728
33729,443,UDP,DAAPD,33729
33730,5900,TCP,PGSQL,33730
33731,138,TCP,ICAP,33731
33732,3389,UDP,SNMP,33732
33733,587,UDP,RDP,33733
33734,5432,TCP,DAAPD,33734
33735,443,TCP,HTTPS,33735
33736,1433,TCP,EMS,33736
33737,161,TCP,IRDMI,33737
33738,500,UDP,DAAPD,33738
33739,500,TCP,PGSQL,33739
33740,5900,UDP,DAAPD,33740
33741,5060,TCP,ACMSODA,33741
33742,5222,TCP,ICAP,33742
33743,9100,TCP,MDS,33743
33744,1344,TCP,HPSERVICE,33744
33745,3128,UDP,SNMP,33745
33746,500,UDP,RDP,33746
33747,8080,UDP,TELNET,33747
33748,9100,UDP,VNC,33748
33749,443,TCP,HTTPS,33749
33750,10001,UDP,ZABBIX,33750
33751,587,TCP,PGSQL,33751
33752,443,TCP,HTTPS,33752
33753,137,TCP,HTTPS,33753
33754,5060,TCP,HTTPS,33754
33755,1433,UDP,EMS,33755
33756,5061,UDP,SNMP,33756
33757,587,UDP,IRDMI,33757
33758,3389,TCP,MSSQL,33758
33759,587,UDP,FTP,33759
33760,161,UDP,FTP,33760
33761,5061,UDP,PGSQL,33761
33762,587,TCP,SIP,33762
33763,161,UDP,UBIQUITY,33763
33764,5432,UDP,ACMSODA,33764
33765,445,TCP,IRDMI,33765
33766,3389,TCP,HPSERVICE,33766
33767,993,TCP,ISAKMP,33767
33768,587,UDP,IRDMI,33768
33769,8000,TCP,UBIQUITY,33769
33770,23,TCP,DNS,33770
33771,3128,UDP,IMAP4,33771
33772,80,UDP,HTTP,33772
33773,1344,UDP,EMS,33773
33774,21,UDP,MSSQL,33774
33775,443,TCP,HTTPS,33775
33776,1344,TCP,ISAKMP,33776
33777,993,TCP,SSH,33777
33778,3128,UDP,ICAP,33778
33779,1344,TCP,TELNET,33779
33780,1344,TCP,NETBIOS,33780
33781,5060,UDP,MDS,33781
33782,443,TCP,HTTPS,33782
33783,587,UDP,FTP,33783
33784,138,UDP,MDS,33784
33785,23,UDP,SIP,33785
33786,5900,UDP,HPSERVICE,33786
33787,137,TCP,PGSQL,33787
33788,500,TCP,FTP,33788
33789,5432,UDP,MSSQL,33789
33790,993,UDP,DAAPD,33790
33791,53,UDP,DNS,33791
33792,3689,TCP,SNMP,33792
33793,23,TCP,HPSERVICE,33793
33794,500,TCP,ISAKMP,33794
33795,6969,TCP,HTTPS,33795
33796,993,TCP,IMAP4,33796
33797,5900,UDP,SSH,33797
33798,6969,TCP,IMAP4,33798
33799,443,TCP,HTTPS,33799
33800,161,TCP,HTTPS,33800
33801,138,TCP,ACMSODA,33801
33802,443,TCP,HTTPS,33802
33803,443,TCP,HTTPS,33803
33804,53,UDP,DNS,33804
33805,443,TCP,HTTPS,33805
33806,5060,UDP,MSSQL,33806
33807,3389,UDP,IRDMI,33807
33808,3389,UDP,IRDMI,33808
33809,5222,UDP,SSH,33809
33810,445,UDP,DNS,33810
33811,5432,UDP,IMAP4,33811
33812,500,TCP,DNS,33812
33813,161,TCP,DAAPD,33813
33814,10051,TCP,ISAKMP,33814
33815,993,TCP,FTP,33815
33816,445,TCP,SSH,33816
33817,80,TCP,FTP,33817
33818,8080,UDP,PGSQL,33818
33819,443,UDP,DAAPD,33819
33820,500,UDP,ICAP,33820
33821,445,UDP,DAAPD,33821
33822,161,UDP,SSH,33822
33823,3689,TCP,TELNET,33823
33824,138,TCP,ACMSODA,33824
33825,993,TCP,RDP,33825
33826,53,UDP,DNS,33826
33827,6969,TCP,ZABBIX,33827
33828,3128,TCP,HPSERVICE,33828
33829,10051,UDP,VNC,33829
33830,443,UDP,ICAP,33830
33831,445,TCP,SSH,33831
33832,137,UDP,HTTPS,33832
33833,21,TCP,IMAP4,33833
33834,161,TCP,MSSQL,33834
33835,443,TCP,HTTPS,33835
33836,21,UDP,SIP,33836
33837,443,TCP,UBIQUITY,33837
33838,53,UDP,DNS,33838
33839,1344,TCP,TELNET,33839
33840,3689,TCP,SIP,33840
33841,138,UDP,IRDMI,33841
33842,6969,UDP,DAAPD,33842
33843,10051,UDP,VNC,33843
33844,21,TCP,IMAP4,33844
